"","entryID","name","type","link","component","reaction","map","x","y","graphicalType","width","height","fgcolor","bgcolor","freq","pathway"
"entry4425","6921","pmk:MDS_4096","gene","http://www.kegg.jp/dbget-bin/www_bget?pmk:MDS_4096",NA,"rn:R12423",NA,NA,NA,"line",NA,NA,"#FFB3CC","#FFFFFF",0,"01100"
"entry4426","6922","pmk:MDS_4096","gene","http://www.kegg.jp/dbget-bin/www_bget?pmk:MDS_4096",NA,"rn:R12424",NA,NA,NA,"line",NA,NA,"#FFB3CC","#FFFFFF",0,"01100"
"entry4427","6925","pmk:MDS_4097","gene","http://www.kegg.jp/dbget-bin/www_bget?pmk:MDS_4097",NA,"rn:R12427",NA,NA,NA,"line",NA,NA,"#FFB3CC","#FFFFFF",0,"01100"
"entry4428","6926","pmk:MDS_4097","gene","http://www.kegg.jp/dbget-bin/www_bget?pmk:MDS_4097",NA,"rn:R12428",NA,NA,NA,"line",NA,NA,"#FFB3CC","#FFFFFF",0,"01100"
"entry4429","21","pmk:MDS_0610 / pmk:MDS_1684","gene","http://www.kegg.jp/dbget-bin/www_bget?pmk:MDS_0610+pmk:MDS_1684",NA,"rn:R02768 rn:R04355",NA,NA,NA,"line",NA,NA,"#80CCCC","#FFFFFF",0,"01100"
"entry4430","22","pmk:MDS_1681","gene","http://www.kegg.jp/dbget-bin/www_bget?pmk:MDS_1681",NA,"rn:R01626",NA,NA,NA,"line",NA,NA,"#80CCCC","#FFFFFF",0,"01100"
"entry4431","23","pmk:MDS_0611 / pmk:MDS_0848 / pmk:MDS_1682 / pmk:MDS_2136 / pmk:MDS_3506 / pmk:MDS_3986 / pmk:MDS_4194","gene","http://www.kegg.jp/dbget-bin/www_bget?pmk:MDS_0611+pmk:MDS_0848+pmk:MDS_1682+pmk:MDS_2136+pmk:MDS_3506+pmk:MDS_3986+pmk:MDS_4194",NA,"rn:R02767",NA,NA,NA,"line",NA,NA,"#80CCCC","#FFFFFF",0,"01100"
"entry4432","37","pmk:MDS_2867 / pmk:MDS_2868 / pmk:MDS_2869 / pmk:MDS_2870 / pmk:MDS_2871","gene","http://www.kegg.jp/dbget-bin/www_bget?pmk:MDS_2867+pmk:MDS_2868+pmk:MDS_2869+pmk:MDS_2870+pmk:MDS_2871",NA,"rn:R09838",NA,NA,NA,"line",NA,NA,"#FFCC66","#FFFFFF",0,"01100"
"entry4433","40","pmk:MDS_2256 / pmk:MDS_2257 / pmk:MDS_2258 / pmk:MDS_2259","gene","http://www.kegg.jp/dbget-bin/www_bget?pmk:MDS_2256+pmk:MDS_2257+pmk:MDS_2258+pmk:MDS_2259",NA,NA,NA,NA,NA,"line",NA,NA,"#CC99FF","#FFFFFF",0,"01100"
"entry4434","49","pmk:MDS_1907 / pmk:MDS_3490","gene","http://www.kegg.jp/dbget-bin/www_bget?pmk:MDS_1907+pmk:MDS_3490",NA,"rn:R01394",NA,NA,NA,"line",NA,NA,"#B3B3E6","#FFFFFF",0,"01100"
"entry4435","50","pmk:MDS_1633 / pmk:MDS_2116 / pmk:MDS_2754","gene","http://www.kegg.jp/dbget-bin/www_bget?pmk:MDS_1633+pmk:MDS_2116+pmk:MDS_2754",NA,"rn:R05305",NA,NA,NA,"line",NA,NA,"#DA8E82","#FFFFFF",0,"01100"
"entry4436","54","pmk:MDS_1633 / pmk:MDS_2116 / pmk:MDS_2222 / pmk:MDS_2614 / pmk:MDS_2861 / pmk:MDS_3611","gene","http://www.kegg.jp/dbget-bin/www_bget?pmk:MDS_1633+pmk:MDS_2116+pmk:MDS_2222+pmk:MDS_2614+pmk:MDS_2861+pmk:MDS_3611",NA,"rn:R06942",NA,NA,NA,"line",NA,NA,"#DA8E82","#FFFFFF",0,"01100"
"entry4437","55","pmk:MDS_1633 / pmk:MDS_2116","gene","http://www.kegg.jp/dbget-bin/www_bget?pmk:MDS_1633+pmk:MDS_2116",NA,"rn:R06941",NA,NA,NA,"line",NA,NA,"#DA8E82","#FFFFFF",0,"01100"
"entry4438","119","pmk:MDS_2714","gene","http://www.kegg.jp/dbget-bin/www_bget?pmk:MDS_2714",NA,"rn:R00173",NA,NA,NA,"line",NA,NA,"#FFB3CC","#FFFFFF",0,"01100"
"entry4439","134","pmk:MDS_1071 / pmk:MDS_4598","gene","http://www.kegg.jp/dbget-bin/www_bget?pmk:MDS_1071+pmk:MDS_4598",NA,"rn:R00883 rn:R00885",NA,NA,NA,"line",NA,NA,"#B3B3E6","#FFFFFF",0,"01100"
"entry4440","147","pmk:MDS_2769","gene","http://www.kegg.jp/dbget-bin/www_bget?pmk:MDS_2769",NA,"rn:R09959",NA,NA,NA,"line",NA,NA,"#FFB3CC","#FFFFFF",0,"01100"
"entry4441","161","pmk:MDS_4175 / pmk:MDS_4176","gene","http://www.kegg.jp/dbget-bin/www_bget?pmk:MDS_4175+pmk:MDS_4176",NA,"rn:R01631",NA,NA,NA,"line",NA,NA,"#DA8E82","#FFFFFF",0,"01100"
"entry4442","163","pmk:MDS_1634 / pmk:MDS_2865 / pmk:MDS_3526","gene","http://www.kegg.jp/dbget-bin/www_bget?pmk:MDS_1634+pmk:MDS_2865+pmk:MDS_3526",NA,"rn:R05586",NA,NA,NA,"line",NA,NA,"#DA8E82","#FFFFFF",0,"01100"
"entry4444","195","pmk:MDS_0602 / pmk:MDS_0626 / pmk:MDS_0627 / pmk:MDS_1683","gene","http://www.kegg.jp/dbget-bin/www_bget?pmk:MDS_0602+pmk:MDS_0626+pmk:MDS_0627+pmk:MDS_1683",NA,"rn:R12049",NA,NA,NA,"line",NA,NA,"#F06292","#FFFFFF",0,"01100"
"entry4446","325","pmk:MDS_1797","gene","http://www.kegg.jp/dbget-bin/www_bget?pmk:MDS_1797",NA,"rn:R10880",NA,NA,NA,"line",NA,NA,"#F06292","#FFFFFF",0,"01100"
"entry4447","380","pmk:MDS_4601","gene","http://www.kegg.jp/dbget-bin/www_bget?pmk:MDS_4601",NA,"rn:R02328",NA,NA,NA,"line",NA,NA,"#9EE284","#FFFFFF",0,"01100"
"entry4448","381","pmk:MDS_4600","gene","http://www.kegg.jp/dbget-bin/www_bget?pmk:MDS_4600",NA,"rn:R06513",NA,NA,NA,"line",NA,NA,"#9EE284","#FFFFFF",0,"01100"
"entry4449","382","pmk:MDS_4602","gene","http://www.kegg.jp/dbget-bin/www_bget?pmk:MDS_4602",NA,"rn:R06514",NA,NA,NA,"line",NA,NA,"#9EE284","#FFFFFF",0,"01100"
"entry4450","383","pmk:MDS_4259 / pmk:MDS_4604","gene","http://www.kegg.jp/dbget-bin/www_bget?pmk:MDS_4259+pmk:MDS_4604",NA,"rn:R02777",NA,NA,NA,"line",NA,NA,"#9EE284","#FFFFFF",0,"01100"
"entry4452","568","pmk:MDS_2007","gene","http://www.kegg.jp/dbget-bin/www_bget?pmk:MDS_2007",NA,"rn:R01072",NA,NA,NA,"line",NA,NA,"#FF8080","#FFFFFF",0,"01100"
"entry4453","570","pmk:MDS_4239","gene","http://www.kegg.jp/dbget-bin/www_bget?pmk:MDS_4239",NA,"rn:R07281",NA,NA,NA,"line",NA,NA,"#FFB3CC","#FFFFFF",0,"01100"
"entry4454","601","pmk:MDS_1155 / pmk:MDS_2262","gene","http://www.kegg.jp/dbget-bin/www_bget?pmk:MDS_1155+pmk:MDS_2262",NA,"rn:R07618",NA,NA,NA,"line",NA,NA,"#FFCC66","#FFFFFF",0,"01100"
"entry4456","609","pmk:MDS_4362","gene","http://www.kegg.jp/dbget-bin/www_bget?pmk:MDS_4362",NA,"rn:R12241",NA,NA,NA,"line",NA,NA,"#80CCB3","#FFFFFF",0,"01100"
"entry4457","611","pmk:MDS_1680","gene","http://www.kegg.jp/dbget-bin/www_bget?pmk:MDS_1680",NA,"rn:R12240",NA,NA,NA,"line",NA,NA,"#80CCB3","#FFFFFF",0,"01100"
"entry4458","624","pmk:MDS_0497","gene","http://www.kegg.jp/dbget-bin/www_bget?pmk:MDS_0497",NA,"rn:R01068",NA,NA,NA,"line",NA,NA,"#CC99FF","#FFFFFF",0,"01100"
"entry4459","629","pmk:MDS_1496 / pmk:MDS_1904","gene","http://www.kegg.jp/dbget-bin/www_bget?pmk:MDS_1496+pmk:MDS_1904",NA,"rn:R08572",NA,NA,NA,"line",NA,NA,"#CC99FF","#FFFFFF",0,"01100"
"entry4460","635","pmk:MDS_0862 / pmk:MDS_0871 / pmk:MDS_1373 / pmk:MDS_1559 / pmk:MDS_4451","gene","http://www.kegg.jp/dbget-bin/www_bget?pmk:MDS_0862+pmk:MDS_0871+pmk:MDS_1373+pmk:MDS_1559+pmk:MDS_4451",NA,"rn:R00945",NA,NA,NA,"line",NA,NA,"#FFCC66","#FFFFFF",0,"01100"
"entry4461","637","pmk:MDS_0390 / pmk:MDS_1372","gene","http://www.kegg.jp/dbget-bin/www_bget?pmk:MDS_0390+pmk:MDS_1372",NA,"rn:R04125",NA,NA,NA,"line",NA,NA,"#FFCC66","#FFFFFF",0,"01100"
"entry4462","645","pmk:MDS_0096 / pmk:MDS_0480","gene","http://www.kegg.jp/dbget-bin/www_bget?pmk:MDS_0096+pmk:MDS_0480",NA,"rn:R07168",NA,NA,NA,"line",NA,NA,"#CC99FF","#FFFFFF",0,"01100"
"entry4464","650","pmk:MDS_3403","gene","http://www.kegg.jp/dbget-bin/www_bget?pmk:MDS_3403",NA,"rn:R00237",NA,NA,NA,"line",NA,NA,"#B3B3E6","#FFFFFF",0,"01100"
"entry4465","671","pmk:MDS_1021 / pmk:MDS_2046 / pmk:MDS_2979 / pmk:MDS_3522 / pmk:MDS_4261","gene","http://www.kegg.jp/dbget-bin/www_bget?pmk:MDS_1021+pmk:MDS_2046+pmk:MDS_2979+pmk:MDS_3522+pmk:MDS_4261",NA,"rn:R03522",NA,NA,NA,"line",NA,NA,"#FF9900","#FFFFFF",0,"01100"
"entry4466","672","pmk:MDS_4515","gene","http://www.kegg.jp/dbget-bin/www_bget?pmk:MDS_4515",NA,"rn:R03916",NA,NA,NA,"line",NA,NA,"#FF9900","#FFFFFF",0,"01100"
"entry4467","673","pmk:MDS_3219 / pmk:MDS_3792","gene","http://www.kegg.jp/dbget-bin/www_bget?pmk:MDS_3219+pmk:MDS_3792",NA,"rn:R04951",NA,NA,NA,"line",NA,NA,"#FF9900","#FFFFFF",0,"01100"
"entry4468","675","pmk:MDS_2420 / pmk:MDS_2989 / pmk:MDS_3100 / pmk:MDS_3944","gene","http://www.kegg.jp/dbget-bin/www_bget?pmk:MDS_2420+pmk:MDS_2989+pmk:MDS_3100+pmk:MDS_3944",NA,"rn:R00115 rn:R00120 rn:R00274 rn:R01108 rn:R01109 rn:R01110 rn:R01111 rn:R01875 rn:R02824 rn:R03167 rn:R03915 rn:R03984 rn:R04039",NA,NA,NA,"line",NA,NA,"#FF9900","#FFFFFF",0,"01100"
"entry4469","682","pmk:MDS_0911 / pmk:MDS_3206","gene","http://www.kegg.jp/dbget-bin/www_bget?pmk:MDS_0911+pmk:MDS_3206",NA,"rn:R00251",NA,NA,NA,"line",NA,NA,"#FF9900","#FFFFFF",0,"01100"
"entry4470","683","pmk:MDS_0155 / pmk:MDS_0400 / pmk:MDS_0402 / pmk:MDS_0762 / pmk:MDS_2072 / pmk:MDS_4465 / pmk:MDS_4695 / pmk:MDS_4858","gene","http://www.kegg.jp/dbget-bin/www_bget?pmk:MDS_0155+pmk:MDS_0400+pmk:MDS_0402+pmk:MDS_0762+pmk:MDS_2072+pmk:MDS_4465+pmk:MDS_4695+pmk:MDS_4858",NA,"rn:R00253 rn:R00256",NA,NA,NA,"line",NA,NA,"#FFCC66","#FFFFFF",0,"01100"
"entry4471","687","pmk:MDS_0286","gene","http://www.kegg.jp/dbget-bin/www_bget?pmk:MDS_0286",NA,"rn:R02274",NA,NA,NA,"line",NA,NA,"#FFCC66","#FFFFFF",0,"01100"
"entry4472","700","pmk:MDS_3536","gene","http://www.kegg.jp/dbget-bin/www_bget?pmk:MDS_3536",NA,"rn:R03625 rn:R10040",NA,NA,NA,"line",NA,NA,"#FF9900","#FFFFFF",0,"01100"
"entry4474","707","pmk:MDS_3536","gene","http://www.kegg.jp/dbget-bin/www_bget?pmk:MDS_3536",NA,"rn:R04296 rn:R10035",NA,NA,NA,"line",NA,NA,"#FF9900","#FFFFFF",0,"01100"
"entry4475","714","pmk:MDS_3536","gene","http://www.kegg.jp/dbget-bin/www_bget?pmk:MDS_3536",NA,"rn:R02558 rn:R10638",NA,NA,NA,"line",NA,NA,"#FF9900","#FFFFFF",0,"01100"
"entry4476","715","pmk:MDS_3536","gene","http://www.kegg.jp/dbget-bin/www_bget?pmk:MDS_3536",NA,"rn:R02985",NA,NA,NA,"line",NA,NA,"#FF9900","#FFFFFF",0,"01100"
"entry4477","716","pmk:MDS_1460","gene","http://www.kegg.jp/dbget-bin/www_bget?pmk:MDS_1460",NA,"rn:R04773",NA,NA,NA,"line",NA,NA,"#FF9900","#FFFFFF",0,"01100"
"entry4478","718","pmk:MDS_0828","gene","http://www.kegg.jp/dbget-bin/www_bget?pmk:MDS_0828",NA,"rn:R08219 rn:R08224",NA,NA,NA,"line",NA,NA,"#FF9900","#FFFFFF",0,"01100"
"entry4479","721","pmk:MDS_2560 / pmk:MDS_3162","gene","http://www.kegg.jp/dbget-bin/www_bget?pmk:MDS_2560+pmk:MDS_3162",NA,"rn:R09365",NA,NA,NA,"line",NA,NA,"#FF9900","#FFFFFF",0,"01100"
"entry4480","732","pmk:MDS_1771 / pmk:MDS_1772 / pmk:MDS_1773 / pmk:MDS_1776","gene","http://www.kegg.jp/dbget-bin/www_bget?pmk:MDS_1771+pmk:MDS_1772+pmk:MDS_1773+pmk:MDS_1776",NA,"rn:R10185",NA,NA,NA,"line",NA,NA,"#FF9900","#FFFFFF",0,"01100"
"entry4481","733","pmk:MDS_1777","gene","http://www.kegg.jp/dbget-bin/www_bget?pmk:MDS_1777",NA,"rn:R10186",NA,NA,NA,"line",NA,NA,"#FF9900","#FFFFFF",0,"01100"
"entry4482","734","pmk:MDS_1774","gene","http://www.kegg.jp/dbget-bin/www_bget?pmk:MDS_1774",NA,"rn:R10204",NA,NA,NA,"line",NA,NA,"#FF9900","#FFFFFF",0,"01100"
"entry4483","735","pmk:MDS_1779","gene","http://www.kegg.jp/dbget-bin/www_bget?pmk:MDS_1779",NA,"rn:R10205",NA,NA,NA,"line",NA,NA,"#FF9900","#FFFFFF",0,"01100"
"entry4484","752","pmk:MDS_1956","gene","http://www.kegg.jp/dbget-bin/www_bget?pmk:MDS_1956",NA,"rn:R00691",NA,NA,NA,"line",NA,NA,"#FFCC66","#FFFFFF",0,"01100"
"entry4485","753","pmk:MDS_3411","gene","http://www.kegg.jp/dbget-bin/www_bget?pmk:MDS_3411",NA,"rn:R01795",NA,NA,NA,"line",NA,NA,"#FFCC66","#FFFFFF",0,"01100"
"entry4486","762","pmk:MDS_4709","gene","http://www.kegg.jp/dbget-bin/www_bget?pmk:MDS_4709",NA,"rn:R08639",NA,NA,NA,"line",NA,NA,"#B3B3E6","#FFFFFF",0,"01100"
"entry4487","763","pmk:MDS_3377","gene","http://www.kegg.jp/dbget-bin/www_bget?pmk:MDS_3377",NA,"rn:R00299 rn:R00303",NA,NA,NA,"line",NA,NA,"#B3B3E6","#FFFFFF",0,"01100"
"entry4488","782","pmk:MDS_3780","gene","http://www.kegg.jp/dbget-bin/www_bget?pmk:MDS_3780",NA,"rn:R01187 rn:R07279",NA,NA,NA,"line",NA,NA,"#B3B3E6","#FFFFFF",0,"01100"
"entry4489","792","pmk:MDS_3780","gene","http://www.kegg.jp/dbget-bin/www_bget?pmk:MDS_3780",NA,"rn:R01185",NA,NA,NA,"line",NA,NA,"#B3B3E6","#FFFFFF",0,"01100"
"entry4490","793","pmk:MDS_3780","gene","http://www.kegg.jp/dbget-bin/www_bget?pmk:MDS_3780",NA,"rn:R01186",NA,NA,NA,"line",NA,NA,"#B3B3E6","#FFFFFF",0,"01100"
"entry4491","799","pmk:MDS_2460 / pmk:MDS_4266","gene","http://www.kegg.jp/dbget-bin/www_bget?pmk:MDS_2460+pmk:MDS_4266",NA,"rn:R02670",NA,NA,NA,"line",NA,NA,"#FFCC66","#FFFFFF",0,"01100"
"entry4492","808","pmk:MDS_4079 / pmk:MDS_4179 / pmk:MDS_4857","gene","http://www.kegg.jp/dbget-bin/www_bget?pmk:MDS_4079+pmk:MDS_4179+pmk:MDS_4857",NA,"rn:R02272",NA,NA,NA,"line",NA,NA,"#FFB3CC","#FFFFFF",0,"01100"
"entry4493","830","pmk:MDS_0416 / pmk:MDS_2864 / pmk:MDS_2866","gene","http://www.kegg.jp/dbget-bin/www_bget?pmk:MDS_0416+pmk:MDS_2864+pmk:MDS_2866",NA,"rn:R02539 rn:R09840",NA,NA,NA,"line",NA,NA,"#FFCC66","#FFFFFF",0,"01100"
"entry4494","832","pmk:MDS_0863 / pmk:MDS_1327","gene","http://www.kegg.jp/dbget-bin/www_bget?pmk:MDS_0863+pmk:MDS_1327",NA,"rn:R06782",NA,NA,NA,"line",NA,NA,"#FFCC66","#FFFFFF",0,"01100"
"entry4495","845","pmk:MDS_0300 / pmk:MDS_4793","gene","http://www.kegg.jp/dbget-bin/www_bget?pmk:MDS_0300+pmk:MDS_4793",NA,"rn:R01374 rn:R01582",NA,NA,NA,"line",NA,NA,"#FFCC66","#FFFFFF",0,"01100"
"entry4496","848","pmk:MDS_2862","gene","http://www.kegg.jp/dbget-bin/www_bget?pmk:MDS_2862",NA,"rn:R09839",NA,NA,NA,"line",NA,NA,"#FFCC66","#FFFFFF",0,"01100"
"entry4497","849","pmk:MDS_2874","gene","http://www.kegg.jp/dbget-bin/www_bget?pmk:MDS_2874",NA,"rn:R09820",NA,NA,NA,"line",NA,NA,"#FFCC66","#FFFFFF",0,"01100"
"entry4498","850","pmk:MDS_2874","gene","http://www.kegg.jp/dbget-bin/www_bget?pmk:MDS_2874",NA,"rn:R09836",NA,NA,NA,"line",NA,NA,"#FFCC66","#FFFFFF",0,"01100"
"entry4499","851","pmk:MDS_2862","gene","http://www.kegg.jp/dbget-bin/www_bget?pmk:MDS_2862",NA,"rn:R09837",NA,NA,NA,"line",NA,NA,"#FFCC66","#FFFFFF",0,"01100"
"entry4500","855","pmk:MDS_1729 / pmk:MDS_4200","gene","http://www.kegg.jp/dbget-bin/www_bget?pmk:MDS_1729+pmk:MDS_4200",NA,"rn:R02540",NA,NA,NA,"line",NA,NA,"#FFCC66","#FFFFFF",0,"01100"
"entry4501","856","pmk:MDS_4266","gene","http://www.kegg.jp/dbget-bin/www_bget?pmk:MDS_4266",NA,"rn:R00698 rn:R00690",NA,NA,NA,"line",NA,NA,"#FFCC66","#FFFFFF",0,"01100"
"entry4502","867","pmk:MDS_0831","gene","http://www.kegg.jp/dbget-bin/www_bget?pmk:MDS_0831",NA,"rn:R01647",NA,NA,NA,"line",NA,NA,"#FFCC66","#FFFFFF",0,"01100"
"entry4503","873","pmk:MDS_1370","gene","http://www.kegg.jp/dbget-bin/www_bget?pmk:MDS_1370",NA,"rn:R04379",NA,NA,NA,"line",NA,NA,"#FFCC66","#FFFFFF",0,"01100"
"entry4505","903","pmk:MDS_3853","gene","http://www.kegg.jp/dbget-bin/www_bget?pmk:MDS_3853",NA,"rn:R09082",NA,NA,NA,"line",NA,NA,"#FFCC66","#FFFFFF",0,"01100"
"entry4506","906","pmk:MDS_0551","gene","http://www.kegg.jp/dbget-bin/www_bget?pmk:MDS_0551",NA,"rn:R00135",NA,NA,NA,"line",NA,NA,"#FFCC66","#FFFFFF",0,"01100"
"entry4507","908","pmk:MDS_0672 / pmk:MDS_0985 / pmk:MDS_1162 / pmk:MDS_2067 / pmk:MDS_2330 / pmk:MDS_3250 / pmk:MDS_3406","gene","http://www.kegg.jp/dbget-bin/www_bget?pmk:MDS_0672+pmk:MDS_0985+pmk:MDS_1162+pmk:MDS_2067+pmk:MDS_2330+pmk:MDS_3250+pmk:MDS_3406",NA,"rn:R05051",NA,NA,NA,"line",NA,NA,"#FFCC66","#FFFFFF",0,"01100"
"entry4508","910","pmk:MDS_3057","gene","http://www.kegg.jp/dbget-bin/www_bget?pmk:MDS_3057",NA,"rn:R01989 rn:R01990",NA,NA,NA,"line",NA,NA,"#FFCC66","#FFFFFF",0,"01100"
"entry4509","916","pmk:MDS_1521","gene","http://www.kegg.jp/dbget-bin/www_bget?pmk:MDS_1521",NA,"rn:R00481 rn:R07407 rn:R07410",NA,NA,NA,"line",NA,NA,"#FFB3CC","#FFFFFF",0,"01100"
"entry4510","917","pmk:MDS_1316","gene","http://www.kegg.jp/dbget-bin/www_bget?pmk:MDS_1316",NA,"rn:R04292",NA,NA,NA,"line",NA,NA,"#FFB3CC","#FFFFFF",0,"01100"
"entry4511","926","pmk:MDS_1162","gene","http://www.kegg.jp/dbget-bin/www_bget?pmk:MDS_1162",NA,"rn:R00245",NA,NA,NA,"line",NA,NA,"#FFCC66","#FFFFFF",0,"01100"
"entry4512","930","pmk:MDS_1729 / pmk:MDS_4200","gene","http://www.kegg.jp/dbget-bin/www_bget?pmk:MDS_1729+pmk:MDS_4200",NA,"rn:R03180",NA,NA,NA,"line",NA,NA,"#FFCC66","#FFFFFF",0,"01100"
"entry4513","944","pmk:MDS_0285 / pmk:MDS_4334","gene","http://www.kegg.jp/dbget-bin/www_bget?pmk:MDS_0285+pmk:MDS_4334",NA,"rn:R02401",NA,NA,NA,"line",NA,NA,"#FFCC66","#FFFFFF",0,"01100"
"entry4514","964","pmk:MDS_1005","gene","http://www.kegg.jp/dbget-bin/www_bget?pmk:MDS_1005",NA,"rn:R02788",NA,NA,NA,"line",NA,NA,"#FFCC66","#FFFFFF",0,"01100"
"entry4515","965","pmk:MDS_1006","gene","http://www.kegg.jp/dbget-bin/www_bget?pmk:MDS_1006",NA,"rn:R04617",NA,NA,NA,"line",NA,NA,"#FFCC66","#FFFFFF",0,"01100"
"entry4516","970","pmk:MDS_4001","gene","http://www.kegg.jp/dbget-bin/www_bget?pmk:MDS_4001",NA,"rn:R04187 rn:R04188",NA,NA,NA,"line",NA,NA,"#FFCC66","#FFFFFF",0,"01100"
"entry4517","972","pmk:MDS_1633 / pmk:MDS_2116 / pmk:MDS_2222 / pmk:MDS_2614 / pmk:MDS_2861 / pmk:MDS_3611","gene","http://www.kegg.jp/dbget-bin/www_bget?pmk:MDS_1633+pmk:MDS_2116+pmk:MDS_2222+pmk:MDS_2614+pmk:MDS_2861+pmk:MDS_3611",NA,"rn:R04137",NA,NA,NA,"line",NA,NA,"#FFCC66","#FFFFFF",0,"01100"
"entry4518","974","pmk:MDS_3227","gene","http://www.kegg.jp/dbget-bin/www_bget?pmk:MDS_3227",NA,"rn:R00997",NA,NA,NA,"line",NA,NA,"#FFCC66","#FFFFFF",0,"01100"
"entry4519","977","pmk:MDS_0456","gene","http://www.kegg.jp/dbget-bin/www_bget?pmk:MDS_0456",NA,"rn:R00484 rn:R01397",NA,NA,NA,"line",NA,NA,"#FF8080","#FFFFFF",0,"01100"
"entry4520","978","pmk:MDS_3897","gene","http://www.kegg.jp/dbget-bin/www_bget?pmk:MDS_3897",NA,"rn:R02473 rn:R02474",NA,NA,NA,"line",NA,NA,"#FFB3CC","#FFFFFF",0,"01100"
"entry4521","982","pmk:MDS_1052","gene","http://www.kegg.jp/dbget-bin/www_bget?pmk:MDS_1052",NA,"rn:R07463",NA,NA,NA,"line",NA,NA,"#FFB3CC","#FFFFFF",0,"01100"
"entry4522","983","pmk:MDS_2891","gene","http://www.kegg.jp/dbget-bin/www_bget?pmk:MDS_2891",NA,"rn:R00830",NA,NA,NA,"line",NA,NA,"#FFB3CC","#FFFFFF",0,"01100"
"entry4523","984","pmk:MDS_4001","gene","http://www.kegg.jp/dbget-bin/www_bget?pmk:MDS_4001",NA,"rn:R00907 rn:R00908",NA,NA,NA,"line",NA,NA,"#FF8080","#FFFFFF",0,"01100"
"entry4524","990","pmk:MDS_4878","gene","http://www.kegg.jp/dbget-bin/www_bget?pmk:MDS_4878",NA,"rn:R00590",NA,NA,NA,"line",NA,NA,"#FFCC66","#FFFFFF",0,"01100"
"entry4525","999","pmk:MDS_3064","gene","http://www.kegg.jp/dbget-bin/www_bget?pmk:MDS_3064",NA,"rn:R07274",NA,NA,NA,"line",NA,NA,"#FFCC66","#FFFFFF",0,"01100"
"entry4526","1009","pmk:MDS_0461","gene","http://www.kegg.jp/dbget-bin/www_bget?pmk:MDS_0461",NA,"rn:R00497",NA,NA,NA,"line",NA,NA,"#FF9900","#FFFFFF",0,"01100"
"entry4527","1011","pmk:MDS_3219 / pmk:MDS_3792","gene","http://www.kegg.jp/dbget-bin/www_bget?pmk:MDS_3219+pmk:MDS_3792",NA,"rn:R00899",NA,NA,NA,"line",NA,NA,"#FF9900","#FFFFFF",0,"01100"
"entry4528","1015","pmk:MDS_0067","gene","http://www.kegg.jp/dbget-bin/www_bget?pmk:MDS_0067",NA,"rn:R09805",NA,NA,NA,"line",NA,NA,"#FFCC66","#FFFFFF",0,"01100"
"entry4529","1017","pmk:MDS_3558","gene","http://www.kegg.jp/dbget-bin/www_bget?pmk:MDS_3558",NA,"rn:R00221",NA,NA,NA,"line",NA,NA,"#FFCC66","#FFFFFF",0,"01100"
"entry4530","1019","pmk:MDS_3759","gene","http://www.kegg.jp/dbget-bin/www_bget?pmk:MDS_3759",NA,"rn:R00269",NA,NA,NA,"line",NA,NA,"#FFCC66","#FFFFFF",0,"01100"
"entry4531","1022","pmk:MDS_3759","gene","http://www.kegg.jp/dbget-bin/www_bget?pmk:MDS_3759",NA,"rn:R00348",NA,NA,NA,"line",NA,NA,"#FFCC66","#FFFFFF",0,"01100"
"entry4532","1025","pmk:MDS_1985","gene","http://www.kegg.jp/dbget-bin/www_bget?pmk:MDS_1985",NA,"rn:R05578",NA,NA,NA,"line",NA,NA,"#FFB3CC","#FFFFFF",0,"01100"
"entry4533","1026","pmk:MDS_0092 / pmk:MDS_0093","gene","http://www.kegg.jp/dbget-bin/www_bget?pmk:MDS_0092+pmk:MDS_0093",NA,"rn:R02722",NA,NA,NA,"line",NA,NA,"#FFCC66","#FFFFFF",0,"01100"
"entry4534","1028","pmk:MDS_0651","gene","http://www.kegg.jp/dbget-bin/www_bget?pmk:MDS_0651",NA,"rn:R10991 rn:R10992",NA,NA,NA,"line",NA,NA,"#FFCC66","#FFFFFF",0,"01100"
"entry4535","1029","pmk:MDS_0341","gene","http://www.kegg.jp/dbget-bin/www_bget?pmk:MDS_0341",NA,"rn:R03165",NA,NA,NA,"line",NA,NA,"#FFB3CC","#FFFFFF",0,"01100"
"entry4536","1037","pmk:MDS_1548","gene","http://www.kegg.jp/dbget-bin/www_bget?pmk:MDS_1548",NA,"rn:R01411",NA,NA,NA,"line",NA,NA,"#FF8080","#FFFFFF",0,"01100"
"entry4537","1049","pmk:MDS_3431 / pmk:MDS_3432","gene","http://www.kegg.jp/dbget-bin/www_bget?pmk:MDS_3431+pmk:MDS_3432",NA,"rn:R02018",NA,NA,NA,"line",NA,NA,"#FF8080","#FFFFFF",0,"01100"
"entry4538","1060","pmk:MDS_3125","gene","http://www.kegg.jp/dbget-bin/www_bget?pmk:MDS_3125",NA,"rn:R00515",NA,NA,NA,"line",NA,NA,"#FF8080","#FFFFFF",0,"01100"
"entry4539","1061","pmk:MDS_0477","gene","http://www.kegg.jp/dbget-bin/www_bget?pmk:MDS_0477",NA,"rn:R00510",NA,NA,NA,"line",NA,NA,"#FF8080","#FFFFFF",0,"01100"
"entry4540","1062","pmk:MDS_3125","gene","http://www.kegg.jp/dbget-bin/www_bget?pmk:MDS_3125",NA,"rn:R11323",NA,NA,NA,"line",NA,NA,"#FF8080","#FFFFFF",0,"01100"
"entry4541","1064","pmk:MDS_1089 / pmk:MDS_2657 / pmk:MDS_3301","gene","http://www.kegg.jp/dbget-bin/www_bget?pmk:MDS_1089+pmk:MDS_2657+pmk:MDS_3301",NA,"rn:R01664 rn:R01666",NA,NA,NA,"line",NA,NA,"#FF8080","#FFFFFF",0,"01100"
"entry4542","1065","pmk:MDS_0451 / pmk:MDS_1089 / pmk:MDS_2657 / pmk:MDS_3301","gene","http://www.kegg.jp/dbget-bin/www_bget?pmk:MDS_0451+pmk:MDS_1089+pmk:MDS_2657+pmk:MDS_3301",NA,"rn:R02102 rn:R02099",NA,NA,NA,"line",NA,NA,"#FF8080","#FFFFFF",0,"01100"
"entry4543","1069","pmk:MDS_4713","gene","http://www.kegg.jp/dbget-bin/www_bget?pmk:MDS_4713",NA,"rn:R01870",NA,NA,NA,"line",NA,NA,"#FF8080","#FFFFFF",0,"01100"
"entry4544","1071","pmk:MDS_1687","gene","http://www.kegg.jp/dbget-bin/www_bget?pmk:MDS_1687",NA,"rn:R02092 rn:R02094",NA,NA,NA,"line",NA,NA,"#FF8080","#FFFFFF",0,"01100"
"entry4545","1078","pmk:MDS_4353","gene","http://www.kegg.jp/dbget-bin/www_bget?pmk:MDS_4353",NA,"rn:R00125 rn:R00126",NA,NA,NA,"line",NA,NA,"#FF8080","#FFFFFF",0,"01100"
"entry4546","1080","pmk:MDS_0679","gene","http://www.kegg.jp/dbget-bin/www_bget?pmk:MDS_0679",NA,"rn:R00191",NA,NA,NA,"line",NA,NA,"#FF8080","#FFFFFF",0,"01100"
"entry4547","1081","pmk:MDS_0329 / pmk:MDS_3028","gene","http://www.kegg.jp/dbget-bin/www_bget?pmk:MDS_0329+pmk:MDS_3028",NA,"rn:R00089",NA,NA,NA,"line",NA,NA,"#FF8080","#FFFFFF",0,"01100"
"entry4548","1083","pmk:MDS_3125","gene","http://www.kegg.jp/dbget-bin/www_bget?pmk:MDS_3125",NA,"rn:R00087",NA,NA,NA,"line",NA,NA,"#FF8080","#FFFFFF",0,"01100"
"entry4549","1085","pmk:MDS_4484","gene","http://www.kegg.jp/dbget-bin/www_bget?pmk:MDS_4484",NA,"rn:R02720",NA,NA,NA,"line",NA,NA,"#FF8080","#FFFFFF",0,"01100"
"entry4550","1086","pmk:MDS_3769","gene","http://www.kegg.jp/dbget-bin/www_bget?pmk:MDS_3769",NA,"rn:R00719 rn:R00722",NA,NA,NA,"line",NA,NA,"#FF8080","#FFFFFF",0,"01100"
"entry4551","1092","pmk:MDS_1693 / pmk:MDS_1912","gene","http://www.kegg.jp/dbget-bin/www_bget?pmk:MDS_1693+pmk:MDS_1912",NA,"rn:R09394",NA,NA,NA,"line",NA,NA,"#FF8080","#FFFFFF",0,"01100"
"entry4552","1093","pmk:MDS_4721","gene","http://www.kegg.jp/dbget-bin/www_bget?pmk:MDS_4721",NA,"rn:R00336",NA,NA,NA,"line",NA,NA,"#FF8080","#FFFFFF",0,"01100"
"entry4553","1095","pmk:MDS_0329 / pmk:MDS_3028","gene","http://www.kegg.jp/dbget-bin/www_bget?pmk:MDS_0329+pmk:MDS_3028",NA,"rn:R00434",NA,NA,NA,"line",NA,NA,"#FF8080","#FFFFFF",0,"01100"
"entry4554","1096","pmk:MDS_3126 / pmk:MDS_4721","gene","http://www.kegg.jp/dbget-bin/www_bget?pmk:MDS_3126+pmk:MDS_4721",NA,"rn:R00429",NA,NA,NA,"line",NA,NA,"#FF8080","#FFFFFF",0,"01100"
"entry4555","1098","pmk:MDS_3282","gene","http://www.kegg.jp/dbget-bin/www_bget?pmk:MDS_3282",NA,"rn:R01856",NA,NA,NA,"line",NA,NA,"#FF8080","#FFFFFF",0,"01100"
"entry4556","1107","pmk:MDS_1926 / pmk:MDS_1927","gene","http://www.kegg.jp/dbget-bin/www_bget?pmk:MDS_1926+pmk:MDS_1927",NA,"rn:R02103 rn:R02107",NA,NA,NA,"line",NA,NA,"#FF8080","#FFFFFF",0,"01100"
"entry4557","1114","pmk:MDS_1354","gene","http://www.kegg.jp/dbget-bin/www_bget?pmk:MDS_1354",NA,"rn:R05554",NA,NA,NA,"line",NA,NA,"#FF8080","#FFFFFF",0,"01100"
"entry4558","1116","pmk:MDS_1903 / pmk:MDS_3552 / pmk:MDS_3769","gene","http://www.kegg.jp/dbget-bin/www_bget?pmk:MDS_1903+pmk:MDS_3552+pmk:MDS_3769",NA,"rn:R01857 rn:R01858",NA,NA,NA,"line",NA,NA,"#FF8080","#FFFFFF",0,"01100"
"entry4559","1117","pmk:MDS_1903 / pmk:MDS_3552 / pmk:MDS_3769","gene","http://www.kegg.jp/dbget-bin/www_bget?pmk:MDS_1903+pmk:MDS_3552+pmk:MDS_3769",NA,"rn:R00330 rn:R00335 rn:R00430",NA,NA,NA,"line",NA,NA,"#FF8080","#FFFFFF",0,"01100"
"entry4560","1118","pmk:MDS_4719","gene","http://www.kegg.jp/dbget-bin/www_bget?pmk:MDS_4719",NA,"rn:R00332 rn:R00328",NA,NA,NA,"line",NA,NA,"#FF8080","#FFFFFF",0,"01100"
"entry4561","1120","pmk:MDS_1924","gene","http://www.kegg.jp/dbget-bin/www_bget?pmk:MDS_1924",NA,"rn:R01676",NA,NA,NA,"line",NA,NA,"#FF8080","#FFFFFF",0,"01100"
"entry4562","1121","pmk:MDS_3747","gene","http://www.kegg.jp/dbget-bin/www_bget?pmk:MDS_3747",NA,"rn:R01230 rn:R01231",NA,NA,NA,"line",NA,NA,"#FF8080","#FFFFFF",0,"01100"
"entry4563","1122","pmk:MDS_0307 / pmk:MDS_1035 / pmk:MDS_2090","gene","http://www.kegg.jp/dbget-bin/www_bget?pmk:MDS_0307+pmk:MDS_1035+pmk:MDS_2090",NA,"rn:R01229",NA,NA,NA,"line",NA,NA,"#FF8080","#FFFFFF",0,"01100"
"entry4564","1123","pmk:MDS_3748","gene","http://www.kegg.jp/dbget-bin/www_bget?pmk:MDS_3748",NA,"rn:R01130",NA,NA,NA,"line",NA,NA,"#FF8080","#FFFFFF",0,"01100"
"entry4565","1124","pmk:MDS_1926 / pmk:MDS_1927","gene","http://www.kegg.jp/dbget-bin/www_bget?pmk:MDS_1926+pmk:MDS_1927",NA,"rn:R01768 rn:R01769",NA,NA,NA,"line",NA,NA,"#FF8080","#FFFFFF",0,"01100"
"entry4566","1125","pmk:MDS_0793","gene","http://www.kegg.jp/dbget-bin/www_bget?pmk:MDS_0793",NA,"rn:R01127",NA,NA,NA,"line",NA,NA,"#FF8080","#FFFFFF",0,"01100"
"entry4567","1126","pmk:MDS_4019","gene","http://www.kegg.jp/dbget-bin/www_bget?pmk:MDS_4019",NA,"rn:R01244",NA,NA,NA,"line",NA,NA,"#FF8080","#FFFFFF",0,"01100"
"entry4568","1127","pmk:MDS_1903 / pmk:MDS_3552 / pmk:MDS_3769","gene","http://www.kegg.jp/dbget-bin/www_bget?pmk:MDS_1903+pmk:MDS_3552+pmk:MDS_3769",NA,"rn:R00086 rn:R00124 rn:R00200",NA,NA,NA,"line",NA,NA,"#FF8080","#FFFFFF",0,"01100"
"entry4569","1128","pmk:MDS_1903 / pmk:MDS_3552 / pmk:MDS_3769","gene","http://www.kegg.jp/dbget-bin/www_bget?pmk:MDS_1903+pmk:MDS_3552+pmk:MDS_3769",NA,"rn:R01137 rn:R01138",NA,NA,NA,"line",NA,NA,"#FF8080","#FFFFFF",0,"01100"
"entry4570","1129","pmk:MDS_0451 / pmk:MDS_1089 / pmk:MDS_2657 / pmk:MDS_3301","gene","http://www.kegg.jp/dbget-bin/www_bget?pmk:MDS_0451+pmk:MDS_1089+pmk:MDS_2657+pmk:MDS_3301",NA,"rn:R02088 rn:R02089",NA,NA,NA,"line",NA,NA,"#FF8080","#FFFFFF",0,"01100"
"entry4571","1131","pmk:MDS_2090","gene","http://www.kegg.jp/dbget-bin/www_bget?pmk:MDS_2090",NA,"rn:R04378",NA,NA,NA,"line",NA,NA,"#FF8080","#FFFFFF",0,"01100"
"entry4572","1132","pmk:MDS_2367","gene","http://www.kegg.jp/dbget-bin/www_bget?pmk:MDS_2367",NA,"rn:R04559",NA,NA,NA,"line",NA,NA,"#FF8080","#FFFFFF",0,"01100"
"entry4573","1133","pmk:MDS_3190","gene","http://www.kegg.jp/dbget-bin/www_bget?pmk:MDS_3190",NA,"rn:R04591",NA,NA,NA,"line",NA,NA,"#FF8080","#FFFFFF",0,"01100"
"entry4574","1135","pmk:MDS_0682","gene","http://www.kegg.jp/dbget-bin/www_bget?pmk:MDS_0682",NA,"rn:R03472",NA,NA,NA,"line",NA,NA,"#FFB3CC","#FFFFFF",0,"01100"
"entry4575","1138","pmk:MDS_0452 / pmk:MDS_0681","gene","http://www.kegg.jp/dbget-bin/www_bget?pmk:MDS_0452+pmk:MDS_0681",NA,"rn:R01054",NA,NA,NA,"line",NA,NA,"#FF8080","#FFFFFF",0,"01100"
"entry4576","1140","pmk:MDS_4633 / pmk:MDS_4635","gene","http://www.kegg.jp/dbget-bin/www_bget?pmk:MDS_4633+pmk:MDS_4635",NA,"rn:R09513 rn:R10206",NA,NA,NA,"line",NA,NA,"#CC99FF","#FFFFFF",0,"01100"
"entry4577","1154","pmk:MDS_0696 / pmk:MDS_3093 / pmk:MDS_4354","gene","http://www.kegg.jp/dbget-bin/www_bget?pmk:MDS_0696+pmk:MDS_3093+pmk:MDS_4354",NA,"rn:R01931",NA,NA,NA,"line",NA,NA,"#CC99FF","#FFFFFF",0,"01100"
"entry4578","1158","pmk:MDS_3994 / pmk:MDS_4821","gene","http://www.kegg.jp/dbget-bin/www_bget?pmk:MDS_3994+pmk:MDS_4821",NA,"rn:R10092",NA,NA,NA,"line",NA,NA,"#CC99FF","#FFFFFF",0,"01100"
"entry4579","1159","pmk:MDS_0362 / pmk:MDS_1918","gene","http://www.kegg.jp/dbget-bin/www_bget?pmk:MDS_0362+pmk:MDS_1918",NA,"rn:R00776",NA,NA,NA,"line",NA,NA,"#FFCC66","#FFFFFF",0,"01100"
"entry4580","1168","pmk:MDS_0997 / pmk:MDS_1264","gene","http://www.kegg.jp/dbget-bin/www_bget?pmk:MDS_0997+pmk:MDS_1264",NA,"rn:R05645",NA,NA,NA,"line",NA,NA,"#99CCFF","#FFFFFF",0,"01100"
"entry4581","1200","pmk:MDS_2876 / pmk:MDS_2877 / pmk:MDS_4213 / pmk:MDS_4216","gene","http://www.kegg.jp/dbget-bin/www_bget?pmk:MDS_2876+pmk:MDS_2877+pmk:MDS_4213+pmk:MDS_4216",NA,"rn:R00606",NA,NA,NA,"line",NA,NA,"#CC99FF","#FFFFFF",0,"01100"
"entry4582","1209","pmk:MDS_2843 / pmk:MDS_3305","gene","http://www.kegg.jp/dbget-bin/www_bget?pmk:MDS_2843+pmk:MDS_3305",NA,"rn:R06983",NA,NA,NA,"line",NA,NA,"#CC99FF","#FFFFFF",0,"01100"
"entry4583","1210","pmk:MDS_3304","gene","http://www.kegg.jp/dbget-bin/www_bget?pmk:MDS_3304",NA,"rn:R00527",NA,NA,NA,"line",NA,NA,"#CC99FF","#FFFFFF",0,"01100"
"entry4584","1212","pmk:MDS_0862 / pmk:MDS_0871 / pmk:MDS_1373 / pmk:MDS_1559 / pmk:MDS_4451","gene","http://www.kegg.jp/dbget-bin/www_bget?pmk:MDS_0862+pmk:MDS_0871+pmk:MDS_1373+pmk:MDS_1559+pmk:MDS_4451",NA,"rn:R09099",NA,NA,NA,"line",NA,NA,"#CC99FF","#FFFFFF",0,"01100"
"entry4585","1213","pmk:MDS_0789","gene","http://www.kegg.jp/dbget-bin/www_bget?pmk:MDS_0789",NA,"rn:R00005",NA,NA,NA,"line",NA,NA,"#DA8E82","#FFFFFF",0,"01100"
"entry4586","1222","pmk:MDS_4709","gene","http://www.kegg.jp/dbget-bin/www_bget?pmk:MDS_4709",NA,"rn:R01057",NA,NA,NA,"line",NA,NA,"#6C63F6","#FFFFFF",0,"01100"
"entry4587","1224","pmk:MDS_1778","gene","http://www.kegg.jp/dbget-bin/www_bget?pmk:MDS_1778",NA,"rn:R06836",NA,NA,NA,"line",NA,NA,"#6C63F6","#FFFFFF",0,"01100"
"entry4588","1227","pmk:MDS_3407","gene","http://www.kegg.jp/dbget-bin/www_bget?pmk:MDS_3407",NA,"rn:R02491",NA,NA,NA,"line",NA,NA,"#B3B3E6","#FFFFFF",0,"01100"
"entry4589","1228","pmk:MDS_2263 / pmk:MDS_2264 / pmk:MDS_3404","gene","http://www.kegg.jp/dbget-bin/www_bget?pmk:MDS_2263+pmk:MDS_2264+pmk:MDS_3404",NA,"rn:R02404 rn:R02407",NA,NA,NA,"line",NA,NA,"#B3B3E6","#FFFFFF",0,"01100"
"entry4590","1245","pmk:MDS_0274","gene","http://www.kegg.jp/dbget-bin/www_bget?pmk:MDS_0274",NA,"rn:R00264 rn:R11768",NA,NA,NA,"line",NA,NA,"#B3B3E6","#FFFFFF",0,"01100"
"entry4591","1248","pmk:MDS_0566 / pmk:MDS_0568","gene","http://www.kegg.jp/dbget-bin/www_bget?pmk:MDS_0566+pmk:MDS_0568",NA,"rn:R04254",NA,NA,NA,"line",NA,NA,"#B3B3E6","#FFFFFF",0,"01100"
"entry4592","1251","pmk:MDS_1633 / pmk:MDS_2116","gene","http://www.kegg.jp/dbget-bin/www_bget?pmk:MDS_1633+pmk:MDS_2116",NA,"rn:R03276",NA,NA,NA,"line",NA,NA,"#B3B3E6","#FFFFFF",0,"01100"
"entry4593","1253","pmk:MDS_4161 / pmk:MDS_4162","gene","http://www.kegg.jp/dbget-bin/www_bget?pmk:MDS_4161+pmk:MDS_4162",NA,"rn:R04000",NA,NA,NA,"line",NA,NA,"#B3B3E6","#FFFFFF",0,"01100"
"entry4594","1259","pmk:MDS_1191 / pmk:MDS_1192 / pmk:MDS_2693","gene","http://www.kegg.jp/dbget-bin/www_bget?pmk:MDS_1191+pmk:MDS_1192+pmk:MDS_2693",NA,"rn:R00410 rn:R01357 rn:R01358 rn:R01359",NA,NA,NA,"line",NA,NA,"#B3B3E6","#FFFFFF",0,"01100"
"entry4595","1261","pmk:MDS_1340","gene","http://www.kegg.jp/dbget-bin/www_bget?pmk:MDS_1340",NA,"rn:R01016",NA,NA,NA,"line",NA,NA,"#B3B3E6","#FFFFFF",0,"01100"
"entry4596","1270","pmk:MDS_2638","gene","http://www.kegg.jp/dbget-bin/www_bget?pmk:MDS_2638",NA,"rn:R11263",NA,NA,NA,"line",NA,NA,"#B3B3E6","#FFFFFF",0,"01100"
"entry4597","1271","pmk:MDS_2637","gene","http://www.kegg.jp/dbget-bin/www_bget?pmk:MDS_2637",NA,"rn:R11264",NA,NA,NA,"line",NA,NA,"#B3B3E6","#FFFFFF",0,"01100"
"entry4598","1272","pmk:MDS_2639","gene","http://www.kegg.jp/dbget-bin/www_bget?pmk:MDS_2639",NA,"rn:R00931",NA,NA,NA,"line",NA,NA,"#B3B3E6","#FFFFFF",0,"01100"
"entry4599","1274","pmk:MDS_2127","gene","http://www.kegg.jp/dbget-bin/www_bget?pmk:MDS_2127",NA,"rn:R04425",NA,NA,NA,"line",NA,NA,"#B3B3E6","#FFFFFF",0,"01100"
"entry4600","1275","pmk:MDS_2640","gene","http://www.kegg.jp/dbget-bin/www_bget?pmk:MDS_2640",NA,"rn:R00409",NA,NA,NA,"line",NA,NA,"#B3B3E6","#FFFFFF",0,"01100"
"entry4601","1278","pmk:MDS_3420","gene","http://www.kegg.jp/dbget-bin/www_bget?pmk:MDS_3420",NA,"rn:R00470",NA,NA,NA,"line",NA,NA,"#B3B3E6","#FFFFFF",0,"01100"
"entry4602","1300","pmk:MDS_2679","gene","http://www.kegg.jp/dbget-bin/www_bget?pmk:MDS_2679",NA,"rn:R01333",NA,NA,NA,"line",NA,NA,"#B3B3E6","#FFFFFF",0,"01100"
"entry4603","1301","pmk:MDS_2685 / pmk:MDS_3395 / pmk:MDS_3901","gene","http://www.kegg.jp/dbget-bin/www_bget?pmk:MDS_2685+pmk:MDS_3395+pmk:MDS_3901",NA,"rn:R00316",NA,NA,NA,"line",NA,NA,"#B3B3E6","#FFFFFF",0,"01100"
"entry4604","1302","pmk:MDS_2415","gene","http://www.kegg.jp/dbget-bin/www_bget?pmk:MDS_2415",NA,"rn:R03145",NA,NA,NA,"line",NA,NA,"#B3B3E6","#FFFFFF",0,"01100"
"entry4605","1303","pmk:MDS_2679","gene","http://www.kegg.jp/dbget-bin/www_bget?pmk:MDS_2679",NA,"rn:R00203 rn:R00205",NA,NA,NA,"line",NA,NA,"#B3B3E6","#FFFFFF",0,"01100"
"entry4606","1304","pmk:MDS_3941","gene","http://www.kegg.jp/dbget-bin/www_bget?pmk:MDS_3941",NA,"rn:R00197 rn:R00198 rn:R00704 rn:R11591 rn:R11593",NA,NA,NA,"line",NA,NA,"#B3B3E6","#FFFFFF",0,"01100"
"entry4607","1305","pmk:MDS_2717","gene","http://www.kegg.jp/dbget-bin/www_bget?pmk:MDS_2717",NA,"rn:R09796",NA,NA,NA,"line",NA,NA,"#B3B3E6","#FFFFFF",0,"01100"
"entry4608","1307","pmk:MDS_1450 / pmk:MDS_4539","gene","http://www.kegg.jp/dbget-bin/www_bget?pmk:MDS_1450+pmk:MDS_4539",NA,"rn:R02530",NA,NA,NA,"line",NA,NA,"#B3B3E6","#FFFFFF",0,"01100"
"entry4609","1309","pmk:MDS_2217 / pmk:MDS_3953","gene","http://www.kegg.jp/dbget-bin/www_bget?pmk:MDS_2217+pmk:MDS_3953",NA,"rn:R01736",NA,NA,NA,"line",NA,NA,"#B3B3E6","#FFFFFF",0,"01100"
"entry4611","1313","pmk:MDS_2679","gene","http://www.kegg.jp/dbget-bin/www_bget?pmk:MDS_2679",NA,"rn:R01446",NA,NA,NA,"line",NA,NA,"#B3B3E6","#FFFFFF",0,"01100"
"entry4612","1319","pmk:MDS_2685 / pmk:MDS_3395 / pmk:MDS_3901","gene","http://www.kegg.jp/dbget-bin/www_bget?pmk:MDS_2685+pmk:MDS_3395+pmk:MDS_3901",NA,"rn:R00236",NA,NA,NA,"line",NA,NA,"#B3B3E6","#FFFFFF",0,"01100"
"entry4613","1320","pmk:MDS_4380","gene","http://www.kegg.jp/dbget-bin/www_bget?pmk:MDS_4380",NA,"rn:R00227 rn:R00928 rn:R10343",NA,NA,NA,"line",NA,NA,"#B3B3E6","#FFFFFF",0,"01100"
"entry4614","1334","pmk:MDS_0371","gene","http://www.kegg.jp/dbget-bin/www_bget?pmk:MDS_0371",NA,"rn:R03391 rn:R03392",NA,NA,NA,"line",NA,NA,"#B3B3E6","#FFFFFF",0,"01100"
"entry4615","1353","pmk:MDS_1968","gene","http://www.kegg.jp/dbget-bin/www_bget?pmk:MDS_1968",NA,"rn:R09843",NA,NA,NA,"line",NA,NA,"#B3B3E6","#FFFFFF",0,"01100"
"entry4616","1363","pmk:MDS_1965","gene","http://www.kegg.jp/dbget-bin/www_bget?pmk:MDS_1965",NA,"rn:R00421",NA,NA,NA,"line",NA,NA,"#B3B3E6","#FFFFFF",0,"01100"
"entry4617","1368","pmk:MDS_1964","gene","http://www.kegg.jp/dbget-bin/www_bget?pmk:MDS_1964",NA,"rn:R03317",NA,NA,NA,"line",NA,NA,"#B3B3E6","#FFFFFF",0,"01100"
"entry4618","1369","pmk:MDS_1963","gene","http://www.kegg.jp/dbget-bin/www_bget?pmk:MDS_1963",NA,"rn:R00420",NA,NA,NA,"line",NA,NA,"#B3B3E6","#FFFFFF",0,"01100"
"entry4619","1371","pmk:MDS_4347","gene","http://www.kegg.jp/dbget-bin/www_bget?pmk:MDS_4347",NA,"rn:R08968",NA,NA,NA,"line",NA,NA,"#B3B3E6","#FFFFFF",0,"01100"
"entry4620","1372","pmk:MDS_1950","gene","http://www.kegg.jp/dbget-bin/www_bget?pmk:MDS_1950",NA,"rn:R11785",NA,NA,NA,"line",NA,NA,"#B3B3E6","#FFFFFF",0,"01100"
"entry4621","1378","pmk:MDS_3536","gene","http://www.kegg.jp/dbget-bin/www_bget?pmk:MDS_3536",NA,"rn:R03527",NA,NA,NA,"line",NA,NA,"#B3B3E6","#FFFFFF",0,"01100"
"entry4622","1393","pmk:MDS_1250 / pmk:MDS_1253","gene","http://www.kegg.jp/dbget-bin/www_bget?pmk:MDS_1250+pmk:MDS_1253",NA,"rn:R08056",NA,NA,NA,"line",NA,NA,"#B3B3E6","#FFFFFF",0,"01100"
"entry4623","1395","pmk:MDS_1245 / pmk:MDS_1255","gene","http://www.kegg.jp/dbget-bin/www_bget?pmk:MDS_1245+pmk:MDS_1255",NA,"rn:R05608",NA,NA,NA,"line",NA,NA,"#B3B3E6","#FFFFFF",0,"01100"
"entry4624","1398","pmk:MDS_3626","gene","http://www.kegg.jp/dbget-bin/www_bget?pmk:MDS_3626",NA,"rn:R10841",NA,NA,NA,"line",NA,NA,"#B3B3E6","#FFFFFF",0,"01100"
"entry4625","1432","pmk:MDS_1082","gene","http://www.kegg.jp/dbget-bin/www_bget?pmk:MDS_1082",NA,"rn:R00880",NA,NA,NA,"line",NA,NA,"#B3B3E6","#FFFFFF",0,"01100"
"entry4626","1433","pmk:MDS_1080 / pmk:MDS_1081","gene","http://www.kegg.jp/dbget-bin/www_bget?pmk:MDS_1080+pmk:MDS_1081",NA,"rn:R08692",NA,NA,NA,"line",NA,NA,"#B3B3E6","#FFFFFF",0,"01100"
"entry4627","1434","pmk:MDS_1077","gene","http://www.kegg.jp/dbget-bin/www_bget?pmk:MDS_1077",NA,"rn:R08693",NA,NA,NA,"line",NA,NA,"#B3B3E6","#FFFFFF",0,"01100"
"entry4628","1435","pmk:MDS_1075","gene","http://www.kegg.jp/dbget-bin/www_bget?pmk:MDS_1075",NA,"rn:R03706",NA,NA,NA,"line",NA,NA,"#B3B3E6","#FFFFFF",0,"01100"
"entry4629","1448","pmk:MDS_1634 / pmk:MDS_2865 / pmk:MDS_3526","gene","http://www.kegg.jp/dbget-bin/www_bget?pmk:MDS_1634+pmk:MDS_2865+pmk:MDS_3526",NA,"rn:R03991",NA,NA,NA,"line",NA,NA,"#80CCCC","#FFFFFF",0,"01100"
"entry4630","1450","pmk:MDS_0800 / pmk:MDS_0801 / pmk:MDS_2003 / pmk:MDS_3314","gene","http://www.kegg.jp/dbget-bin/www_bget?pmk:MDS_0800+pmk:MDS_0801+pmk:MDS_2003+pmk:MDS_3314",NA,"rn:R00742",NA,NA,NA,"line",NA,NA,"#80CCCC","#FFFFFF",0,"01100"
"entry4631","1452","pmk:MDS_0900 / pmk:MDS_0902","gene","http://www.kegg.jp/dbget-bin/www_bget?pmk:MDS_0900+pmk:MDS_0902",NA,"rn:R00866 rn:R03232",NA,NA,NA,"line",NA,NA,"#B3B3E6","#FFFFFF",0,"01100"
"entry4632","1460","pmk:MDS_0901","gene","http://www.kegg.jp/dbget-bin/www_bget?pmk:MDS_0901",NA,"rn:R02071",NA,NA,NA,"line",NA,NA,"#B3B3E6","#FFFFFF",0,"01100"
"entry4633","1461","pmk:MDS_4180","gene","http://www.kegg.jp/dbget-bin/www_bget?pmk:MDS_4180",NA,"rn:R02262",NA,NA,NA,"line",NA,NA,"#B3B3E6","#FFFFFF",0,"01100"
"entry4634","1514","pmk:MDS_4224","gene","http://www.kegg.jp/dbget-bin/www_bget?pmk:MDS_4224",NA,"rn:R05636",NA,NA,NA,"line",NA,NA,"#9EE284","#FFFFFF",0,"01100"
"entry4635","1516","pmk:MDS_3898","gene","http://www.kegg.jp/dbget-bin/www_bget?pmk:MDS_3898",NA,"rn:R00771",NA,NA,NA,"line",NA,NA,"#B3B3E6","#FFFFFF",0,"01100"
"entry4636","1517","pmk:MDS_2484","gene","http://www.kegg.jp/dbget-bin/www_bget?pmk:MDS_2484",NA,"rn:R00760",NA,NA,NA,"line",NA,NA,"#B3B3E6","#FFFFFF",0,"01100"
"entry4637","1538","pmk:MDS_3128","gene","http://www.kegg.jp/dbget-bin/www_bget?pmk:MDS_3128",NA,"rn:R03132",NA,NA,NA,"line",NA,NA,"#FFCC66","#FFFFFF",0,"01100"
"entry4638","1552","pmk:MDS_1634 / pmk:MDS_2865 / pmk:MDS_3526","gene","http://www.kegg.jp/dbget-bin/www_bget?pmk:MDS_1634+pmk:MDS_2865+pmk:MDS_3526",NA,"rn:R07895",NA,NA,NA,"line",NA,NA,"#99CCFF","#FFFFFF",0,"01100"
"entry4639","1554","pmk:MDS_3947","gene","http://www.kegg.jp/dbget-bin/www_bget?pmk:MDS_3947",NA,"rn:R00230",NA,NA,NA,"line",NA,NA,"#B3B3E6","#FFFFFF",0,"01100"
"entry4640","1556","pmk:MDS_0648 / pmk:MDS_0649 / pmk:MDS_1155 / pmk:MDS_2262","gene","http://www.kegg.jp/dbget-bin/www_bget?pmk:MDS_0648+pmk:MDS_0649+pmk:MDS_1155+pmk:MDS_2262",NA,"rn:R00209 rn:R00212 rn:R01196 rn:R10866",NA,NA,NA,"line",NA,NA,"#6C63F6","#FFFFFF",0,"01100"
"entry4641","1562","pmk:MDS_4515","gene","http://www.kegg.jp/dbget-bin/www_bget?pmk:MDS_4515",NA,"rn:R01262",NA,NA,NA,"line",NA,NA,"#FF9900","#FFFFFF",0,"01100"
"entry4642","1572","pmk:MDS_0579 / pmk:MDS_4099","gene","http://www.kegg.jp/dbget-bin/www_bget?pmk:MDS_0579+pmk:MDS_4099",NA,NA,NA,NA,NA,"line",NA,NA,"#99CCFF","#FFFFFF",0,"01100"
"entry4643","1575","pmk:MDS_4740","gene","http://www.kegg.jp/dbget-bin/www_bget?pmk:MDS_4740",NA,"rn:R01302",NA,NA,NA,"line",NA,NA,"#FFB3CC","#FFFFFF",0,"01100"
"entry4644","1586","pmk:MDS_0166 / pmk:MDS_1579","gene","http://www.kegg.jp/dbget-bin/www_bget?pmk:MDS_0166+pmk:MDS_1579",NA,"rn:R07411",NA,NA,NA,"line",NA,NA,"#FFB3CC","#FFFFFF",0,"01100"
"entry4645","1587","pmk:MDS_0165","gene","http://www.kegg.jp/dbget-bin/www_bget?pmk:MDS_0165",NA,"rn:R07412",NA,NA,NA,"line",NA,NA,"#FFB3CC","#FFFFFF",0,"01100"
"entry4646","1588","pmk:MDS_1023 / pmk:MDS_3112","gene","http://www.kegg.jp/dbget-bin/www_bget?pmk:MDS_1023+pmk:MDS_3112",NA,"rn:R01492",NA,NA,NA,"line",NA,NA,"#FFB3CC","#FFFFFF",0,"01100"
"entry4647","1593","pmk:MDS_1142","gene","http://www.kegg.jp/dbget-bin/www_bget?pmk:MDS_1142",NA,"rn:R11329",NA,NA,NA,"line",NA,NA,"#FFB3CC","#FFFFFF",0,"01100"
"entry4648","1628","pmk:MDS_2437","gene","http://www.kegg.jp/dbget-bin/www_bget?pmk:MDS_2437",NA,"rn:R09994",NA,NA,NA,"line",NA,NA,"#B3B3E6","#FFFFFF",0,"01100"
"entry4649","1631","pmk:MDS_0100 / pmk:MDS_4258","gene","http://www.kegg.jp/dbget-bin/www_bget?pmk:MDS_0100+pmk:MDS_4258",NA,"rn:R00291",NA,NA,NA,"line",NA,NA,"#B3B3E6","#FFFFFF",0,"01100"
"entry4650","1632","pmk:MDS_2454","gene","http://www.kegg.jp/dbget-bin/www_bget?pmk:MDS_2454",NA,"rn:R01824",NA,NA,NA,"line",NA,NA,"#B3B3E6","#FFFFFF",0,"01100"
"entry4651","1633","pmk:MDS_2456","gene","http://www.kegg.jp/dbget-bin/www_bget?pmk:MDS_2456",NA,"rn:R11256",NA,NA,NA,"line",NA,NA,"#B3B3E6","#FFFFFF",0,"01100"
"entry4652","1634","pmk:MDS_2438","gene","http://www.kegg.jp/dbget-bin/www_bget?pmk:MDS_2438",NA,"rn:R11262",NA,NA,NA,"line",NA,NA,"#B3B3E6","#FFFFFF",0,"01100"
"entry4653","1635","pmk:MDS_2452","gene","http://www.kegg.jp/dbget-bin/www_bget?pmk:MDS_2452",NA,"rn:R11261",NA,NA,NA,"line",NA,NA,"#B3B3E6","#FFFFFF",0,"01100"
"entry4654","1662","pmk:MDS_2208 / pmk:MDS_2447 / pmk:MDS_4881","gene","http://www.kegg.jp/dbget-bin/www_bget?pmk:MDS_2208+pmk:MDS_2447+pmk:MDS_4881",NA,"rn:R07390 rn:R11062",NA,NA,NA,"line",NA,NA,"#80CCB3","#FFFFFF",0,"01100"
"entry4655","1664","pmk:MDS_3832","gene","http://www.kegg.jp/dbget-bin/www_bget?pmk:MDS_3832",NA,"rn:R02923 rn:R02924 rn:R11018",NA,NA,NA,"line",NA,NA,"#FF9900","#FFFFFF",0,"01100"
"entry4656","1666","pmk:MDS_3947","gene","http://www.kegg.jp/dbget-bin/www_bget?pmk:MDS_3947",NA,"rn:R00921",NA,NA,NA,"line",NA,NA,"#B3B3E6","#FFFFFF",0,"01100"
"entry4657","1668","pmk:MDS_3946","gene","http://www.kegg.jp/dbget-bin/www_bget?pmk:MDS_3946",NA,"rn:R01353",NA,NA,NA,"line",NA,NA,"#B3B3E6","#FFFFFF",0,"01100"
"entry4658","1670","pmk:MDS_0415","gene","http://www.kegg.jp/dbget-bin/www_bget?pmk:MDS_0415",NA,"rn:R10993",NA,NA,NA,"line",NA,NA,"#FFCC66","#FFFFFF",0,"01100"
"entry4659","1671","pmk:MDS_0461","gene","http://www.kegg.jp/dbget-bin/www_bget?pmk:MDS_0461",NA,"rn:R10994",NA,NA,NA,"line",NA,NA,"#FFCC66","#FFFFFF",0,"01100"
"entry4660","1672","pmk:MDS_1952","gene","http://www.kegg.jp/dbget-bin/www_bget?pmk:MDS_1952",NA,"rn:R09660",NA,NA,NA,"line",NA,NA,"#FFCC66","#FFFFFF",0,"01100"
"entry4661","1679","pmk:MDS_1643","gene","http://www.kegg.jp/dbget-bin/www_bget?pmk:MDS_1643",NA,"rn:R00022",NA,NA,NA,"line",NA,NA,"#B3B3E6","#FFFFFF",0,"01100"
"entry4662","1682","pmk:MDS_4346","gene","http://www.kegg.jp/dbget-bin/www_bget?pmk:MDS_4346",NA,"rn:R11025",NA,NA,NA,"line",NA,NA,"#B3B3E6","#FFFFFF",0,"01100"
"entry4663","1683","pmk:MDS_4347","gene","http://www.kegg.jp/dbget-bin/www_bget?pmk:MDS_4347",NA,"rn:R11024",NA,NA,NA,"line",NA,NA,"#B3B3E6","#FFFFFF",0,"01100"
"entry4664","1685","pmk:MDS_0390 / pmk:MDS_0391 / pmk:MDS_1155 / pmk:MDS_1372 / pmk:MDS_1374 / pmk:MDS_1375 / pmk:MDS_2262","gene","http://www.kegg.jp/dbget-bin/www_bget?pmk:MDS_0390+pmk:MDS_0391+pmk:MDS_1155+pmk:MDS_1372+pmk:MDS_1374+pmk:MDS_1375+pmk:MDS_2262",NA,"rn:R01221",NA,NA,NA,"line",NA,NA,"#FFCC66","#FFFFFF",0,"01100"
"entry4665","1686","pmk:MDS_0403 / pmk:MDS_2073","gene","http://www.kegg.jp/dbget-bin/www_bget?pmk:MDS_0403+pmk:MDS_2073",NA,"rn:R01151 rn:R01155 rn:R08714",NA,NA,NA,"line",NA,NA,"#FFCC66","#FFFFFF",0,"01100"
"entry4666","1689","pmk:MDS_3853","gene","http://www.kegg.jp/dbget-bin/www_bget?pmk:MDS_3853",NA,"rn:R09081",NA,NA,NA,"line",NA,NA,"#FFCC66","#FFFFFF",0,"01100"
"entry4667","1692","pmk:MDS_0290","gene","http://www.kegg.jp/dbget-bin/www_bget?pmk:MDS_0290",NA,"rn:R01986 rn:R02549",NA,NA,NA,"line",NA,NA,"#FFCC66","#FFFFFF",0,"01100"
"entry4668","1694","pmk:MDS_1753","gene","http://www.kegg.jp/dbget-bin/www_bget?pmk:MDS_1753",NA,"rn:R00411",NA,NA,NA,"line",NA,NA,"#FFCC66","#FFFFFF",0,"01100"
"entry4669","1695","pmk:MDS_0963","gene","http://www.kegg.jp/dbget-bin/www_bget?pmk:MDS_0963",NA,"rn:R01530",NA,NA,NA,"line",NA,NA,"#99CCFF","#FFFFFF",0,"01100"
"entry4670","1704","pmk:MDS_3776","gene","http://www.kegg.jp/dbget-bin/www_bget?pmk:MDS_3776",NA,"rn:R07460",NA,NA,NA,"line",NA,NA,"#FFB3CC","#FFFFFF",0,"01100"
"entry4671","1712","pmk:MDS_3940","gene","http://www.kegg.jp/dbget-bin/www_bget?pmk:MDS_3940",NA,"rn:R00196 rn:R00703 rn:R01447",NA,NA,NA,"line",NA,NA,"#B3B3E6","#FFFFFF",0,"01100"
"entry4672","1713","pmk:MDS_0454 / pmk:MDS_0597","gene","http://www.kegg.jp/dbget-bin/www_bget?pmk:MDS_0454+pmk:MDS_0597",NA,"rn:R10707",NA,NA,NA,"line",NA,NA,"#80CCCC","#FFFFFF",0,"01100"
"entry4673","1745","pmk:MDS_4266","gene","http://www.kegg.jp/dbget-bin/www_bget?pmk:MDS_4266",NA,"rn:R04007",NA,NA,NA,"line",NA,NA,"#F06292","#FFFFFF",0,"01100"
"entry4674","1754","pmk:MDS_4077","gene","http://www.kegg.jp/dbget-bin/www_bget?pmk:MDS_4077",NA,"rn:R04509",NA,NA,NA,"line",NA,NA,"#FFB3CC","#FFFFFF",0,"01100"
"entry4675","1755","pmk:MDS_4078","gene","http://www.kegg.jp/dbget-bin/www_bget?pmk:MDS_4078",NA,"rn:R03223",NA,NA,NA,"line",NA,NA,"#FFB3CC","#FFFFFF",0,"01100"
"entry4676","1757","pmk:MDS_0699 / pmk:MDS_4236","gene","http://www.kegg.jp/dbget-bin/www_bget?pmk:MDS_0699+pmk:MDS_4236",NA,"rn:R00615 rn:R00617",NA,NA,NA,"line",NA,NA,"#FFB3CC","#FFFFFF",0,"01100"
"entry4677","1758","pmk:MDS_3686","gene","http://www.kegg.jp/dbget-bin/www_bget?pmk:MDS_3686",NA,"rn:R00616 rn:R00618 rn:R11319",NA,NA,NA,"line",NA,NA,"#FFB3CC","#FFFFFF",0,"01100"
"entry4678","1759","pmk:MDS_0699","gene","http://www.kegg.jp/dbget-bin/www_bget?pmk:MDS_0699",NA,"rn:R02134 rn:R02135",NA,NA,NA,"line",NA,NA,"#FFB3CC","#FFFFFF",0,"01100"
"entry4679","1762","pmk:MDS_4077","gene","http://www.kegg.jp/dbget-bin/www_bget?pmk:MDS_4077",NA,"rn:R03471",NA,NA,NA,"line",NA,NA,"#FFB3CC","#FFFFFF",0,"01100"
"entry4680","1766","pmk:MDS_4078","gene","http://www.kegg.jp/dbget-bin/www_bget?pmk:MDS_4078",NA,"rn:R10712",NA,NA,NA,"line",NA,NA,"#FFB3CC","#FFFFFF",0,"01100"
"entry4681","1769","pmk:MDS_4494","gene","http://www.kegg.jp/dbget-bin/www_bget?pmk:MDS_4494",NA,"rn:R10247",NA,NA,NA,"line",NA,NA,"#FFB3CC","#FFFFFF",0,"01100"
"entry4682","1772","pmk:MDS_4464","gene","http://www.kegg.jp/dbget-bin/www_bget?pmk:MDS_4464",NA,"rn:R07461",NA,NA,NA,"line",NA,NA,"#FFB3CC","#FFFFFF",0,"01100"
"entry4684","1785","pmk:MDS_2034 / pmk:MDS_2035","gene","http://www.kegg.jp/dbget-bin/www_bget?pmk:MDS_2034+pmk:MDS_2035",NA,"rn:R00749",NA,NA,NA,"line",NA,NA,"#80CCB3","#FFFFFF",0,"01100"
"entry4685","1796","pmk:MDS_0271","gene","http://www.kegg.jp/dbget-bin/www_bget?pmk:MDS_0271",NA,"rn:R01644 rn:R09281",NA,NA,NA,"line",NA,NA,"#B3B3E6","#FFFFFF",0,"01100"
"entry4686","1797","pmk:MDS_0286","gene","http://www.kegg.jp/dbget-bin/www_bget?pmk:MDS_0286",NA,"rn:R01648 rn:R10178",NA,NA,NA,"line",NA,NA,"#FFCC66","#FFFFFF",0,"01100"
"entry4687","1802","pmk:MDS_4406","gene","http://www.kegg.jp/dbget-bin/www_bget?pmk:MDS_4406",NA,"rn:R10124",NA,NA,NA,"line",NA,NA,"#FFB3CC","#FFFFFF",0,"01100"
"entry4688","1804","pmk:MDS_4405","gene","http://www.kegg.jp/dbget-bin/www_bget?pmk:MDS_4405",NA,"rn:R09725",NA,NA,NA,"line",NA,NA,"#FFB3CC","#FFFFFF",0,"01100"
"entry4689","1805","pmk:MDS_2209","gene","http://www.kegg.jp/dbget-bin/www_bget?pmk:MDS_2209",NA,"rn:R10122",NA,NA,NA,"line",NA,NA,"#FFB3CC","#FFFFFF",0,"01100"
"entry4690","1806","pmk:MDS_3319","gene","http://www.kegg.jp/dbget-bin/www_bget?pmk:MDS_3319",NA,"rn:R10121",NA,NA,NA,"line",NA,NA,"#FFB3CC","#FFFFFF",0,"01100"
"entry4691","1807","pmk:MDS_0611 / pmk:MDS_0848 / pmk:MDS_1682 / pmk:MDS_2136 / pmk:MDS_3506 / pmk:MDS_3986 / pmk:MDS_4194","gene","http://www.kegg.jp/dbget-bin/www_bget?pmk:MDS_0611+pmk:MDS_0848+pmk:MDS_1682+pmk:MDS_2136+pmk:MDS_3506+pmk:MDS_3986+pmk:MDS_4194",NA,"rn:R10120",NA,NA,NA,"line",NA,NA,"#FFB3CC","#FFFFFF",0,"01100"
"entry4692","1811","pmk:MDS_0518","gene","http://www.kegg.jp/dbget-bin/www_bget?pmk:MDS_0518",NA,"rn:R02565 rn:R02566 rn:R08211",NA,NA,NA,"line",NA,NA,"#FFCC66","#FFFFFF",0,"01100"
"entry4693","1812","pmk:MDS_0516 / pmk:MDS_3699","gene","http://www.kegg.jp/dbget-bin/www_bget?pmk:MDS_0516+pmk:MDS_3699",NA,"rn:R01022 rn:R07409 rn:R08557 rn:R08558",NA,NA,NA,"line",NA,NA,"#FFCC66","#FFFFFF",0,"01100"
"entry4694","1825","pmk:MDS_0973","gene","http://www.kegg.jp/dbget-bin/www_bget?pmk:MDS_0973",NA,"rn:R03012",NA,NA,NA,"line",NA,NA,"#FFCC66","#FFFFFF",0,"01100"
"entry4695","1835","pmk:MDS_3610","gene","http://www.kegg.jp/dbget-bin/www_bget?pmk:MDS_3610",NA,"rn:R07512",NA,NA,NA,"line",NA,NA,"#9EE284","#FFFFFF",0,"01100"
"entry4696","1850","pmk:MDS_0057","gene","http://www.kegg.jp/dbget-bin/www_bget?pmk:MDS_0057",NA,"rn:R09801",NA,NA,NA,"line",NA,NA,"#FFCC66","#FFFFFF",0,"01100"
"entry4697","1851","pmk:MDS_0056","gene","http://www.kegg.jp/dbget-bin/www_bget?pmk:MDS_0056",NA,"rn:R09800",NA,NA,NA,"line",NA,NA,"#FFCC66","#FFFFFF",0,"01100"
"entry4698","1855","pmk:MDS_3110","gene","http://www.kegg.jp/dbget-bin/www_bget?pmk:MDS_3110",NA,"rn:R09083",NA,NA,NA,"line",NA,NA,"#FFB3CC","#FFFFFF",0,"01100"
"entry4699","1856","pmk:MDS_4635","gene","http://www.kegg.jp/dbget-bin/www_bget?pmk:MDS_4635",NA,"rn:R05705 rn:R05706",NA,NA,NA,"line",NA,NA,"#FFB3CC","#FFFFFF",0,"01100"
"entry4700","1867","pmk:MDS_1325 / pmk:MDS_2286","gene","http://www.kegg.jp/dbget-bin/www_bget?pmk:MDS_1325+pmk:MDS_2286",NA,"rn:R02239 rn:R02240 rn:R09944",NA,NA,NA,"line",NA,NA,"#80CCB3","#FFFFFF",0,"01100"
"entry4701","1871","pmk:MDS_1012","gene","http://www.kegg.jp/dbget-bin/www_bget?pmk:MDS_1012",NA,"rn:R01150",NA,NA,NA,"line",NA,NA,"#FF9900","#FFFFFF",0,"01100"
"entry4702","1872","pmk:MDS_0453 / pmk:MDS_0978 / pmk:MDS_4778","gene","http://www.kegg.jp/dbget-bin/www_bget?pmk:MDS_0453+pmk:MDS_0978+pmk:MDS_4778",NA,"rn:R00508 rn:R00509",NA,NA,NA,"line",NA,NA,"#CC99FF","#FFFFFF",0,"01100"
"entry4703","1873","pmk:MDS_2654","gene","http://www.kegg.jp/dbget-bin/www_bget?pmk:MDS_2654",NA,"rn:R02021",NA,NA,NA,"line",NA,NA,"#CC99FF","#FFFFFF",0,"01100"
"entry4704","1874","pmk:MDS_0259","gene","http://www.kegg.jp/dbget-bin/www_bget?pmk:MDS_0259",NA,"rn:R02522",NA,NA,NA,"line",NA,NA,"#B3B3E6","#FFFFFF",0,"01100"
"entry4705","1886","pmk:MDS_3145","gene","http://www.kegg.jp/dbget-bin/www_bget?pmk:MDS_3145",NA,"rn:R01364",NA,NA,NA,"line",NA,NA,"#FFCC66","#FFFFFF",0,"01100"
"entry4706","1893","pmk:MDS_3107","gene","http://www.kegg.jp/dbget-bin/www_bget?pmk:MDS_3107",NA,"rn:R05225",NA,NA,NA,"line",NA,NA,"#FFB3CC","#FFFFFF",0,"01100"
"entry4707","1896","pmk:MDS_4168 / pmk:MDS_4169 / pmk:MDS_4170","gene","http://www.kegg.jp/dbget-bin/www_bget?pmk:MDS_4168+pmk:MDS_4169+pmk:MDS_4170",NA,"rn:R08109",NA,NA,NA,"line",NA,NA,"#DA8E82","#FFFFFF",0,"01100"
"entry4708","1898","pmk:MDS_0092","gene","http://www.kegg.jp/dbget-bin/www_bget?pmk:MDS_0092",NA,"rn:R02340",NA,NA,NA,"line",NA,NA,"#FFCC66","#FFFFFF",0,"01100"
"entry4709","1899","pmk:MDS_0092 / pmk:MDS_0093","gene","http://www.kegg.jp/dbget-bin/www_bget?pmk:MDS_0092+pmk:MDS_0093",NA,"rn:R00673 rn:R00674",NA,NA,NA,"line",NA,NA,"#FFCC66","#FFFFFF",0,"01100"
"entry4711","1905","pmk:MDS_1433 / pmk:MDS_4000","gene","http://www.kegg.jp/dbget-bin/www_bget?pmk:MDS_1433+pmk:MDS_4000",NA,"rn:R00935",NA,NA,NA,"line",NA,NA,"#FFCC66","#FFFFFF",0,"01100"
"entry4712","1906","pmk:MDS_1633 / pmk:MDS_2116 / pmk:MDS_3491","gene","http://www.kegg.jp/dbget-bin/www_bget?pmk:MDS_1633+pmk:MDS_2116+pmk:MDS_3491",NA,"rn:R05066",NA,NA,NA,"line",NA,NA,"#FFCC66","#FFFFFF",0,"01100"
"entry4713","1908","pmk:MDS_1633 / pmk:MDS_2116 / pmk:MDS_2222 / pmk:MDS_2614 / pmk:MDS_2861 / pmk:MDS_3611","gene","http://www.kegg.jp/dbget-bin/www_bget?pmk:MDS_1633+pmk:MDS_2116+pmk:MDS_2222+pmk:MDS_2614+pmk:MDS_2861+pmk:MDS_3611",NA,"rn:R04224",NA,NA,NA,"line",NA,NA,"#FFCC66","#FFFFFF",0,"01100"
"entry4714","1909","pmk:MDS_0639 / pmk:MDS_0672 / pmk:MDS_0985 / pmk:MDS_2067 / pmk:MDS_2330 / pmk:MDS_3250 / pmk:MDS_3406","gene","http://www.kegg.jp/dbget-bin/www_bget?pmk:MDS_0639+pmk:MDS_0672+pmk:MDS_0985+pmk:MDS_2067+pmk:MDS_2330+pmk:MDS_3250+pmk:MDS_3406",NA,"rn:R02661",NA,NA,NA,"line",NA,NA,"#FFCC66","#FFFFFF",0,"01100"
"entry4715","1914","pmk:MDS_2455","gene","http://www.kegg.jp/dbget-bin/www_bget?pmk:MDS_2455",NA,"rn:R00028 rn:R01555 rn:R05196",NA,NA,NA,"line",NA,NA,"#B3B3E6","#FFFFFF",0,"01100"
"entry4716","1925","pmk:MDS_2418 / pmk:MDS_2425","gene","http://www.kegg.jp/dbget-bin/www_bget?pmk:MDS_2418+pmk:MDS_2425",NA,"rn:R00287 rn:R00289 rn:R00955",NA,NA,NA,"line",NA,NA,"#B3B3E6","#FFFFFF",0,"01100"
"entry4717","1929","pmk:MDS_0971","gene","http://www.kegg.jp/dbget-bin/www_bget?pmk:MDS_0971",NA,"rn:R00660",NA,NA,NA,"line",NA,NA,"#B3B3E6","#FFFFFF",0,"01100"
"entry4718","1930","pmk:MDS_3318","gene","http://www.kegg.jp/dbget-bin/www_bget?pmk:MDS_3318",NA,"rn:R04567",NA,NA,NA,"line",NA,NA,"#99CCFF","#FFFFFF",0,"01100"
"entry4719","1931","pmk:MDS_4940","gene","http://www.kegg.jp/dbget-bin/www_bget?pmk:MDS_4940",NA,"rn:R05332",NA,NA,NA,"line",NA,NA,"#B3B3E6","#FFFFFF",0,"01100"
"entry4720","1934","pmk:MDS_0290","gene","http://www.kegg.jp/dbget-bin/www_bget?pmk:MDS_0290",NA,"rn:R03177",NA,NA,NA,"line",NA,NA,"#FFCC66","#FFFFFF",0,"01100"
"entry4721","1938","pmk:MDS_1548","gene","http://www.kegg.jp/dbget-bin/www_bget?pmk:MDS_1548",NA,"rn:R02922",NA,NA,NA,"line",NA,NA,"#FFCC66","#FFFFFF",0,"01100"
"entry4722","1944","pmk:MDS_2127 / pmk:MDS_2995","gene","http://www.kegg.jp/dbget-bin/www_bget?pmk:MDS_2127+pmk:MDS_2995",NA,"rn:R01324",NA,NA,NA,"line",NA,NA,"#8080F7","#FFFFFF",0,"01100"
"entry4723","1946","pmk:MDS_4181","gene","http://www.kegg.jp/dbget-bin/www_bget?pmk:MDS_4181",NA,"rn:R01639",NA,NA,NA,"line",NA,NA,"#B3B3E6","#FFFFFF",0,"01100"
"entry4724","1949","pmk:MDS_4186","gene","http://www.kegg.jp/dbget-bin/www_bget?pmk:MDS_4186",NA,"rn:R08115",NA,NA,NA,"line",NA,NA,"#DA8E82","#FFFFFF",0,"01100"
"entry4725","1950","pmk:MDS_4167","gene","http://www.kegg.jp/dbget-bin/www_bget?pmk:MDS_4167",NA,"rn:R08112",NA,NA,NA,"line",NA,NA,"#DA8E82","#FFFFFF",0,"01100"
"entry4726","1951","pmk:MDS_4167","gene","http://www.kegg.jp/dbget-bin/www_bget?pmk:MDS_4167",NA,"rn:R08113",NA,NA,NA,"line",NA,NA,"#DA8E82","#FFFFFF",0,"01100"
"entry4727","1952","pmk:MDS_4168 / pmk:MDS_4169 / pmk:MDS_4170","gene","http://www.kegg.jp/dbget-bin/www_bget?pmk:MDS_4168+pmk:MDS_4169+pmk:MDS_4170",NA,"rn:R08110",NA,NA,NA,"line",NA,NA,"#DA8E82","#FFFFFF",0,"01100"
"entry4728","1953","pmk:MDS_3103","gene","http://www.kegg.jp/dbget-bin/www_bget?pmk:MDS_3103",NA,"rn:R05223",NA,NA,NA,"line",NA,NA,"#FFB3CC","#FFFFFF",0,"01100"
"entry4729","1964","pmk:MDS_3125","gene","http://www.kegg.jp/dbget-bin/www_bget?pmk:MDS_3125",NA,"rn:R00662",NA,NA,NA,"line",NA,NA,"#FF8080","#FFFFFF",0,"01100"
"entry4730","1965","pmk:MDS_2148","gene","http://www.kegg.jp/dbget-bin/www_bget?pmk:MDS_2148",NA,"rn:R01655",NA,NA,NA,"line",NA,NA,"#B3B3E6","#FFFFFF",0,"01100"
"entry4731","1966","pmk:MDS_2148","gene","http://www.kegg.jp/dbget-bin/www_bget?pmk:MDS_2148",NA,"rn:R01220",NA,NA,NA,"line",NA,NA,"#B3B3E6","#FFFFFF",0,"01100"
"entry4732","1975","pmk:MDS_1908","gene","http://www.kegg.jp/dbget-bin/www_bget?pmk:MDS_1908",NA,"rn:R00013",NA,NA,NA,"line",NA,NA,"#B3B3E6","#FFFFFF",0,"01100"
"entry4733","1976","pmk:MDS_1905","gene","http://www.kegg.jp/dbget-bin/www_bget?pmk:MDS_1905",NA,"rn:R01745 rn:R01747",NA,NA,NA,"line",NA,NA,"#B3B3E6","#FFFFFF",0,"01100"
"entry4734","1977","pmk:MDS_4940","gene","http://www.kegg.jp/dbget-bin/www_bget?pmk:MDS_4940",NA,"rn:R00416",NA,NA,NA,"line",NA,NA,"#B3B3E6","#FFFFFF",0,"01100"
"entry4735","1985","pmk:MDS_0493","gene","http://www.kegg.jp/dbget-bin/www_bget?pmk:MDS_0493",NA,"rn:R01825",NA,NA,NA,"line",NA,NA,"#FFB3CC","#FFFFFF",0,"01100"
"entry4736","1990","pmk:MDS_4407","gene","http://www.kegg.jp/dbget-bin/www_bget?pmk:MDS_4407",NA,"rn:R01078",NA,NA,NA,"line",NA,NA,"#FFB3CC","#FFFFFF",0,"01100"
"entry4737","1991","pmk:MDS_4403","gene","http://www.kegg.jp/dbget-bin/www_bget?pmk:MDS_4403",NA,"rn:R03182",NA,NA,NA,"line",NA,NA,"#FFB3CC","#FFFFFF",0,"01100"
"entry4738","1992","pmk:MDS_4406","gene","http://www.kegg.jp/dbget-bin/www_bget?pmk:MDS_4406",NA,"rn:R03210",NA,NA,NA,"line",NA,NA,"#FFB3CC","#FFFFFF",0,"01100"
"entry4739","1995","pmk:MDS_0415 / pmk:MDS_2431","gene","http://www.kegg.jp/dbget-bin/www_bget?pmk:MDS_0415+pmk:MDS_2431",NA,"rn:R00894",NA,NA,NA,"line",NA,NA,"#FF9900","#FFFFFF",0,"01100"
"entry4740","2002","pmk:MDS_4220","gene","http://www.kegg.jp/dbget-bin/www_bget?pmk:MDS_4220",NA,"rn:R02061",NA,NA,NA,"line",NA,NA,"#9EE284","#FFFFFF",0,"01100"
"entry4741","2005","pmk:MDS_3420","gene","http://www.kegg.jp/dbget-bin/www_bget?pmk:MDS_3420",NA,"rn:R05605",NA,NA,NA,"line",NA,NA,"#6C63F6","#FFFFFF",0,"01100"
"entry4742","2007","pmk:MDS_0497","gene","http://www.kegg.jp/dbget-bin/www_bget?pmk:MDS_0497",NA,"rn:R01070",NA,NA,NA,"line",NA,NA,"#6C63F6","#FFFFFF",0,"01100"
"entry4743","2009","pmk:MDS_0494","gene","http://www.kegg.jp/dbget-bin/www_bget?pmk:MDS_0494",NA,"rn:R01512",NA,NA,NA,"line",NA,NA,"#6C63F6","#FFFFFF",0,"01100"
"entry4744","2011","pmk:MDS_3421","gene","http://www.kegg.jp/dbget-bin/www_bget?pmk:MDS_3421",NA,"rn:R02035",NA,NA,NA,"line",NA,NA,"#6C63F6","#FFFFFF",0,"01100"
"entry4745","2018","pmk:MDS_2417","gene","http://www.kegg.jp/dbget-bin/www_bget?pmk:MDS_2417",NA,"rn:R00286",NA,NA,NA,"line",NA,NA,"#B3B3E6","#FFFFFF",0,"01100"
"entry4746","2026","pmk:MDS_0252","gene","http://www.kegg.jp/dbget-bin/www_bget?pmk:MDS_0252",NA,"rn:R01540",NA,NA,NA,"line",NA,NA,"#B3B3E6","#FFFFFF",0,"01100"
"entry4747","2029","pmk:MDS_2457","gene","http://www.kegg.jp/dbget-bin/www_bget?pmk:MDS_2457",NA,"rn:R02421",NA,NA,NA,"line",NA,NA,"#B3B3E6","#FFFFFF",0,"01100"
"entry4748","2036","pmk:MDS_4937","gene","http://www.kegg.jp/dbget-bin/www_bget?pmk:MDS_4937",NA,"rn:R00768",NA,NA,NA,"line",NA,NA,"#B3B3E6","#FFFFFF",0,"01100"
"entry4749","2037","pmk:MDS_1672","gene","http://www.kegg.jp/dbget-bin/www_bget?pmk:MDS_1672",NA,"rn:R03191 rn:R03192",NA,NA,NA,"line",NA,NA,"#B3B3E6","#FFFFFF",0,"01100"
"entry4750","2038","pmk:MDS_1963","gene","http://www.kegg.jp/dbget-bin/www_bget?pmk:MDS_1963",NA,"rn:R00414",NA,NA,NA,"line",NA,NA,"#B3B3E6","#FFFFFF",0,"01100"
"entry4751","2040","pmk:MDS_1970","gene","http://www.kegg.jp/dbget-bin/www_bget?pmk:MDS_1970",NA,"rn:R04435",NA,NA,NA,"line",NA,NA,"#B3B3E6","#FFFFFF",0,"01100"
"entry4752","2043","pmk:MDS_2484","gene","http://www.kegg.jp/dbget-bin/www_bget?pmk:MDS_2484",NA,"rn:R00867",NA,NA,NA,"line",NA,NA,"#B3B3E6","#FFFFFF",0,"01100"
"entry4753","2046","pmk:MDS_4709","gene","http://www.kegg.jp/dbget-bin/www_bget?pmk:MDS_4709",NA,"rn:R01818",NA,NA,NA,"line",NA,NA,"#B3B3E6","#FFFFFF",0,"01100"
"entry4754","2055","pmk:MDS_3965","gene","http://www.kegg.jp/dbget-bin/www_bget?pmk:MDS_3965",NA,"rn:R01388 rn:R01392",NA,NA,NA,"line",NA,NA,"#B3B3E6","#FFFFFF",0,"01100"
"entry4755","2061","pmk:MDS_1633 / pmk:MDS_2116 / pmk:MDS_2222 / pmk:MDS_2614 / pmk:MDS_2861 / pmk:MDS_3611","gene","http://www.kegg.jp/dbget-bin/www_bget?pmk:MDS_1633+pmk:MDS_2116+pmk:MDS_2222+pmk:MDS_2614+pmk:MDS_2861+pmk:MDS_3611",NA,"rn:R03045",NA,NA,NA,"line",NA,NA,"#B3B3E6","#FFFFFF",0,"01100"
"entry4756","2063","pmk:MDS_3449","gene","http://www.kegg.jp/dbget-bin/www_bget?pmk:MDS_3449",NA,"rn:R02933",NA,NA,NA,"line",NA,NA,"#B3B3E6","#FFFFFF",0,"01100"
"entry4757","2065","pmk:MDS_3404","gene","http://www.kegg.jp/dbget-bin/www_bget?pmk:MDS_3404",NA,"rn:R03153 rn:R03154",NA,NA,NA,"line",NA,NA,"#B3B3E6","#FFFFFF",0,"01100"
"entry4758","2067","pmk:MDS_1433 / pmk:MDS_4000","gene","http://www.kegg.jp/dbget-bin/www_bget?pmk:MDS_1433+pmk:MDS_4000",NA,"rn:R00705 rn:R00706",NA,NA,NA,"line",NA,NA,"#B3B3E6","#FFFFFF",0,"01100"
"entry4759","2077","pmk:MDS_1449","gene","http://www.kegg.jp/dbget-bin/www_bget?pmk:MDS_1449",NA,"rn:R01954",NA,NA,NA,"line",NA,NA,"#FFCC66","#FFFFFF",0,"01100"
"entry4760","2079","pmk:MDS_0285 / pmk:MDS_4334","gene","http://www.kegg.jp/dbget-bin/www_bget?pmk:MDS_0285+pmk:MDS_4334",NA,"rn:R00713 rn:R00714",NA,NA,NA,"line",NA,NA,"#FFCC66","#FFFFFF",0,"01100"
"entry4761","2080","pmk:MDS_1207 / pmk:MDS_2824 / pmk:MDS_4564","gene","http://www.kegg.jp/dbget-bin/www_bget?pmk:MDS_1207+pmk:MDS_2824+pmk:MDS_4564",NA,"rn:R01513",NA,NA,NA,"line",NA,NA,"#FFCC66","#FFFFFF",0,"01100"
"entry4762","2081","pmk:MDS_1955","gene","http://www.kegg.jp/dbget-bin/www_bget?pmk:MDS_1955",NA,"rn:R04173",NA,NA,NA,"line",NA,NA,"#FFCC66","#FFFFFF",0,"01100"
"entry4763","2082","pmk:MDS_1756","gene","http://www.kegg.jp/dbget-bin/www_bget?pmk:MDS_1756",NA,"rn:R00480",NA,NA,NA,"line",NA,NA,"#FFCC66","#FFFFFF",0,"01100"
"entry4764","2083","pmk:MDS_3715","gene","http://www.kegg.jp/dbget-bin/www_bget?pmk:MDS_3715",NA,"rn:R01773 rn:R01775",NA,NA,NA,"line",NA,NA,"#FFCC66","#FFFFFF",0,"01100"
"entry4765","2084","pmk:MDS_0168 / pmk:MDS_2653","gene","http://www.kegg.jp/dbget-bin/www_bget?pmk:MDS_0168+pmk:MDS_2653",NA,"rn:R01771",NA,NA,NA,"line",NA,NA,"#FFCC66","#FFFFFF",0,"01100"
"entry4766","2085","pmk:MDS_3714","gene","http://www.kegg.jp/dbget-bin/www_bget?pmk:MDS_3714",NA,"rn:R01466",NA,NA,NA,"line",NA,NA,"#FFCC66","#FFFFFF",0,"01100"
"entry4767","2086","pmk:MDS_1793","gene","http://www.kegg.jp/dbget-bin/www_bget?pmk:MDS_1793",NA,"rn:R06977",NA,NA,NA,"line",NA,NA,"#FFCC66","#FFFFFF",0,"01100"
"entry4768","2089","pmk:MDS_4481","gene","http://www.kegg.jp/dbget-bin/www_bget?pmk:MDS_4481",NA,"rn:R01776",NA,NA,NA,"line",NA,NA,"#FFCC66","#FFFFFF",0,"01100"
"entry4769","2092","pmk:MDS_4481","gene","http://www.kegg.jp/dbget-bin/www_bget?pmk:MDS_4481",NA,"rn:R01777",NA,NA,NA,"line",NA,NA,"#FFCC66","#FFFFFF",0,"01100"
"entry4770","2095","pmk:MDS_2008","gene","http://www.kegg.jp/dbget-bin/www_bget?pmk:MDS_2008",NA,"rn:R01288",NA,NA,NA,"line",NA,NA,"#FFCC66","#FFFFFF",0,"01100"
"entry4771","2096","pmk:MDS_0488","gene","http://www.kegg.jp/dbget-bin/www_bget?pmk:MDS_0488",NA,"rn:R00177",NA,NA,NA,"line",NA,NA,"#FFCC66","#FFFFFF",0,"01100"
"entry4772","2098","pmk:MDS_1943","gene","http://www.kegg.jp/dbget-bin/www_bget?pmk:MDS_1943",NA,"rn:R07364",NA,NA,NA,"line",NA,NA,"#FFCC66","#FFFFFF",0,"01100"
"entry4773","2102","pmk:MDS_1953","gene","http://www.kegg.jp/dbget-bin/www_bget?pmk:MDS_1953",NA,"rn:R04420",NA,NA,NA,"line",NA,NA,"#FFCC66","#FFFFFF",0,"01100"
"entry4774","2105","pmk:MDS_3778","gene","http://www.kegg.jp/dbget-bin/www_bget?pmk:MDS_3778",NA,"rn:R00586",NA,NA,NA,"line",NA,NA,"#FFCC66","#FFFFFF",0,"01100"
"entry4775","2113","pmk:MDS_3927","gene","http://www.kegg.jp/dbget-bin/www_bget?pmk:MDS_3927",NA,"rn:R04198 rn:R04199",NA,NA,NA,"line",NA,NA,"#FFCC66","#FFFFFF",0,"01100"
"entry4776","2114","pmk:MDS_3192 / pmk:MDS_3701","gene","http://www.kegg.jp/dbget-bin/www_bget?pmk:MDS_3192+pmk:MDS_3701",NA,"rn:R10147",NA,NA,NA,"line",NA,NA,"#FFCC66","#FFFFFF",0,"01100"
"entry4777","2119","pmk:MDS_4759","gene","http://www.kegg.jp/dbget-bin/www_bget?pmk:MDS_4759",NA,"rn:R02488",NA,NA,NA,"line",NA,NA,"#FFCC66","#FFFFFF",0,"01100"
"entry4778","2120","pmk:MDS_1155 / pmk:MDS_2261 / pmk:MDS_2262","gene","http://www.kegg.jp/dbget-bin/www_bget?pmk:MDS_1155+pmk:MDS_2261+pmk:MDS_2262",NA,"rn:R01933",NA,NA,NA,"line",NA,NA,"#FFCC66","#FFFFFF",0,"01100"
"entry4779","2124","pmk:MDS_1162","gene","http://www.kegg.jp/dbget-bin/www_bget?pmk:MDS_1162",NA,"rn:R04444 rn:R04445",NA,NA,NA,"line",NA,NA,"#FFCC66","#FFFFFF",0,"01100"
"entry4780","2125","pmk:MDS_1159 / pmk:MDS_3667","gene","http://www.kegg.jp/dbget-bin/www_bget?pmk:MDS_1159+pmk:MDS_3667",NA,"rn:R01398",NA,NA,NA,"line",NA,NA,"#FFCC66","#FFFFFF",0,"01100"
"entry4781","2127","pmk:MDS_0336 / pmk:MDS_1195","gene","http://www.kegg.jp/dbget-bin/www_bget?pmk:MDS_0336+pmk:MDS_1195",NA,"rn:R01086",NA,NA,NA,"line",NA,NA,"#FFCC66","#FFFFFF",0,"01100"
"entry4782","2129","pmk:MDS_1160","gene","http://www.kegg.jp/dbget-bin/www_bget?pmk:MDS_1160",NA,"rn:R00552 rn:R00557 rn:R11711",NA,NA,NA,"line",NA,NA,"#FFCC66","#FFFFFF",0,"01100"
"entry4783","2133","pmk:MDS_0715 / pmk:MDS_0972","gene","http://www.kegg.jp/dbget-bin/www_bget?pmk:MDS_0715+pmk:MDS_0972",NA,"rn:R01071",NA,NA,NA,"line",NA,NA,"#FFCC66","#FFFFFF",0,"01100"
"entry4784","2137","pmk:MDS_4584 / pmk:MDS_4587","gene","http://www.kegg.jp/dbget-bin/www_bget?pmk:MDS_4584+pmk:MDS_4587",NA,"rn:R04558",NA,NA,NA,"line",NA,NA,"#FFCC66","#FFFFFF",0,"01100"
"entry4785","2139","pmk:MDS_0973","gene","http://www.kegg.jp/dbget-bin/www_bget?pmk:MDS_0973",NA,"rn:R01163",NA,NA,NA,"line",NA,NA,"#FFCC66","#FFFFFF",0,"01100"
"entry4786","2141","pmk:MDS_2584 / pmk:MDS_2661 / pmk:MDS_3241","gene","http://www.kegg.jp/dbget-bin/www_bget?pmk:MDS_2584+pmk:MDS_2661+pmk:MDS_3241",NA,"rn:R01826",NA,NA,NA,"line",NA,NA,"#FFCC66","#FFFFFF",0,"01100"
"entry4787","2143","pmk:MDS_0585","gene","http://www.kegg.jp/dbget-bin/www_bget?pmk:MDS_0585",NA,"rn:R03083",NA,NA,NA,"line",NA,NA,"#FFCC66","#FFFFFF",0,"01100"
"entry4788","2144","pmk:MDS_0802 / pmk:MDS_4142","gene","http://www.kegg.jp/dbget-bin/www_bget?pmk:MDS_0802+pmk:MDS_4142",NA,"rn:R03084",NA,NA,NA,"line",NA,NA,"#FFCC66","#FFFFFF",0,"01100"
"entry4789","2145","pmk:MDS_0692 / pmk:MDS_2653","gene","http://www.kegg.jp/dbget-bin/www_bget?pmk:MDS_0692+pmk:MDS_2653",NA,"rn:R00582 rn:R12342 rn:R12344",NA,NA,NA,"line",NA,NA,"#FFCC66","#FFFFFF",0,"01100"
"entry4790","2146","pmk:MDS_0584","gene","http://www.kegg.jp/dbget-bin/www_bget?pmk:MDS_0584",NA,"rn:R02412",NA,NA,NA,"line",NA,NA,"#FFCC66","#FFFFFF",0,"01100"
"entry4791","2147","pmk:MDS_1958","gene","http://www.kegg.jp/dbget-bin/www_bget?pmk:MDS_1958",NA,"rn:R03460",NA,NA,NA,"line",NA,NA,"#FFCC66","#FFFFFF",0,"01100"
"entry4792","2148","pmk:MDS_4330 / pmk:MDS_4331","gene","http://www.kegg.jp/dbget-bin/www_bget?pmk:MDS_4330+pmk:MDS_4331",NA,"rn:R00985 rn:R00986",NA,NA,NA,"line",NA,NA,"#FFCC66","#FFFFFF",0,"01100"
"entry4793","2149","pmk:MDS_4329","gene","http://www.kegg.jp/dbget-bin/www_bget?pmk:MDS_4329",NA,"rn:R01073",NA,NA,NA,"line",NA,NA,"#FFCC66","#FFFFFF",0,"01100"
"entry4794","2150","pmk:MDS_2002","gene","http://www.kegg.jp/dbget-bin/www_bget?pmk:MDS_2002",NA,"rn:R03509",NA,NA,NA,"line",NA,NA,"#FFCC66","#FFFFFF",0,"01100"
"entry4795","2151","pmk:MDS_4328","gene","http://www.kegg.jp/dbget-bin/www_bget?pmk:MDS_4328",NA,"rn:R03508",NA,NA,NA,"line",NA,NA,"#FFCC66","#FFFFFF",0,"01100"
"entry4796","2152","pmk:MDS_1956","gene","http://www.kegg.jp/dbget-bin/www_bget?pmk:MDS_1956",NA,"rn:R01715",NA,NA,NA,"line",NA,NA,"#FFCC66","#FFFFFF",0,"01100"
"entry4797","2153","pmk:MDS_0974 / pmk:MDS_1957 / pmk:MDS_1980 / pmk:MDS_3413","gene","http://www.kegg.jp/dbget-bin/www_bget?pmk:MDS_0974+pmk:MDS_1957+pmk:MDS_1980+pmk:MDS_3413",NA,"rn:R00688 rn:R00689 rn:R00692 rn:R00694",NA,NA,NA,"line",NA,NA,"#FFCC66","#FFFFFF",0,"01100"
"entry4798","2155","pmk:MDS_3147 / pmk:MDS_4145","gene","http://www.kegg.jp/dbget-bin/www_bget?pmk:MDS_3147+pmk:MDS_4145",NA,"rn:R02521",NA,NA,NA,"line",NA,NA,"#FFCC66","#FFFFFF",0,"01100"
"entry4799","2158","pmk:MDS_3146","gene","http://www.kegg.jp/dbget-bin/www_bget?pmk:MDS_3146",NA,"rn:R02519",NA,NA,NA,"line",NA,NA,"#FFCC66","#FFFFFF",0,"01100"
"entry4800","2159","pmk:MDS_3144","gene","http://www.kegg.jp/dbget-bin/www_bget?pmk:MDS_3144",NA,"rn:R03181",NA,NA,NA,"line",NA,NA,"#FFCC66","#FFFFFF",0,"01100"
"entry4801","2164","pmk:MDS_0117 / pmk:MDS_2843 / pmk:MDS_3305","gene","http://www.kegg.jp/dbget-bin/www_bget?pmk:MDS_0117+pmk:MDS_2843+pmk:MDS_3305",NA,"rn:R04880",NA,NA,NA,"line",NA,NA,"#FFCC66","#FFFFFF",0,"01100"
"entry4802","2182","pmk:MDS_0152 / pmk:MDS_1406 / pmk:MDS_1412 / pmk:MDS_2306 / pmk:MDS_2894 / pmk:MDS_3235","gene","http://www.kegg.jp/dbget-bin/www_bget?pmk:MDS_0152+pmk:MDS_1406+pmk:MDS_1412+pmk:MDS_2306+pmk:MDS_2894+pmk:MDS_3235",NA,"rn:R00483 rn:R00485 rn:R00578",NA,NA,NA,"line",NA,NA,"#FFCC66","#FFFFFF",0,"01100"
"entry4803","2183","pmk:MDS_4107","gene","http://www.kegg.jp/dbget-bin/www_bget?pmk:MDS_4107",NA,"rn:R03313",NA,NA,NA,"line",NA,NA,"#FFCC66","#FFFFFF",0,"01100"
"entry4804","2184","pmk:MDS_3981","gene","http://www.kegg.jp/dbget-bin/www_bget?pmk:MDS_3981",NA,"rn:R00239",NA,NA,NA,"line",NA,NA,"#FFCC66","#FFFFFF",0,"01100"
"entry4805","2185","pmk:MDS_4710","gene","http://www.kegg.jp/dbget-bin/www_bget?pmk:MDS_4710",NA,"rn:R02649",NA,NA,NA,"line",NA,NA,"#FFCC66","#FFFFFF",0,"01100"
"entry4806","2186","pmk:MDS_4317","gene","http://www.kegg.jp/dbget-bin/www_bget?pmk:MDS_4317",NA,"rn:R03443",NA,NA,NA,"line",NA,NA,"#FFCC66","#FFFFFF",0,"01100"
"entry4807","2187","pmk:MDS_1558 / pmk:MDS_4385","gene","http://www.kegg.jp/dbget-bin/www_bget?pmk:MDS_1558+pmk:MDS_4385",NA,"rn:R02283",NA,NA,NA,"line",NA,NA,"#FFCC66","#FFFFFF",0,"01100"
"entry4808","2188","pmk:MDS_1158","gene","http://www.kegg.jp/dbget-bin/www_bget?pmk:MDS_1158",NA,"rn:R00149 rn:R00150",NA,NA,NA,"line",NA,NA,"#FFCC66","#FFFFFF",0,"01100"
"entry4809","2191","pmk:MDS_2926","gene","http://www.kegg.jp/dbget-bin/www_bget?pmk:MDS_2926",NA,"rn:R07415",NA,NA,NA,"line",NA,NA,"#FFCC66","#FFFFFF",0,"01100"
"entry4810","2193","pmk:MDS_0810 / pmk:MDS_2221","gene","http://www.kegg.jp/dbget-bin/www_bget?pmk:MDS_0810+pmk:MDS_2221",NA,"rn:R00566",NA,NA,NA,"line",NA,NA,"#FFCC66","#FFFFFF",0,"01100"
"entry4811","2196","pmk:MDS_1980 / pmk:MDS_3413","gene","http://www.kegg.jp/dbget-bin/www_bget?pmk:MDS_1980+pmk:MDS_3413",NA,"rn:R00648 rn:R07396 rn:R12055",NA,NA,NA,"line",NA,NA,"#FFCC66","#FFFFFF",0,"01100"
"entry4812","2197","pmk:MDS_4395","gene","http://www.kegg.jp/dbget-bin/www_bget?pmk:MDS_4395",NA,"rn:R02285 rn:R02287",NA,NA,NA,"line",NA,NA,"#FFCC66","#FFFFFF",0,"01100"
"entry4813","2199","pmk:MDS_0129","gene","http://www.kegg.jp/dbget-bin/www_bget?pmk:MDS_0129",NA,"rn:R00490",NA,NA,NA,"line",NA,NA,"#FFCC66","#FFFFFF",0,"01100"
"entry4814","2200","pmk:MDS_4396","gene","http://www.kegg.jp/dbget-bin/www_bget?pmk:MDS_4396",NA,"rn:R02288",NA,NA,NA,"line",NA,NA,"#FFCC66","#FFFFFF",0,"01100"
"entry4815","2201","pmk:MDS_4393","gene","http://www.kegg.jp/dbget-bin/www_bget?pmk:MDS_4393",NA,"rn:R02914",NA,NA,NA,"line",NA,NA,"#FFCC66","#FFFFFF",0,"01100"
"entry4816","2202","pmk:MDS_2560 / pmk:MDS_3162","gene","http://www.kegg.jp/dbget-bin/www_bget?pmk:MDS_2560+pmk:MDS_3162",NA,"rn:R00650 rn:R00946 rn:R02821 rn:R04405",NA,NA,NA,"line",NA,NA,"#FFCC66","#FFFFFF",0,"01100"
"entry4817","2203","pmk:MDS_0054 / pmk:MDS_1565 / pmk:MDS_4066 / pmk:MDS_4553","gene","http://www.kegg.jp/dbget-bin/www_bget?pmk:MDS_0054+pmk:MDS_1565+pmk:MDS_4066+pmk:MDS_4553",NA,"rn:R00996",NA,NA,NA,"line",NA,NA,"#FFCC66","#FFFFFF",0,"01100"
"entry4818","2205","pmk:MDS_3059 / pmk:MDS_3869 / pmk:MDS_3870","gene","http://www.kegg.jp/dbget-bin/www_bget?pmk:MDS_3059+pmk:MDS_3869+pmk:MDS_3870",NA,"rn:R08648",NA,NA,NA,"line",NA,NA,"#FFCC66","#FFFFFF",0,"01100"
"entry4819","2207","pmk:MDS_4537","gene","http://www.kegg.jp/dbget-bin/www_bget?pmk:MDS_4537",NA,"rn:R05070",NA,NA,NA,"line",NA,NA,"#FFCC66","#FFFFFF",0,"01100"
"entry4820","2208","pmk:MDS_0651 / pmk:MDS_1783 / pmk:MDS_3545","gene","http://www.kegg.jp/dbget-bin/www_bget?pmk:MDS_0651+pmk:MDS_1783+pmk:MDS_3545",NA,"rn:R02196 rn:R02197 rn:R02199",NA,NA,NA,"line",NA,NA,"#FFCC66","#FFFFFF",0,"01100"
"entry4821","2209","pmk:MDS_3059 / pmk:MDS_3869 / pmk:MDS_3870","gene","http://www.kegg.jp/dbget-bin/www_bget?pmk:MDS_3059+pmk:MDS_3869+pmk:MDS_3870",NA,"rn:R00226",NA,NA,NA,"line",NA,NA,"#FFCC66","#FFFFFF",0,"01100"
"entry4822","2210","pmk:MDS_3457 / pmk:MDS_3757","gene","http://www.kegg.jp/dbget-bin/www_bget?pmk:MDS_3457+pmk:MDS_3757",NA,"rn:R01213",NA,NA,NA,"line",NA,NA,"#FFCC66","#FFFFFF",0,"01100"
"entry4823","2211","pmk:MDS_1995 / pmk:MDS_1996 / pmk:MDS_2818 / pmk:MDS_2819","gene","http://www.kegg.jp/dbget-bin/www_bget?pmk:MDS_1995+pmk:MDS_1996+pmk:MDS_2818+pmk:MDS_2819",NA,"rn:R03968 rn:R04001",NA,NA,NA,"line",NA,NA,"#FFCC66","#FFFFFF",0,"01100"
"entry4824","2212","pmk:MDS_1997","gene","http://www.kegg.jp/dbget-bin/www_bget?pmk:MDS_1997",NA,"rn:R04426",NA,NA,NA,"line",NA,NA,"#FFCC66","#FFFFFF",0,"01100"
"entry4825","2213","pmk:MDS_0651 / pmk:MDS_1783 / pmk:MDS_3545","gene","http://www.kegg.jp/dbget-bin/www_bget?pmk:MDS_0651+pmk:MDS_1783+pmk:MDS_3545",NA,"rn:R01088 rn:R01090",NA,NA,NA,"line",NA,NA,"#FFCC66","#FFFFFF",0,"01100"
"entry4826","2214","pmk:MDS_0651 / pmk:MDS_1783 / pmk:MDS_2241 / pmk:MDS_3545","gene","http://www.kegg.jp/dbget-bin/www_bget?pmk:MDS_0651+pmk:MDS_1783+pmk:MDS_2241+pmk:MDS_3545",NA,"rn:R01214 rn:R01215 rn:R01434",NA,NA,NA,"line",NA,NA,"#FFCC66","#FFFFFF",0,"01100"
"entry4827","2215","pmk:MDS_0621 / pmk:MDS_4392","gene","http://www.kegg.jp/dbget-bin/www_bget?pmk:MDS_0621+pmk:MDS_4392",NA,"rn:R01168",NA,NA,NA,"line",NA,NA,"#FFCC66","#FFFFFF",0,"01100"
"entry4828","2216","pmk:MDS_0079 / pmk:MDS_4143","gene","http://www.kegg.jp/dbget-bin/www_bget?pmk:MDS_0079+pmk:MDS_4143",NA,"rn:R02413 rn:R02415 rn:R06847",NA,NA,NA,"line",NA,NA,"#FFCC66","#FFFFFF",0,"01100"
"entry4829","2218","pmk:MDS_1634 / pmk:MDS_2865 / pmk:MDS_3526","gene","http://www.kegg.jp/dbget-bin/www_bget?pmk:MDS_1634+pmk:MDS_2865+pmk:MDS_3526",NA,"rn:R00927",NA,NA,NA,"line",NA,NA,"#FFCC66","#FFFFFF",0,"01100"
"entry4830","2219","pmk:MDS_1633 / pmk:MDS_2116 / pmk:MDS_2222 / pmk:MDS_2614 / pmk:MDS_2861 / pmk:MDS_3611","gene","http://www.kegg.jp/dbget-bin/www_bget?pmk:MDS_1633+pmk:MDS_2116+pmk:MDS_2222+pmk:MDS_2614+pmk:MDS_2861+pmk:MDS_3611",NA,"rn:R04204",NA,NA,NA,"line",NA,NA,"#FFCC66","#FFFFFF",0,"01100"
"entry4831","2220","pmk:MDS_0639 / pmk:MDS_0672 / pmk:MDS_0985 / pmk:MDS_2067 / pmk:MDS_2330 / pmk:MDS_3250 / pmk:MDS_3406","gene","http://www.kegg.jp/dbget-bin/www_bget?pmk:MDS_0639+pmk:MDS_0672+pmk:MDS_0985+pmk:MDS_2067+pmk:MDS_2330+pmk:MDS_3250+pmk:MDS_3406",NA,"rn:R03172",NA,NA,NA,"line",NA,NA,"#FFCC66","#FFFFFF",0,"01100"
"entry4832","2222","pmk:MDS_0672 / pmk:MDS_0985 / pmk:MDS_2067 / pmk:MDS_2330 / pmk:MDS_2688 / pmk:MDS_3250 / pmk:MDS_3406","gene","http://www.kegg.jp/dbget-bin/www_bget?pmk:MDS_0672+pmk:MDS_0985+pmk:MDS_2067+pmk:MDS_2330+pmk:MDS_2688+pmk:MDS_3250+pmk:MDS_3406",NA,"rn:R04095",NA,NA,NA,"line",NA,NA,"#FFCC66","#FFFFFF",0,"01100"
"entry4833","2223","pmk:MDS_2689 / pmk:MDS_2691","gene","http://www.kegg.jp/dbget-bin/www_bget?pmk:MDS_2689+pmk:MDS_2691",NA,"rn:R04138",NA,NA,NA,"line",NA,NA,"#FFCC66","#FFFFFF",0,"01100"
"entry4834","2224","pmk:MDS_2690","gene","http://www.kegg.jp/dbget-bin/www_bget?pmk:MDS_2690",NA,"rn:R02085",NA,NA,NA,"line",NA,NA,"#FFCC66","#FFFFFF",0,"01100"
"entry4835","2226","pmk:MDS_3867","gene","http://www.kegg.jp/dbget-bin/www_bget?pmk:MDS_3867",NA,"rn:R05068 rn:R05069",NA,NA,NA,"line",NA,NA,"#FFCC66","#FFFFFF",0,"01100"
"entry4836","2229","pmk:MDS_1956","gene","http://www.kegg.jp/dbget-bin/www_bget?pmk:MDS_1956",NA,"rn:R01373",NA,NA,NA,"line",NA,NA,"#FFCC66","#FFFFFF",0,"01100"
"entry4837","2230","pmk:MDS_0634","gene","http://www.kegg.jp/dbget-bin/www_bget?pmk:MDS_0634",NA,"rn:R01287 rn:R02026",NA,NA,NA,"line",NA,NA,"#FFCC66","#FFFFFF",0,"01100"
"entry4838","2234","pmk:MDS_0672 / pmk:MDS_0985 / pmk:MDS_2067 / pmk:MDS_2330 / pmk:MDS_2981 / pmk:MDS_3250 / pmk:MDS_3406","gene","http://www.kegg.jp/dbget-bin/www_bget?pmk:MDS_0672+pmk:MDS_0985+pmk:MDS_2067+pmk:MDS_2330+pmk:MDS_2981+pmk:MDS_3250+pmk:MDS_3406",NA,"rn:R01278 rn:R01279",NA,NA,NA,"line",NA,NA,"#80CCCC","#FFFFFF",0,"01100"
"entry4839","2235","pmk:MDS_1633 / pmk:MDS_2116 / pmk:MDS_2222 / pmk:MDS_2614 / pmk:MDS_2861 / pmk:MDS_3611","gene","http://www.kegg.jp/dbget-bin/www_bget?pmk:MDS_1633+pmk:MDS_2116+pmk:MDS_2222+pmk:MDS_2614+pmk:MDS_2861+pmk:MDS_3611",NA,"rn:R04738",NA,NA,NA,"line",NA,NA,"#80CCCC","#FFFFFF",0,"01100"
"entry4840","2236","pmk:MDS_1633 / pmk:MDS_2116 / pmk:MDS_2754","gene","http://www.kegg.jp/dbget-bin/www_bget?pmk:MDS_1633+pmk:MDS_2116+pmk:MDS_2754",NA,"rn:R04737",NA,NA,NA,"line",NA,NA,"#80CCCC","#FFFFFF",0,"01100"
"entry4841","2237","pmk:MDS_0672 / pmk:MDS_0985 / pmk:MDS_2067 / pmk:MDS_2330 / pmk:MDS_2981 / pmk:MDS_3250 / pmk:MDS_3406","gene","http://www.kegg.jp/dbget-bin/www_bget?pmk:MDS_0672+pmk:MDS_0985+pmk:MDS_2067+pmk:MDS_2330+pmk:MDS_2981+pmk:MDS_3250+pmk:MDS_3406",NA,"rn:R03989 rn:R03990",NA,NA,NA,"line",NA,NA,"#80CCCC","#FFFFFF",0,"01100"
"entry4842","2238","pmk:MDS_1633 / pmk:MDS_2116 / pmk:MDS_2222 / pmk:MDS_2614 / pmk:MDS_2861 / pmk:MDS_3611","gene","http://www.kegg.jp/dbget-bin/www_bget?pmk:MDS_1633+pmk:MDS_2116+pmk:MDS_2222+pmk:MDS_2614+pmk:MDS_2861+pmk:MDS_3611",NA,"rn:R04740",NA,NA,NA,"line",NA,NA,"#80CCCC","#FFFFFF",0,"01100"
"entry4843","2239","pmk:MDS_1633 / pmk:MDS_2116 / pmk:MDS_2754","gene","http://www.kegg.jp/dbget-bin/www_bget?pmk:MDS_1633+pmk:MDS_2116+pmk:MDS_2754",NA,"rn:R04739",NA,NA,NA,"line",NA,NA,"#80CCCC","#FFFFFF",0,"01100"
"entry4844","2240","pmk:MDS_1634 / pmk:MDS_2865 / pmk:MDS_3526","gene","http://www.kegg.jp/dbget-bin/www_bget?pmk:MDS_1634+pmk:MDS_2865+pmk:MDS_3526",NA,"rn:R03858",NA,NA,NA,"line",NA,NA,"#80CCCC","#FFFFFF",0,"01100"
"entry4845","2242","pmk:MDS_0672 / pmk:MDS_0985 / pmk:MDS_2067 / pmk:MDS_2330 / pmk:MDS_2981 / pmk:MDS_3250 / pmk:MDS_3406","gene","http://www.kegg.jp/dbget-bin/www_bget?pmk:MDS_0672+pmk:MDS_0985+pmk:MDS_2067+pmk:MDS_2330+pmk:MDS_2981+pmk:MDS_3250+pmk:MDS_3406",NA,"rn:R03856 rn:R03857",NA,NA,NA,"line",NA,NA,"#80CCCC","#FFFFFF",0,"01100"
"entry4846","2243","pmk:MDS_1633 / pmk:MDS_2116 / pmk:MDS_2222 / pmk:MDS_2614 / pmk:MDS_2861 / pmk:MDS_3611","gene","http://www.kegg.jp/dbget-bin/www_bget?pmk:MDS_1633+pmk:MDS_2116+pmk:MDS_2222+pmk:MDS_2614+pmk:MDS_2861+pmk:MDS_3611",NA,"rn:R04170",NA,NA,NA,"line",NA,NA,"#80CCCC","#FFFFFF",0,"01100"
"entry4847","2244","pmk:MDS_1633 / pmk:MDS_2116 / pmk:MDS_2754","gene","http://www.kegg.jp/dbget-bin/www_bget?pmk:MDS_1633+pmk:MDS_2116+pmk:MDS_2754",NA,"rn:R04741",NA,NA,NA,"line",NA,NA,"#80CCCC","#FFFFFF",0,"01100"
"entry4848","2245","pmk:MDS_1634 / pmk:MDS_2865 / pmk:MDS_3526","gene","http://www.kegg.jp/dbget-bin/www_bget?pmk:MDS_1634+pmk:MDS_2865+pmk:MDS_3526",NA,"rn:R04742",NA,NA,NA,"line",NA,NA,"#80CCCC","#FFFFFF",0,"01100"
"entry4849","2247","pmk:MDS_0672 / pmk:MDS_0985 / pmk:MDS_2067 / pmk:MDS_2330 / pmk:MDS_2981 / pmk:MDS_3250 / pmk:MDS_3406","gene","http://www.kegg.jp/dbget-bin/www_bget?pmk:MDS_0672+pmk:MDS_0985+pmk:MDS_2067+pmk:MDS_2330+pmk:MDS_2981+pmk:MDS_3250+pmk:MDS_3406",NA,"rn:R04753 rn:R04754",NA,NA,NA,"line",NA,NA,"#80CCCC","#FFFFFF",0,"01100"
"entry4850","2248","pmk:MDS_1633 / pmk:MDS_2116 / pmk:MDS_2222 / pmk:MDS_2614 / pmk:MDS_2861 / pmk:MDS_3611","gene","http://www.kegg.jp/dbget-bin/www_bget?pmk:MDS_1633+pmk:MDS_2116+pmk:MDS_2222+pmk:MDS_2614+pmk:MDS_2861+pmk:MDS_3611",NA,"rn:R04744",NA,NA,NA,"line",NA,NA,"#80CCCC","#FFFFFF",0,"01100"
"entry4851","2249","pmk:MDS_1633 / pmk:MDS_2116 / pmk:MDS_2754","gene","http://www.kegg.jp/dbget-bin/www_bget?pmk:MDS_1633+pmk:MDS_2116+pmk:MDS_2754",NA,"rn:R04743",NA,NA,NA,"line",NA,NA,"#80CCCC","#FFFFFF",0,"01100"
"entry4852","2250","pmk:MDS_1634 / pmk:MDS_2865 / pmk:MDS_3526","gene","http://www.kegg.jp/dbget-bin/www_bget?pmk:MDS_1634+pmk:MDS_2865+pmk:MDS_3526",NA,"rn:R03778",NA,NA,NA,"line",NA,NA,"#80CCCC","#FFFFFF",0,"01100"
"entry4853","2252","pmk:MDS_0672 / pmk:MDS_0985 / pmk:MDS_2067 / pmk:MDS_2330 / pmk:MDS_2981 / pmk:MDS_3250 / pmk:MDS_3406","gene","http://www.kegg.jp/dbget-bin/www_bget?pmk:MDS_0672+pmk:MDS_0985+pmk:MDS_2067+pmk:MDS_2330+pmk:MDS_2981+pmk:MDS_3250+pmk:MDS_3406",NA,"rn:R03776 rn:R03777",NA,NA,NA,"line",NA,NA,"#80CCCC","#FFFFFF",0,"01100"
"entry4854","2253","pmk:MDS_1633 / pmk:MDS_2116 / pmk:MDS_2222 / pmk:MDS_2614 / pmk:MDS_2861 / pmk:MDS_3611","gene","http://www.kegg.jp/dbget-bin/www_bget?pmk:MDS_1633+pmk:MDS_2116+pmk:MDS_2222+pmk:MDS_2614+pmk:MDS_2861+pmk:MDS_3611",NA,"rn:R04746",NA,NA,NA,"line",NA,NA,"#80CCCC","#FFFFFF",0,"01100"
"entry4855","2254","pmk:MDS_1633 / pmk:MDS_2116 / pmk:MDS_2754","gene","http://www.kegg.jp/dbget-bin/www_bget?pmk:MDS_1633+pmk:MDS_2116+pmk:MDS_2754",NA,"rn:R04745",NA,NA,NA,"line",NA,NA,"#80CCCC","#FFFFFF",0,"01100"
"entry4856","2255","pmk:MDS_1634 / pmk:MDS_2865 / pmk:MDS_3526","gene","http://www.kegg.jp/dbget-bin/www_bget?pmk:MDS_1634+pmk:MDS_2865+pmk:MDS_3526",NA,"rn:R04747",NA,NA,NA,"line",NA,NA,"#80CCCC","#FFFFFF",0,"01100"
"entry4857","2257","pmk:MDS_0639 / pmk:MDS_0672 / pmk:MDS_0985 / pmk:MDS_2067 / pmk:MDS_2330 / pmk:MDS_2981 / pmk:MDS_3250 / pmk:MDS_3406","gene","http://www.kegg.jp/dbget-bin/www_bget?pmk:MDS_0639+pmk:MDS_0672+pmk:MDS_0985+pmk:MDS_2067+pmk:MDS_2330+pmk:MDS_2981+pmk:MDS_3250+pmk:MDS_3406",NA,"rn:R04751 rn:R06985",NA,NA,NA,"line",NA,NA,"#80CCCC","#FFFFFF",0,"01100"
"entry4858","2258","pmk:MDS_1633 / pmk:MDS_2116 / pmk:MDS_2222 / pmk:MDS_2614 / pmk:MDS_2861 / pmk:MDS_3611","gene","http://www.kegg.jp/dbget-bin/www_bget?pmk:MDS_1633+pmk:MDS_2116+pmk:MDS_2222+pmk:MDS_2614+pmk:MDS_2861+pmk:MDS_3611",NA,"rn:R04749",NA,NA,NA,"line",NA,NA,"#80CCCC","#FFFFFF",0,"01100"
"entry4859","2259","pmk:MDS_1633 / pmk:MDS_2116 / pmk:MDS_2754","gene","http://www.kegg.jp/dbget-bin/www_bget?pmk:MDS_1633+pmk:MDS_2116+pmk:MDS_2754",NA,"rn:R04748",NA,NA,NA,"line",NA,NA,"#80CCCC","#FFFFFF",0,"01100"
"entry4860","2260","pmk:MDS_0849 / pmk:MDS_1190 / pmk:MDS_1634 / pmk:MDS_2115 / pmk:MDS_2683 / pmk:MDS_2865 / pmk:MDS_3526 / pmk:MDS_3963 / pmk:MDS_4125","gene","http://www.kegg.jp/dbget-bin/www_bget?pmk:MDS_0849+pmk:MDS_1190+pmk:MDS_1634+pmk:MDS_2115+pmk:MDS_2683+pmk:MDS_2865+pmk:MDS_3526+pmk:MDS_3963+pmk:MDS_4125",NA,"rn:R01177",NA,NA,NA,"line",NA,NA,"#80CCCC","#FFFFFF",0,"01100"
"entry4861","2262","pmk:MDS_0639 / pmk:MDS_0672 / pmk:MDS_0985 / pmk:MDS_2067 / pmk:MDS_2330 / pmk:MDS_2981 / pmk:MDS_3250 / pmk:MDS_3406","gene","http://www.kegg.jp/dbget-bin/www_bget?pmk:MDS_0639+pmk:MDS_0672+pmk:MDS_0985+pmk:MDS_2067+pmk:MDS_2330+pmk:MDS_2981+pmk:MDS_3250+pmk:MDS_3406",NA,"rn:R01171 rn:R01175",NA,NA,NA,"line",NA,NA,"#80CCCC","#FFFFFF",0,"01100"
"entry4862","2263","pmk:MDS_1633 / pmk:MDS_2116 / pmk:MDS_2222 / pmk:MDS_2614 / pmk:MDS_2861 / pmk:MDS_3611","gene","http://www.kegg.jp/dbget-bin/www_bget?pmk:MDS_1633+pmk:MDS_2116+pmk:MDS_2222+pmk:MDS_2614+pmk:MDS_2861+pmk:MDS_3611",NA,"rn:R03026",NA,NA,NA,"line",NA,NA,"#80CCCC","#FFFFFF",0,"01100"
"entry4863","2264","pmk:MDS_1633 / pmk:MDS_2116 / pmk:MDS_2754 / pmk:MDS_2863","gene","http://www.kegg.jp/dbget-bin/www_bget?pmk:MDS_1633+pmk:MDS_2116+pmk:MDS_2754+pmk:MDS_2863",NA,"rn:R01975 rn:R01976",NA,NA,NA,"line",NA,NA,"#80CCCC","#FFFFFF",0,"01100"
"entry4864","2265","pmk:MDS_2209","gene","http://www.kegg.jp/dbget-bin/www_bget?pmk:MDS_2209",NA,"rn:R04969 rn:R04970",NA,NA,NA,"line",NA,NA,"#80CCCC","#FFFFFF",0,"01100"
"entry4865","2266","pmk:MDS_2297 / pmk:MDS_3319","gene","http://www.kegg.jp/dbget-bin/www_bget?pmk:MDS_2297+pmk:MDS_3319",NA,"rn:R04544",NA,NA,NA,"line",NA,NA,"#80CCCC","#FFFFFF",0,"01100"
"entry4866","2267","pmk:MDS_0611 / pmk:MDS_0848 / pmk:MDS_1682 / pmk:MDS_2136 / pmk:MDS_3506 / pmk:MDS_3986 / pmk:MDS_4194","gene","http://www.kegg.jp/dbget-bin/www_bget?pmk:MDS_0611+pmk:MDS_0848+pmk:MDS_1682+pmk:MDS_2136+pmk:MDS_3506+pmk:MDS_3986+pmk:MDS_4194",NA,"rn:R04543",NA,NA,NA,"line",NA,NA,"#80CCCC","#FFFFFF",0,"01100"
"entry4867","2268","pmk:MDS_0601 / pmk:MDS_0610 / pmk:MDS_0613 / pmk:MDS_1684 / pmk:MDS_2296","gene","http://www.kegg.jp/dbget-bin/www_bget?pmk:MDS_0601+pmk:MDS_0610+pmk:MDS_0613+pmk:MDS_1684+pmk:MDS_2296",NA,"rn:R04968",NA,NA,NA,"line",NA,NA,"#80CCCC","#FFFFFF",0,"01100"
"entry4868","2270","pmk:MDS_2209","gene","http://www.kegg.jp/dbget-bin/www_bget?pmk:MDS_2209",NA,"rn:R04966 rn:R04967",NA,NA,NA,"line",NA,NA,"#80CCCC","#FFFFFF",0,"01100"
"entry4869","2271","pmk:MDS_2297 / pmk:MDS_3319","gene","http://www.kegg.jp/dbget-bin/www_bget?pmk:MDS_2297+pmk:MDS_3319",NA,"rn:R04568",NA,NA,NA,"line",NA,NA,"#80CCCC","#FFFFFF",0,"01100"
"entry4870","2272","pmk:MDS_0611 / pmk:MDS_0848 / pmk:MDS_1682 / pmk:MDS_2136 / pmk:MDS_3506 / pmk:MDS_3986 / pmk:MDS_4194","gene","http://www.kegg.jp/dbget-bin/www_bget?pmk:MDS_0611+pmk:MDS_0848+pmk:MDS_1682+pmk:MDS_2136+pmk:MDS_3506+pmk:MDS_3986+pmk:MDS_4194",NA,"rn:R04566",NA,NA,NA,"line",NA,NA,"#80CCCC","#FFFFFF",0,"01100"
"entry4871","2273","pmk:MDS_0601 / pmk:MDS_0610 / pmk:MDS_0613 / pmk:MDS_1684 / pmk:MDS_2296","gene","http://www.kegg.jp/dbget-bin/www_bget?pmk:MDS_0601+pmk:MDS_0610+pmk:MDS_0613+pmk:MDS_1684+pmk:MDS_2296",NA,"rn:R04726",NA,NA,NA,"line",NA,NA,"#80CCCC","#FFFFFF",0,"01100"
"entry4872","2275","pmk:MDS_2209","gene","http://www.kegg.jp/dbget-bin/www_bget?pmk:MDS_2209",NA,"rn:R04724 rn:R04725",NA,NA,NA,"line",NA,NA,"#80CCCC","#FFFFFF",0,"01100"
"entry4873","2276","pmk:MDS_2297 / pmk:MDS_3319","gene","http://www.kegg.jp/dbget-bin/www_bget?pmk:MDS_2297+pmk:MDS_3319",NA,"rn:R04965",NA,NA,NA,"line",NA,NA,"#80CCCC","#FFFFFF",0,"01100"
"entry4874","2277","pmk:MDS_0611 / pmk:MDS_0848 / pmk:MDS_1682 / pmk:MDS_2136 / pmk:MDS_3506 / pmk:MDS_3986 / pmk:MDS_4194","gene","http://www.kegg.jp/dbget-bin/www_bget?pmk:MDS_0611+pmk:MDS_0848+pmk:MDS_1682+pmk:MDS_2136+pmk:MDS_3506+pmk:MDS_3986+pmk:MDS_4194",NA,"rn:R04964",NA,NA,NA,"line",NA,NA,"#80CCCC","#FFFFFF",0,"01100"
"entry4875","2278","pmk:MDS_0601 / pmk:MDS_0610 / pmk:MDS_0613 / pmk:MDS_1684 / pmk:MDS_2296","gene","http://www.kegg.jp/dbget-bin/www_bget?pmk:MDS_0601+pmk:MDS_0610+pmk:MDS_0613+pmk:MDS_1684+pmk:MDS_2296",NA,"rn:R04963",NA,NA,NA,"line",NA,NA,"#80CCCC","#FFFFFF",0,"01100"
"entry4876","2280","pmk:MDS_2209","gene","http://www.kegg.jp/dbget-bin/www_bget?pmk:MDS_2209",NA,"rn:R04961 rn:R04962",NA,NA,NA,"line",NA,NA,"#80CCCC","#FFFFFF",0,"01100"
"entry4877","2281","pmk:MDS_2297 / pmk:MDS_3319","gene","http://www.kegg.jp/dbget-bin/www_bget?pmk:MDS_2297+pmk:MDS_3319",NA,"rn:R04535",NA,NA,NA,"line",NA,NA,"#80CCCC","#FFFFFF",0,"01100"
"entry4878","2282","pmk:MDS_0611 / pmk:MDS_0848 / pmk:MDS_1682 / pmk:MDS_2136 / pmk:MDS_3506 / pmk:MDS_3986 / pmk:MDS_4194","gene","http://www.kegg.jp/dbget-bin/www_bget?pmk:MDS_0611+pmk:MDS_0848+pmk:MDS_1682+pmk:MDS_2136+pmk:MDS_3506+pmk:MDS_3986+pmk:MDS_4194",NA,"rn:R04534",NA,NA,NA,"line",NA,NA,"#80CCCC","#FFFFFF",0,"01100"
"entry4879","2283","pmk:MDS_0601 / pmk:MDS_0610 / pmk:MDS_0613 / pmk:MDS_1684 / pmk:MDS_2296","gene","http://www.kegg.jp/dbget-bin/www_bget?pmk:MDS_0601+pmk:MDS_0610+pmk:MDS_0613+pmk:MDS_1684+pmk:MDS_2296",NA,"rn:R04960",NA,NA,NA,"line",NA,NA,"#80CCCC","#FFFFFF",0,"01100"
"entry4880","2285","pmk:MDS_2209","gene","http://www.kegg.jp/dbget-bin/www_bget?pmk:MDS_2209",NA,"rn:R04958 rn:R04959",NA,NA,NA,"line",NA,NA,"#80CCCC","#FFFFFF",0,"01100"
"entry4881","2286","pmk:MDS_2297 / pmk:MDS_3319","gene","http://www.kegg.jp/dbget-bin/www_bget?pmk:MDS_2297+pmk:MDS_3319",NA,"rn:R04537",NA,NA,NA,"line",NA,NA,"#80CCCC","#FFFFFF",0,"01100"
"entry4882","2287","pmk:MDS_0611 / pmk:MDS_0848 / pmk:MDS_1682 / pmk:MDS_2136 / pmk:MDS_3506 / pmk:MDS_3986 / pmk:MDS_4194","gene","http://www.kegg.jp/dbget-bin/www_bget?pmk:MDS_0611+pmk:MDS_0848+pmk:MDS_1682+pmk:MDS_2136+pmk:MDS_3506+pmk:MDS_3986+pmk:MDS_4194",NA,"rn:R04536",NA,NA,NA,"line",NA,NA,"#80CCCC","#FFFFFF",0,"01100"
"entry4883","2288","pmk:MDS_0601 / pmk:MDS_0610 / pmk:MDS_0613 / pmk:MDS_1684 / pmk:MDS_2296","gene","http://www.kegg.jp/dbget-bin/www_bget?pmk:MDS_0601+pmk:MDS_0610+pmk:MDS_0613+pmk:MDS_1684+pmk:MDS_2296",NA,"rn:R04957",NA,NA,NA,"line",NA,NA,"#80CCCC","#FFFFFF",0,"01100"
"entry4884","2290","pmk:MDS_2209","gene","http://www.kegg.jp/dbget-bin/www_bget?pmk:MDS_2209",NA,"rn:R04955 rn:R04956",NA,NA,NA,"line",NA,NA,"#80CCCC","#FFFFFF",0,"01100"
"entry4885","2291","pmk:MDS_2297 / pmk:MDS_3319","gene","http://www.kegg.jp/dbget-bin/www_bget?pmk:MDS_2297+pmk:MDS_3319",NA,"rn:R04954",NA,NA,NA,"line",NA,NA,"#80CCCC","#FFFFFF",0,"01100"
"entry4886","2292","pmk:MDS_0611 / pmk:MDS_0848 / pmk:MDS_1682 / pmk:MDS_2136 / pmk:MDS_3506 / pmk:MDS_3986 / pmk:MDS_4194","gene","http://www.kegg.jp/dbget-bin/www_bget?pmk:MDS_0611+pmk:MDS_0848+pmk:MDS_1682+pmk:MDS_2136+pmk:MDS_3506+pmk:MDS_3986+pmk:MDS_4194",NA,"rn:R04953",NA,NA,NA,"line",NA,NA,"#80CCCC","#FFFFFF",0,"01100"
"entry4887","2293","pmk:MDS_0601 / pmk:MDS_0610 / pmk:MDS_0613 / pmk:MDS_1684 / pmk:MDS_2296","gene","http://www.kegg.jp/dbget-bin/www_bget?pmk:MDS_0601+pmk:MDS_0610+pmk:MDS_0613+pmk:MDS_1684+pmk:MDS_2296",NA,"rn:R04952",NA,NA,NA,"line",NA,NA,"#80CCCC","#FFFFFF",0,"01100"
"entry4888","2295","pmk:MDS_2209","gene","http://www.kegg.jp/dbget-bin/www_bget?pmk:MDS_2209",NA,"rn:R04429 rn:R04430",NA,NA,NA,"line",NA,NA,"#80CCCC","#FFFFFF",0,"01100"
"entry4889","2296","pmk:MDS_2297 / pmk:MDS_3319","gene","http://www.kegg.jp/dbget-bin/www_bget?pmk:MDS_2297+pmk:MDS_3319",NA,"rn:R04428",NA,NA,NA,"line",NA,NA,"#80CCCC","#FFFFFF",0,"01100"
"entry4890","2297","pmk:MDS_0611 / pmk:MDS_0848 / pmk:MDS_1682 / pmk:MDS_2136 / pmk:MDS_3506 / pmk:MDS_3986 / pmk:MDS_4194","gene","http://www.kegg.jp/dbget-bin/www_bget?pmk:MDS_0611+pmk:MDS_0848+pmk:MDS_1682+pmk:MDS_2136+pmk:MDS_3506+pmk:MDS_3986+pmk:MDS_4194",NA,"rn:R04533",NA,NA,NA,"line",NA,NA,"#80CCCC","#FFFFFF",0,"01100"
"entry4891","2298","pmk:MDS_0601 / pmk:MDS_0610 / pmk:MDS_0613 / pmk:MDS_1684 / pmk:MDS_2296","gene","http://www.kegg.jp/dbget-bin/www_bget?pmk:MDS_0601+pmk:MDS_0610+pmk:MDS_0613+pmk:MDS_1684+pmk:MDS_2296",NA,"rn:R04355",NA,NA,NA,"line",NA,NA,"#80CCCC","#FFFFFF",0,"01100"
"entry4892","2301","pmk:MDS_1553 / pmk:MDS_1554 / pmk:MDS_3608","gene","http://www.kegg.jp/dbget-bin/www_bget?pmk:MDS_1553+pmk:MDS_1554+pmk:MDS_3608",NA,"rn:R01274 rn:R01280",NA,NA,NA,"line",NA,NA,"#80CCCC","#FFFFFF",0,"01100"
"entry4893","2302","pmk:MDS_2692 / pmk:MDS_3401","gene","http://www.kegg.jp/dbget-bin/www_bget?pmk:MDS_2692+pmk:MDS_3401",NA,"rn:R01360",NA,NA,NA,"line",NA,NA,"#80CCCC","#FFFFFF",0,"01100"
"entry4894","2304","pmk:MDS_3324","gene","http://www.kegg.jp/dbget-bin/www_bget?pmk:MDS_3324",NA,"rn:R05688",NA,NA,NA,"line",NA,NA,"#9EE284","#FFFFFF",0,"01100"
"entry4895","2305","pmk:MDS_3308","gene","http://www.kegg.jp/dbget-bin/www_bget?pmk:MDS_3308",NA,"rn:R05633",NA,NA,NA,"line",NA,NA,"#9EE284","#FFFFFF",0,"01100"
"entry4896","2306","pmk:MDS_1115","gene","http://www.kegg.jp/dbget-bin/www_bget?pmk:MDS_1115",NA,"rn:R05634",NA,NA,NA,"line",NA,NA,"#9EE284","#FFFFFF",0,"01100"
"entry4897","2307","pmk:MDS_3303","gene","http://www.kegg.jp/dbget-bin/www_bget?pmk:MDS_3303",NA,"rn:R05637",NA,NA,NA,"line",NA,NA,"#9EE284","#FFFFFF",0,"01100"
"entry4898","2308","pmk:MDS_3765","gene","http://www.kegg.jp/dbget-bin/www_bget?pmk:MDS_3765",NA,"rn:R08689 rn:R10859",NA,NA,NA,"line",NA,NA,"#9EE284","#FFFFFF",0,"01100"
"entry4899","2309","pmk:MDS_1044","gene","http://www.kegg.jp/dbget-bin/www_bget?pmk:MDS_1044",NA,"rn:R05884",NA,NA,NA,"line",NA,NA,"#9EE284","#FFFFFF",0,"01100"
"entry4900","2399","pmk:MDS_4554","gene","http://www.kegg.jp/dbget-bin/www_bget?pmk:MDS_4554",NA,"rn:R01056",NA,NA,NA,"line",NA,NA,"#CC99FF","#FFFFFF",0,"01100"
"entry4901","2400","pmk:MDS_0492 / pmk:MDS_1706 / pmk:MDS_1707","gene","http://www.kegg.jp/dbget-bin/www_bget?pmk:MDS_0492+pmk:MDS_1706+pmk:MDS_1707",NA,"rn:R01641",NA,NA,NA,"line",NA,NA,"#CC99FF","#FFFFFF",0,"01100"
"entry4902","2402","pmk:MDS_0497","gene","http://www.kegg.jp/dbget-bin/www_bget?pmk:MDS_0497",NA,"rn:R01829",NA,NA,NA,"line",NA,NA,"#CC99FF","#FFFFFF",0,"01100"
"entry4903","2403","pmk:MDS_0492 / pmk:MDS_1706 / pmk:MDS_1707","gene","http://www.kegg.jp/dbget-bin/www_bget?pmk:MDS_0492+pmk:MDS_1706+pmk:MDS_1707",NA,"rn:R00761 rn:R01067",NA,NA,NA,"line",NA,NA,"#CC99FF","#FFFFFF",0,"01100"
"entry4904","2404","pmk:MDS_0546","gene","http://www.kegg.jp/dbget-bin/www_bget?pmk:MDS_0546",NA,"rn:R00762 rn:R00756 rn:R05805",NA,NA,NA,"line",NA,NA,"#CC99FF","#FFFFFF",0,"01100"
"entry4905","2405","pmk:MDS_1341 / pmk:MDS_1646","gene","http://www.kegg.jp/dbget-bin/www_bget?pmk:MDS_1341+pmk:MDS_1646",NA,"rn:R01061 rn:R01063",NA,NA,NA,"line",NA,NA,"#CC99FF","#FFFFFF",0,"01100"
"entry4906","2406","pmk:MDS_0494","gene","http://www.kegg.jp/dbget-bin/www_bget?pmk:MDS_0494",NA,"rn:R01512",NA,NA,NA,"line",NA,NA,"#CC99FF","#FFFFFF",0,"01100"
"entry4907","2408","pmk:MDS_4333","gene","http://www.kegg.jp/dbget-bin/www_bget?pmk:MDS_4333",NA,"rn:R01529",NA,NA,NA,"line",NA,NA,"#CC99FF","#FFFFFF",0,"01100"
"entry4908","2409","pmk:MDS_0578","gene","http://www.kegg.jp/dbget-bin/www_bget?pmk:MDS_0578",NA,"rn:R00214 rn:R00216",NA,NA,NA,"line",NA,NA,"#CC99FF","#FFFFFF",0,"01100"
"entry4909","2412","pmk:MDS_3687","gene","http://www.kegg.jp/dbget-bin/www_bget?pmk:MDS_3687",NA,"rn:R00345",NA,NA,NA,"line",NA,NA,"#CC99FF","#FFFFFF",0,"01100"
"entry4910","2417","pmk:MDS_4445","gene","http://www.kegg.jp/dbget-bin/www_bget?pmk:MDS_4445",NA,"rn:R00604 rn:R00614",NA,NA,NA,"line",NA,NA,"#CC99FF","#FFFFFF",0,"01100"
"entry4911","2418","pmk:MDS_0446 / pmk:MDS_0447 / pmk:MDS_0448 / pmk:MDS_0449 / pmk:MDS_0823 / pmk:MDS_0824 / pmk:MDS_0825 / pmk:MDS_0826 / pmk:MDS_4226 / pmk:MDS_4227","gene","http://www.kegg.jp/dbget-bin/www_bget?pmk:MDS_0446+pmk:MDS_0447+pmk:MDS_0448+pmk:MDS_0449+pmk:MDS_0823+pmk:MDS_0824+pmk:MDS_0825+pmk:MDS_0826+pmk:MDS_4226+pmk:MDS_4227",NA,"rn:R00134 rn:R00519 rn:R10797",NA,NA,NA,"line",NA,NA,"#CC99FF","#FFFFFF",0,"01100"
"entry4912","2422","pmk:MDS_0427","gene","http://www.kegg.jp/dbget-bin/www_bget?pmk:MDS_0427",NA,"rn:R00341",NA,NA,NA,"line",NA,NA,"#CC99FF","#FFFFFF",0,"01100"
"entry4913","2426","pmk:MDS_0455 / pmk:MDS_1447","gene","http://www.kegg.jp/dbget-bin/www_bget?pmk:MDS_0455+pmk:MDS_1447",NA,"rn:R01993",NA,NA,NA,"line",NA,NA,"#FF8080","#FFFFFF",0,"01100"
"entry4914","2427","pmk:MDS_3289","gene","http://www.kegg.jp/dbget-bin/www_bget?pmk:MDS_3289",NA,"rn:R01867 rn:R01868 rn:R01869",NA,NA,NA,"line",NA,NA,"#FF8080","#FFFFFF",0,"01100"
"entry4915","2428","pmk:MDS_3328","gene","http://www.kegg.jp/dbget-bin/www_bget?pmk:MDS_3328",NA,"rn:R00155 rn:R00158",NA,NA,NA,"line",NA,NA,"#FF8080","#FFFFFF",0,"01100"
"entry4916","2429","pmk:MDS_3769","gene","http://www.kegg.jp/dbget-bin/www_bget?pmk:MDS_3769",NA,"rn:R00156 rn:R00159",NA,NA,NA,"line",NA,NA,"#FF8080","#FFFFFF",0,"01100"
"entry4917","2430","pmk:MDS_1463 / pmk:MDS_3312","gene","http://www.kegg.jp/dbget-bin/www_bget?pmk:MDS_1463+pmk:MDS_3312",NA,"rn:R00571 rn:R00573 rn:R00568",NA,NA,NA,"line",NA,NA,"#FF8080","#FFFFFF",0,"01100"
"entry4918","2431","pmk:MDS_3769","gene","http://www.kegg.jp/dbget-bin/www_bget?pmk:MDS_3769",NA,"rn:R00569 rn:R00570",NA,NA,NA,"line",NA,NA,"#FF8080","#FFFFFF",0,"01100"
"entry4919","2432","pmk:MDS_1959","gene","http://www.kegg.jp/dbget-bin/www_bget?pmk:MDS_1959",NA,"rn:R00512 rn:R00514",NA,NA,NA,"line",NA,NA,"#FF8080","#FFFFFF",0,"01100"
"entry4920","2433","pmk:MDS_0451 / pmk:MDS_1089 / pmk:MDS_2657 / pmk:MDS_3301","gene","http://www.kegg.jp/dbget-bin/www_bget?pmk:MDS_0451+pmk:MDS_1089+pmk:MDS_2657+pmk:MDS_3301",NA,"rn:R00511 rn:R00513 rn:R00516 rn:R00517 rn:R00962 rn:R01548 rn:R02091 rn:R02096 rn:R02371 rn:R02372",NA,NA,NA,"line",NA,NA,"#FF8080","#FFFFFF",0,"01100"
"entry4921","2434","pmk:MDS_0451 / pmk:MDS_1089 / pmk:MDS_2657 / pmk:MDS_3301","gene","http://www.kegg.jp/dbget-bin/www_bget?pmk:MDS_0451+pmk:MDS_1089+pmk:MDS_2657+pmk:MDS_3301",NA,"rn:R00963 rn:R00964 rn:R00967 rn:R00968 rn:R00970 rn:R01549 rn:R01880 rn:R02097 rn:R02327 rn:R02332",NA,NA,NA,"line",NA,NA,"#FF8080","#FFFFFF",0,"01100"
"entry4922","2436","pmk:MDS_2250","gene","http://www.kegg.jp/dbget-bin/www_bget?pmk:MDS_2250",NA,"rn:R01080 rn:R01876",NA,NA,NA,"line",NA,NA,"#FF8080","#FFFFFF",0,"01100"
"entry4923","2437","pmk:MDS_1548","gene","http://www.kegg.jp/dbget-bin/www_bget?pmk:MDS_1548",NA,"rn:R00974",NA,NA,NA,"line",NA,NA,"#FF8080","#FFFFFF",0,"01100"
"entry4924","2438","pmk:MDS_2250","gene","http://www.kegg.jp/dbget-bin/www_bget?pmk:MDS_2250",NA,"rn:R02137 rn:R02296",NA,NA,NA,"line",NA,NA,"#FF8080","#FFFFFF",0,"01100"
"entry4925","2439","pmk:MDS_2400","gene","http://www.kegg.jp/dbget-bin/www_bget?pmk:MDS_2400",NA,"rn:R02022 rn:R11636",NA,NA,NA,"line",NA,NA,"#FF8080","#FFFFFF",0,"01100"
"entry4926","2440","pmk:MDS_3431 / pmk:MDS_3432","gene","http://www.kegg.jp/dbget-bin/www_bget?pmk:MDS_3431+pmk:MDS_3432",NA,"rn:R02024",NA,NA,NA,"line",NA,NA,"#FF8080","#FFFFFF",0,"01100"
"entry4927","2441","pmk:MDS_1463","gene","http://www.kegg.jp/dbget-bin/www_bget?pmk:MDS_1463",NA,"rn:R02325",NA,NA,NA,"line",NA,NA,"#FF8080","#FFFFFF",0,"01100"
"entry4928","2442","pmk:MDS_4545","gene","http://www.kegg.jp/dbget-bin/www_bget?pmk:MDS_4545",NA,"rn:R02101",NA,NA,NA,"line",NA,NA,"#FF8080","#FFFFFF",0,"01100"
"entry4929","2443","pmk:MDS_3769","gene","http://www.kegg.jp/dbget-bin/www_bget?pmk:MDS_3769",NA,"rn:R02093 rn:R02095",NA,NA,NA,"line",NA,NA,"#FF8080","#FFFFFF",0,"01100"
"entry4930","2444","pmk:MDS_3769","gene","http://www.kegg.jp/dbget-bin/www_bget?pmk:MDS_3769",NA,"rn:R02326",NA,NA,NA,"line",NA,NA,"#FF8080","#FFFFFF",0,"01100"
"entry4931","2445","pmk:MDS_2038","gene","http://www.kegg.jp/dbget-bin/www_bget?pmk:MDS_2038",NA,"rn:R00965",NA,NA,NA,"line",NA,NA,"#FF8080","#FFFFFF",0,"01100"
"entry4932","2452","pmk:MDS_0451 / pmk:MDS_1089 / pmk:MDS_2657 / pmk:MDS_3301","gene","http://www.kegg.jp/dbget-bin/www_bget?pmk:MDS_0451+pmk:MDS_1089+pmk:MDS_2657+pmk:MDS_3301",NA,"rn:R01567 rn:R01569",NA,NA,NA,"line",NA,NA,"#FF8080","#FFFFFF",0,"01100"
"entry4933","2453","pmk:MDS_2250","gene","http://www.kegg.jp/dbget-bin/www_bget?pmk:MDS_2250",NA,"rn:R01570 rn:R02806",NA,NA,NA,"line",NA,NA,"#FF8080","#FFFFFF",0,"01100"
"entry4934","2456","pmk:MDS_4515","gene","http://www.kegg.jp/dbget-bin/www_bget?pmk:MDS_4515",NA,"rn:R00494",NA,NA,NA,"line",NA,NA,"#FF9900","#FFFFFF",0,"01100"
"entry4935","2459","pmk:MDS_0155","gene","http://www.kegg.jp/dbget-bin/www_bget?pmk:MDS_0155",NA,"rn:R01579",NA,NA,NA,"line",NA,NA,"#FF9900","#FFFFFF",0,"01100"
"entry4936","2460","pmk:MDS_2314","gene","http://www.kegg.jp/dbget-bin/www_bget?pmk:MDS_2314",NA,"rn:R03595",NA,NA,NA,"line",NA,NA,"#FF9900","#FFFFFF",0,"01100"
"entry4937","2475","pmk:MDS_0038 / pmk:MDS_2397","gene","http://www.kegg.jp/dbget-bin/www_bget?pmk:MDS_0038+pmk:MDS_2397",NA,"rn:R01801",NA,NA,NA,"line",NA,NA,"#80CCB3","#FFFFFF",0,"01100"
"entry4938","2476","pmk:MDS_0033 / pmk:MDS_3325","gene","http://www.kegg.jp/dbget-bin/www_bget?pmk:MDS_0033+pmk:MDS_3325",NA,"rn:R01799",NA,NA,NA,"line",NA,NA,"#80CCB3","#FFFFFF",0,"01100"
"entry4939","2477","pmk:MDS_0039 / pmk:MDS_2122 / pmk:MDS_3092","gene","http://www.kegg.jp/dbget-bin/www_bget?pmk:MDS_0039+pmk:MDS_2122+pmk:MDS_3092",NA,"rn:R02241",NA,NA,NA,"line",NA,NA,"#80CCB3","#FFFFFF",0,"01100"
"entry4940","2478","pmk:MDS_3360 / pmk:MDS_4362","gene","http://www.kegg.jp/dbget-bin/www_bget?pmk:MDS_3360+pmk:MDS_4362",NA,"rn:R00851 rn:R12241",NA,NA,NA,"line",NA,NA,"#80CCB3","#FFFFFF",0,"01100"
"entry4941","2479","pmk:MDS_3866","gene","http://www.kegg.jp/dbget-bin/www_bget?pmk:MDS_3866",NA,"rn:R01800",NA,NA,NA,"line",NA,NA,"#80CCB3","#FFFFFF",0,"01100"
"entry4942","2480","pmk:MDS_0695","gene","http://www.kegg.jp/dbget-bin/www_bget?pmk:MDS_0695",NA,"rn:R02055 rn:R07376",NA,NA,NA,"line",NA,NA,"#80CCB3","#FFFFFF",0,"01100"
"entry4943","2496","pmk:MDS_1621","gene","http://www.kegg.jp/dbget-bin/www_bget?pmk:MDS_1621",NA,"rn:R04311",NA,NA,NA,"line",NA,NA,"#80CCB3","#FFFFFF",0,"01100"
"entry4944","2559","pmk:MDS_0755","gene","http://www.kegg.jp/dbget-bin/www_bget?pmk:MDS_0755",NA,"rn:R07063",NA,NA,NA,"line",NA,NA,"#80CCB3","#FFFFFF",0,"01100"
"entry4945","2568","pmk:MDS_1634 / pmk:MDS_2865 / pmk:MDS_3526","gene","http://www.kegg.jp/dbget-bin/www_bget?pmk:MDS_1634+pmk:MDS_2865+pmk:MDS_3526",NA,"rn:R07891",NA,NA,NA,"line",NA,NA,"#80CCB3","#FFFFFF",0,"01100"
"entry4946","2572","pmk:MDS_1634 / pmk:MDS_2865 / pmk:MDS_3526","gene","http://www.kegg.jp/dbget-bin/www_bget?pmk:MDS_1634+pmk:MDS_2865+pmk:MDS_3526",NA,"rn:R07899",NA,NA,NA,"line",NA,NA,"#80CCB3","#FFFFFF",0,"01100"
"entry4947","2575","pmk:MDS_0892","gene","http://www.kegg.jp/dbget-bin/www_bget?pmk:MDS_0892",NA,"rn:R03348",NA,NA,NA,"line",NA,NA,"#FFB3CC","#FFFFFF",0,"01100"
"entry4948","2576","pmk:MDS_2224 / pmk:MDS_4106","gene","http://www.kegg.jp/dbget-bin/www_bget?pmk:MDS_2224+pmk:MDS_4106",NA,"rn:R03004 rn:R03005",NA,NA,NA,"line",NA,NA,"#FFB3CC","#FFFFFF",0,"01100"
"entry4949","2577","pmk:MDS_1466","gene","http://www.kegg.jp/dbget-bin/www_bget?pmk:MDS_1466",NA,"rn:R00189 rn:R00257",NA,NA,NA,"line",NA,NA,"#FFB3CC","#FFFFFF",0,"01100"
"entry4950","2579","pmk:MDS_1468","gene","http://www.kegg.jp/dbget-bin/www_bget?pmk:MDS_1468",NA,"rn:R01268",NA,NA,NA,"line",NA,NA,"#FFB3CC","#FFFFFF",0,"01100"
"entry4951","2580","pmk:MDS_1467","gene","http://www.kegg.jp/dbget-bin/www_bget?pmk:MDS_1467",NA,"rn:R01724",NA,NA,NA,"line",NA,NA,"#FFB3CC","#FFFFFF",0,"01100"
"entry4952","2581","pmk:MDS_1655 / pmk:MDS_3224 / pmk:MDS_4761 / pmk:MDS_4762 / pmk:MDS_4763","gene","http://www.kegg.jp/dbget-bin/www_bget?pmk:MDS_1655+pmk:MDS_3224+pmk:MDS_4761+pmk:MDS_4762+pmk:MDS_4763",NA,"rn:R00104 rn:R00112",NA,NA,NA,"line",NA,NA,"#FFB3CC","#FFFFFF",0,"01100"
"entry4953","2588","pmk:MDS_0330 / pmk:MDS_2672 / pmk:MDS_3099","gene","http://www.kegg.jp/dbget-bin/www_bget?pmk:MDS_0330+pmk:MDS_2672+pmk:MDS_3099",NA,"rn:R02250 rn:R02251 rn:R05333",NA,NA,NA,"line",NA,NA,"#80CCB3","#FFFFFF",0,"01100"
"entry4954","2594","pmk:MDS_4220","gene","http://www.kegg.jp/dbget-bin/www_bget?pmk:MDS_4220",NA,"rn:R01658",NA,NA,NA,"line",NA,NA,"#9EE284","#FFFFFF",0,"01100"
"entry4955","2613","pmk:MDS_4220","gene","http://www.kegg.jp/dbget-bin/www_bget?pmk:MDS_4220",NA,"rn:R02003",NA,NA,NA,"line",NA,NA,"#9EE284","#FFFFFF",0,"01100"
"entry4956","2615","pmk:MDS_0708","gene","http://www.kegg.jp/dbget-bin/www_bget?pmk:MDS_0708",NA,"rn:R01122",NA,NA,NA,"line",NA,NA,"#9EE284","#FFFFFF",0,"01100"
"entry4957","2686","pmk:MDS_1016","gene","http://www.kegg.jp/dbget-bin/www_bget?pmk:MDS_1016",NA,"rn:R04587",NA,NA,NA,"line",NA,NA,"#99CCFF","#FFFFFF",0,"01100"
"entry4958","2687","pmk:MDS_3320","gene","http://www.kegg.jp/dbget-bin/www_bget?pmk:MDS_3320",NA,"rn:R04550",NA,NA,NA,"line",NA,NA,"#99CCFF","#FFFFFF",0,"01100"
"entry4959","2688","pmk:MDS_2131","gene","http://www.kegg.jp/dbget-bin/www_bget?pmk:MDS_2131",NA,"rn:R04549",NA,NA,NA,"line",NA,NA,"#99CCFF","#FFFFFF",0,"01100"
"entry4960","2689","pmk:MDS_1668","gene","http://www.kegg.jp/dbget-bin/www_bget?pmk:MDS_1668",NA,"rn:R04657",NA,NA,NA,"line",NA,NA,"#99CCFF","#FFFFFF",0,"01100"
"entry4961","2690","pmk:MDS_0685","gene","http://www.kegg.jp/dbget-bin/www_bget?pmk:MDS_0685",NA,"rn:R05074",NA,NA,NA,"line",NA,NA,"#99CCFF","#FFFFFF",0,"01100"
"entry4962","2692","pmk:MDS_0045 / pmk:MDS_1270","gene","http://www.kegg.jp/dbget-bin/www_bget?pmk:MDS_0045+pmk:MDS_1270",NA,"rn:R05146",NA,NA,NA,"line",NA,NA,"#99CCFF","#FFFFFF",0,"01100"
"entry4963","2694","pmk:MDS_0652 / pmk:MDS_0653 / pmk:MDS_0654 / pmk:MDS_0655 / pmk:MDS_0685","gene","http://www.kegg.jp/dbget-bin/www_bget?pmk:MDS_0652+pmk:MDS_0653+pmk:MDS_0654+pmk:MDS_0655+pmk:MDS_0685",NA,NA,NA,NA,NA,"line",NA,NA,"#99CCFF","#FFFFFF",0,"01100"
"entry4964","2697","pmk:MDS_0670","gene","http://www.kegg.jp/dbget-bin/www_bget?pmk:MDS_0670",NA,"rn:R05644",NA,NA,NA,"line",NA,NA,"#99CCFF","#FFFFFF",0,"01100"
"entry4965","2698","pmk:MDS_0040","gene","http://www.kegg.jp/dbget-bin/www_bget?pmk:MDS_0040",NA,"rn:R05647",NA,NA,NA,"line",NA,NA,"#99CCFF","#FFFFFF",0,"01100"
"entry4966","2699","pmk:MDS_0670","gene","http://www.kegg.jp/dbget-bin/www_bget?pmk:MDS_0670",NA,"rn:R05646",NA,NA,NA,"line",NA,NA,"#99CCFF","#FFFFFF",0,"01100"
"entry4967","2700","pmk:MDS_0685","gene","http://www.kegg.jp/dbget-bin/www_bget?pmk:MDS_0685",NA,"rn:R04658",NA,NA,NA,"line",NA,NA,"#99CCFF","#FFFFFF",0,"01100"
"entry4968","2702","pmk:MDS_1011","gene","http://www.kegg.jp/dbget-bin/www_bget?pmk:MDS_1011",NA,"rn:R03193",NA,NA,NA,"line",NA,NA,"#99CCFF","#FFFFFF",0,"01100"
"entry4969","2703","pmk:MDS_1008","gene","http://www.kegg.jp/dbget-bin/www_bget?pmk:MDS_1008",NA,"rn:R02783",NA,NA,NA,"line",NA,NA,"#99CCFF","#FFFFFF",0,"01100"
"entry4970","2705","pmk:MDS_1006","gene","http://www.kegg.jp/dbget-bin/www_bget?pmk:MDS_1006",NA,"rn:R04573",NA,NA,NA,"line",NA,NA,"#99CCFF","#FFFFFF",0,"01100"
"entry4971","2706","pmk:MDS_1007","gene","http://www.kegg.jp/dbget-bin/www_bget?pmk:MDS_1007",NA,"rn:R05629",NA,NA,NA,"line",NA,NA,"#99CCFF","#FFFFFF",0,"01100"
"entry4972","2707","pmk:MDS_1010","gene","http://www.kegg.jp/dbget-bin/www_bget?pmk:MDS_1010",NA,"rn:R05662",NA,NA,NA,"line",NA,NA,"#99CCFF","#FFFFFF",0,"01100"
"entry4973","2710","pmk:MDS_0579 / pmk:MDS_4099","gene","http://www.kegg.jp/dbget-bin/www_bget?pmk:MDS_0579+pmk:MDS_4099",NA,NA,NA,NA,NA,"line",NA,NA,"#99CCFF","#FFFFFF",0,"01100"
"entry4974","2758","pmk:MDS_4188","gene","http://www.kegg.jp/dbget-bin/www_bget?pmk:MDS_4188",NA,"rn:R08116",NA,NA,NA,"line",NA,NA,"#DA8E82","#FFFFFF",0,"01100"
"entry4975","2773","pmk:MDS_4168 / pmk:MDS_4169 / pmk:MDS_4170","gene","http://www.kegg.jp/dbget-bin/www_bget?pmk:MDS_4168+pmk:MDS_4169+pmk:MDS_4170",NA,"rn:R05428",NA,NA,NA,"line",NA,NA,"#DA8E82","#FFFFFF",0,"01100"
"entry4976","2774","pmk:MDS_4167","gene","http://www.kegg.jp/dbget-bin/www_bget?pmk:MDS_4167",NA,"rn:R05314",NA,NA,NA,"line",NA,NA,"#DA8E82","#FFFFFF",0,"01100"
"entry4977","2778","pmk:MDS_4168 / pmk:MDS_4169 / pmk:MDS_4170","gene","http://www.kegg.jp/dbget-bin/www_bget?pmk:MDS_4168+pmk:MDS_4169+pmk:MDS_4170",NA,"rn:R05665",NA,NA,NA,"line",NA,NA,"#DA8E82","#FFFFFF",0,"01100"
"entry4978","2779","pmk:MDS_4167","gene","http://www.kegg.jp/dbget-bin/www_bget?pmk:MDS_4167",NA,"rn:R05309",NA,NA,NA,"line",NA,NA,"#DA8E82","#FFFFFF",0,"01100"
"entry4979","2789","pmk:MDS_4168 / pmk:MDS_4169 / pmk:MDS_4170","gene","http://www.kegg.jp/dbget-bin/www_bget?pmk:MDS_4168+pmk:MDS_4169+pmk:MDS_4170",NA,"rn:R05290 rn:R05291",NA,NA,NA,"line",NA,NA,"#DA8E82","#FFFFFF",0,"01100"
"entry4980","2790","pmk:MDS_4167","gene","http://www.kegg.jp/dbget-bin/www_bget?pmk:MDS_4167",NA,"rn:R05292 rn:R05293",NA,NA,NA,"line",NA,NA,"#DA8E82","#FFFFFF",0,"01100"
"entry4981","2811","pmk:MDS_0117 / pmk:MDS_2843 / pmk:MDS_3305","gene","http://www.kegg.jp/dbget-bin/www_bget?pmk:MDS_0117+pmk:MDS_2843+pmk:MDS_3305",NA,"rn:R05233",NA,NA,NA,"line",NA,NA,"#DA8E82","#FFFFFF",0,"01100"
"entry4982","2815","pmk:MDS_0117 / pmk:MDS_2843 / pmk:MDS_3305","gene","http://www.kegg.jp/dbget-bin/www_bget?pmk:MDS_0117+pmk:MDS_2843+pmk:MDS_3305",NA,"rn:R05234",NA,NA,NA,"line",NA,NA,"#DA8E82","#FFFFFF",0,"01100"
"entry4983","2821","pmk:MDS_1307","gene","http://www.kegg.jp/dbget-bin/www_bget?pmk:MDS_1307",NA,"rn:R01300 rn:R01301",NA,NA,NA,"line",NA,NA,"#DA8E82","#FFFFFF",0,"01100"
"entry4984","2824","pmk:MDS_2937 / pmk:MDS_2944","gene","http://www.kegg.jp/dbget-bin/www_bget?pmk:MDS_2937+pmk:MDS_2944",NA,"rn:R05285 rn:R09128",NA,NA,NA,"line",NA,NA,"#DA8E82","#FFFFFF",0,"01100"
"entry4985","2835","pmk:MDS_2856 / pmk:MDS_4209","gene","http://www.kegg.jp/dbget-bin/www_bget?pmk:MDS_2856+pmk:MDS_4209",NA,"rn:R02536 rn:R02537",NA,NA,NA,"line",NA,NA,"#DA8E82","#FFFFFF",0,"01100"
"entry4986","2891","pmk:MDS_4186","gene","http://www.kegg.jp/dbget-bin/www_bget?pmk:MDS_4186",NA,"rn:R00817",NA,NA,NA,"line",NA,NA,"#DA8E82","#FFFFFF",0,"01100"
"entry4987","2892","pmk:MDS_4188","gene","http://www.kegg.jp/dbget-bin/www_bget?pmk:MDS_4188",NA,"rn:R06989",NA,NA,NA,"line",NA,NA,"#DA8E82","#FFFFFF",0,"01100"
"entry4988","2893","pmk:MDS_4187","gene","http://www.kegg.jp/dbget-bin/www_bget?pmk:MDS_4187",NA,"rn:R06990",NA,NA,NA,"line",NA,NA,"#DA8E82","#FFFFFF",0,"01100"
"entry4989","2894","pmk:MDS_4157","gene","http://www.kegg.jp/dbget-bin/www_bget?pmk:MDS_4157",NA,"rn:R02991",NA,NA,NA,"line",NA,NA,"#DA8E82","#FFFFFF",0,"01100"
"entry4990","2896","pmk:MDS_4158","gene","http://www.kegg.jp/dbget-bin/www_bget?pmk:MDS_4158",NA,"rn:R03307",NA,NA,NA,"line",NA,NA,"#DA8E82","#FFFFFF",0,"01100"
"entry4991","2897","pmk:MDS_0938 / pmk:MDS_4156","gene","http://www.kegg.jp/dbget-bin/www_bget?pmk:MDS_0938+pmk:MDS_4156",NA,"rn:R03470",NA,NA,NA,"line",NA,NA,"#DA8E82","#FFFFFF",0,"01100"
"entry4992","2912","pmk:MDS_1491","gene","http://www.kegg.jp/dbget-bin/www_bget?pmk:MDS_1491",NA,"rn:R01708 rn:R01711",NA,NA,NA,"line",NA,NA,"#FFB3CC","#FFFFFF",0,"01100"
"entry4993","2913","pmk:MDS_1491","gene","http://www.kegg.jp/dbget-bin/www_bget?pmk:MDS_1491",NA,"rn:R01710",NA,NA,NA,"line",NA,NA,"#FFB3CC","#FFFFFF",0,"01100"
"entry4994","2914","pmk:MDS_2714","gene","http://www.kegg.jp/dbget-bin/www_bget?pmk:MDS_2714",NA,"rn:R01909 rn:R01911",NA,NA,NA,"line",NA,NA,"#FFB3CC","#FFFFFF",0,"01100"
"entry4995","2915","pmk:MDS_1491","gene","http://www.kegg.jp/dbget-bin/www_bget?pmk:MDS_1491",NA,"rn:R00278",NA,NA,NA,"line",NA,NA,"#FFB3CC","#FFFFFF",0,"01100"
"entry4996","2916","pmk:MDS_1491","gene","http://www.kegg.jp/dbget-bin/www_bget?pmk:MDS_1491",NA,"rn:R00277",NA,NA,NA,"line",NA,NA,"#FFB3CC","#FFFFFF",0,"01100"
"entry4997","2917","pmk:MDS_2714","gene","http://www.kegg.jp/dbget-bin/www_bget?pmk:MDS_2714",NA,"rn:R02493 rn:R02494",NA,NA,NA,"line",NA,NA,"#FFB3CC","#FFFFFF",0,"01100"
"entry4998","2919","pmk:MDS_3896","gene","http://www.kegg.jp/dbget-bin/www_bget?pmk:MDS_3896",NA,"rn:R01226",NA,NA,NA,"line",NA,NA,"#FFB3CC","#FFFFFF",0,"01100"
"entry4999","2920","pmk:MDS_1025 / pmk:MDS_2658 / pmk:MDS_4205","gene","http://www.kegg.jp/dbget-bin/www_bget?pmk:MDS_1025+pmk:MDS_2658+pmk:MDS_4205",NA,"rn:R02472",NA,NA,NA,"line",NA,NA,"#FFB3CC","#FFFFFF",0,"01100"
"entry5000","2921","pmk:MDS_4309","gene","http://www.kegg.jp/dbget-bin/www_bget?pmk:MDS_4309",NA,"rn:R03018",NA,NA,NA,"line",NA,NA,"#FFB3CC","#FFFFFF",0,"01100"
"entry5001","2922","pmk:MDS_4707","gene","http://www.kegg.jp/dbget-bin/www_bget?pmk:MDS_4707",NA,"rn:R04230 rn:R04231",NA,NA,NA,"line",NA,NA,"#FFB3CC","#FFFFFF",0,"01100"
"entry5002","2923","pmk:MDS_0884","gene","http://www.kegg.jp/dbget-bin/www_bget?pmk:MDS_0884",NA,"rn:R00130",NA,NA,NA,"line",NA,NA,"#FFB3CC","#FFFFFF",0,"01100"
"entry5003","2924","pmk:MDS_4707","gene","http://www.kegg.jp/dbget-bin/www_bget?pmk:MDS_4707",NA,"rn:R03269",NA,NA,NA,"line",NA,NA,"#FFB3CC","#FFFFFF",0,"01100"
"entry5004","2925","pmk:MDS_0472","gene","http://www.kegg.jp/dbget-bin/www_bget?pmk:MDS_0472",NA,"rn:R03231 rn:R10699",NA,NA,NA,"line",NA,NA,"#FFB3CC","#FFFFFF",0,"01100"
"entry5005","2927","pmk:MDS_4310","gene","http://www.kegg.jp/dbget-bin/www_bget?pmk:MDS_4310",NA,"rn:R01074",NA,NA,NA,"line",NA,NA,"#FFB3CC","#FFFFFF",0,"01100"
"entry5006","2928","pmk:MDS_4310","gene","http://www.kegg.jp/dbget-bin/www_bget?pmk:MDS_4310",NA,"rn:R05145",NA,NA,NA,"line",NA,NA,"#FFB3CC","#FFFFFF",0,"01100"
"entry5007","2929","pmk:MDS_0594","gene","http://www.kegg.jp/dbget-bin/www_bget?pmk:MDS_0594",NA,"rn:R03197",NA,NA,NA,"line",NA,NA,"#FFB3CC","#FFFFFF",0,"01100"
"entry5008","2930","pmk:MDS_0078 / pmk:MDS_2093","gene","http://www.kegg.jp/dbget-bin/www_bget?pmk:MDS_0078+pmk:MDS_2093",NA,"rn:R03220 rn:R06895",NA,NA,NA,"line",NA,NA,"#FFB3CC","#FFFFFF",0,"01100"
"entry5009","2932","pmk:MDS_1142","gene","http://www.kegg.jp/dbget-bin/www_bget?pmk:MDS_1142",NA,"rn:R00310",NA,NA,NA,"line",NA,NA,"#FFB3CC","#FFFFFF",0,"01100"
"entry5010","2933","pmk:MDS_4925","gene","http://www.kegg.jp/dbget-bin/www_bget?pmk:MDS_4925",NA,"rn:R03877",NA,NA,NA,"line",NA,NA,"#FFB3CC","#FFFFFF",0,"01100"
"entry5011","2939","pmk:MDS_0342 / pmk:MDS_2387 / pmk:MDS_2627","gene","http://www.kegg.jp/dbget-bin/www_bget?pmk:MDS_0342+pmk:MDS_2387+pmk:MDS_2627",NA,"rn:R03194",NA,NA,NA,"line",NA,NA,"#FFB3CC","#FFFFFF",0,"01100"
"entry5012","2940","pmk:MDS_1023 / pmk:MDS_3112","gene","http://www.kegg.jp/dbget-bin/www_bget?pmk:MDS_1023+pmk:MDS_3112",NA,"rn:R05220",NA,NA,NA,"line",NA,NA,"#FFB3CC","#FFFFFF",0,"01100"
"entry5013","2941","pmk:MDS_3108 / pmk:MDS_3109","gene","http://www.kegg.jp/dbget-bin/www_bget?pmk:MDS_3108+pmk:MDS_3109",NA,"rn:R05226 rn:R07302",NA,NA,NA,"line",NA,NA,"#FFB3CC","#FFFFFF",0,"01100"
"entry5014","2942","pmk:MDS_3106","gene","http://www.kegg.jp/dbget-bin/www_bget?pmk:MDS_3106",NA,"rn:R05221 rn:R06558",NA,NA,NA,"line",NA,NA,"#FFB3CC","#FFFFFF",0,"01100"
"entry5015","2943","pmk:MDS_3106","gene","http://www.kegg.jp/dbget-bin/www_bget?pmk:MDS_3106",NA,"rn:R05222",NA,NA,NA,"line",NA,NA,"#FFB3CC","#FFFFFF",0,"01100"
"entry5016","2944","pmk:MDS_3104","gene","http://www.kegg.jp/dbget-bin/www_bget?pmk:MDS_3104",NA,"rn:R04594",NA,NA,NA,"line",NA,NA,"#FFB3CC","#FFFFFF",0,"01100"
"entry5017","2945","pmk:MDS_3105","gene","http://www.kegg.jp/dbget-bin/www_bget?pmk:MDS_3105",NA,"rn:R04148",NA,NA,NA,"line",NA,NA,"#FFB3CC","#FFFFFF",0,"01100"
"entry5018","2946","pmk:MDS_4513","gene","http://www.kegg.jp/dbget-bin/www_bget?pmk:MDS_4513",NA,"rn:R03035 rn:R03036",NA,NA,NA,"line",NA,NA,"#FFB3CC","#FFFFFF",0,"01100"
"entry5019","2947","pmk:MDS_1118","gene","http://www.kegg.jp/dbget-bin/www_bget?pmk:MDS_1118",NA,"rn:R04109",NA,NA,NA,"line",NA,NA,"#FFB3CC","#FFFFFF",0,"01100"
"entry5020","2948","pmk:MDS_3108 / pmk:MDS_3109","gene","http://www.kegg.jp/dbget-bin/www_bget?pmk:MDS_3108+pmk:MDS_3109",NA,"rn:R06529",NA,NA,NA,"line",NA,NA,"#FFB3CC","#FFFFFF",0,"01100"
"entry5021","2953","pmk:MDS_2303","gene","http://www.kegg.jp/dbget-bin/www_bget?pmk:MDS_2303",NA,"rn:R07262",NA,NA,NA,"line",NA,NA,"#FFB3CC","#FFFFFF",0,"01100"
"entry5022","2954","pmk:MDS_2990","gene","http://www.kegg.jp/dbget-bin/www_bget?pmk:MDS_2990",NA,"rn:R04210",NA,NA,NA,"line",NA,NA,"#FFB3CC","#FFFFFF",0,"01100"
"entry5023","2955","pmk:MDS_1955","gene","http://www.kegg.jp/dbget-bin/www_bget?pmk:MDS_1955",NA,"rn:R05085",NA,NA,NA,"line",NA,NA,"#FFB3CC","#FFFFFF",0,"01100"
"entry5024","2956","pmk:MDS_4350","gene","http://www.kegg.jp/dbget-bin/www_bget?pmk:MDS_4350",NA,"rn:R05681",NA,NA,NA,"line",NA,NA,"#FFB3CC","#FFFFFF",0,"01100"
"entry5025","2958","pmk:MDS_1534","gene","http://www.kegg.jp/dbget-bin/www_bget?pmk:MDS_1534",NA,"rn:R05838",NA,NA,NA,"line",NA,NA,"#FFB3CC","#FFFFFF",0,"01100"
"entry5026","2965","pmk:MDS_4235","gene","http://www.kegg.jp/dbget-bin/www_bget?pmk:MDS_4235",NA,"rn:R02029",NA,NA,NA,"line",NA,NA,"#80CCB3","#FFFFFF",0,"01100"
"entry5027","2967","pmk:MDS_0800 / pmk:MDS_0801 / pmk:MDS_2003 / pmk:MDS_3314","gene","http://www.kegg.jp/dbget-bin/www_bget?pmk:MDS_0800+pmk:MDS_0801+pmk:MDS_2003+pmk:MDS_3314",NA,"rn:R00233 rn:R00353 rn:R00742",NA,NA,NA,"line",NA,NA,"#B3B3E6","#FFFFFF",0,"01100"
"entry5028","2968","pmk:MDS_3946","gene","http://www.kegg.jp/dbget-bin/www_bget?pmk:MDS_3946",NA,"rn:R00315 rn:R00317 rn:R00320",NA,NA,NA,"line",NA,NA,"#B3B3E6","#FFFFFF",0,"01100"
"entry5029","2970","pmk:MDS_0849 / pmk:MDS_1190 / pmk:MDS_1634 / pmk:MDS_2115 / pmk:MDS_2683 / pmk:MDS_2865 / pmk:MDS_3526 / pmk:MDS_3963 / pmk:MDS_4125","gene","http://www.kegg.jp/dbget-bin/www_bget?pmk:MDS_0849+pmk:MDS_1190+pmk:MDS_1634+pmk:MDS_2115+pmk:MDS_2683+pmk:MDS_2865+pmk:MDS_3526+pmk:MDS_3963+pmk:MDS_4125",NA,"rn:R00238",NA,NA,NA,"line",NA,NA,"#80CCCC","#FFFFFF",0,"01100"
"entry5030","2971","pmk:MDS_2362","gene","http://www.kegg.jp/dbget-bin/www_bget?pmk:MDS_2362",NA,"rn:R00479",NA,NA,NA,"line",NA,NA,"#B3B3E6","#FFFFFF",0,"01100"
"entry5031","2972","pmk:MDS_4578","gene","http://www.kegg.jp/dbget-bin/www_bget?pmk:MDS_4578",NA,"rn:R01518",NA,NA,NA,"line",NA,NA,"#6C63F6","#FFFFFF",0,"01100"
"entry5032","2973","pmk:MDS_1754 / pmk:MDS_4453","gene","http://www.kegg.jp/dbget-bin/www_bget?pmk:MDS_1754+pmk:MDS_4453",NA,"rn:R06171",NA,NA,NA,"line",NA,NA,"#FFCC66","#FFFFFF",0,"01100"
"entry5033","2974","pmk:MDS_1374","gene","http://www.kegg.jp/dbget-bin/www_bget?pmk:MDS_1374",NA,"rn:R03425",NA,NA,NA,"line",NA,NA,"#FFCC66","#FFFFFF",0,"01100"
"entry5034","2976","pmk:MDS_2438","gene","http://www.kegg.jp/dbget-bin/www_bget?pmk:MDS_2438",NA,"rn:R02112",NA,NA,NA,"line",NA,NA,"#B3B3E6","#FFFFFF",0,"01100"
"entry5035","2978","pmk:MDS_0497","gene","http://www.kegg.jp/dbget-bin/www_bget?pmk:MDS_0497",NA,"rn:R02568",NA,NA,NA,"line",NA,NA,"#B3B3E6","#FFFFFF",0,"01100"
"entry5036","2983","pmk:MDS_0215 / pmk:MDS_0216 / pmk:MDS_0217 / pmk:MDS_3965","gene","http://www.kegg.jp/dbget-bin/www_bget?pmk:MDS_0215+pmk:MDS_0216+pmk:MDS_0217+pmk:MDS_3965",NA,"rn:R00465 rn:R00475 rn:R00476 rn:R00717",NA,NA,NA,"line",NA,NA,"#B3B3E6","#FFFFFF",0,"01100"
"entry5037","2984","pmk:MDS_1675 / pmk:MDS_4332 / pmk:MDS_4805","gene","http://www.kegg.jp/dbget-bin/www_bget?pmk:MDS_1675+pmk:MDS_4332+pmk:MDS_4805",NA,"rn:R01334",NA,NA,NA,"line",NA,NA,"#B3B3E6","#FFFFFF",0,"01100"
"entry5038","2985","pmk:MDS_0639","gene","http://www.kegg.jp/dbget-bin/www_bget?pmk:MDS_0639",NA,"rn:R00919 rn:R04432 rn:R10161 rn:R12356",NA,NA,NA,"line",NA,NA,"#B3B3E6","#FFFFFF",0,"01100"
"entry5039","2989","pmk:MDS_3310","gene","http://www.kegg.jp/dbget-bin/www_bget?pmk:MDS_3310",NA,"rn:R00658",NA,NA,NA,"line",NA,NA,"#6C63F6","#FFFFFF",0,"01100"
"entry5040","2991","pmk:MDS_0413 / pmk:MDS_1020","gene","http://www.kegg.jp/dbget-bin/www_bget?pmk:MDS_0413+pmk:MDS_1020",NA,"rn:R00259",NA,NA,NA,"line",NA,NA,"#FFCC66","#FFFFFF",0,"01100"
"entry5041","2992","pmk:MDS_3925 / pmk:MDS_3926","gene","http://www.kegg.jp/dbget-bin/www_bget?pmk:MDS_3925+pmk:MDS_3926",NA,"rn:R00575",NA,NA,NA,"line",NA,NA,"#FFCC66","#FFFFFF",0,"01100"
"entry5042","2993","pmk:MDS_4537","gene","http://www.kegg.jp/dbget-bin/www_bget?pmk:MDS_4537",NA,"rn:R04441",NA,NA,NA,"line",NA,NA,"#FFCC66","#FFFFFF",0,"01100"
"entry5043","2999","pmk:MDS_3670","gene","http://www.kegg.jp/dbget-bin/www_bget?pmk:MDS_3670",NA,"rn:R00841 rn:R00847",NA,NA,NA,"line",NA,NA,"#80CCB3","#FFFFFF",0,"01100"
"entry5044","3006","pmk:MDS_1633 / pmk:MDS_2116","gene","http://www.kegg.jp/dbget-bin/www_bget?pmk:MDS_1633+pmk:MDS_2116",NA,"rn:R04203",NA,NA,NA,"line",NA,NA,"#FFCC66","#FFFFFF",0,"01100"
"entry5045","3007","pmk:MDS_0427 / pmk:MDS_3687","gene","http://www.kegg.jp/dbget-bin/www_bget?pmk:MDS_0427+pmk:MDS_3687",NA,"rn:R00341 rn:R00345 rn:R00346 rn:R00431 rn:R00726",NA,NA,NA,"line",NA,NA,"#B3B3E6","#FFFFFF",0,"01100"
"entry5046","3008","pmk:MDS_0774 / pmk:MDS_1763 / pmk:MDS_1764 / pmk:MDS_1765 / pmk:MDS_4822 / pmk:MDS_4823","gene","http://www.kegg.jp/dbget-bin/www_bget?pmk:MDS_0774+pmk:MDS_1763+pmk:MDS_1764+pmk:MDS_1765+pmk:MDS_4822+pmk:MDS_4823",NA,"rn:R00217 rn:R00344 rn:R12212",NA,NA,NA,"line",NA,NA,"#B3B3E6","#FFFFFF",0,"01100"
"entry5047","3009","pmk:MDS_3377","gene","http://www.kegg.jp/dbget-bin/www_bget?pmk:MDS_3377",NA,"rn:R01786 rn:R01788 rn:R02738 rn:R02189 rn:R09085",NA,NA,NA,"line",NA,NA,"#6C63F6","#FFFFFF",0,"01100"
"entry5048","3010","pmk:MDS_2966","gene","http://www.kegg.jp/dbget-bin/www_bget?pmk:MDS_2966",NA,"rn:R01827",NA,NA,NA,"line",NA,NA,"#6C63F6","#FFFFFF",0,"01100"
"entry5049","3012","pmk:MDS_0492 / pmk:MDS_1706 / pmk:MDS_1707","gene","http://www.kegg.jp/dbget-bin/www_bget?pmk:MDS_0492+pmk:MDS_1706+pmk:MDS_1707",NA,"rn:R01830",NA,NA,NA,"line",NA,NA,"#6C63F6","#FFFFFF",0,"01100"
"entry5050","3014","pmk:MDS_0492 / pmk:MDS_1706 / pmk:MDS_1707","gene","http://www.kegg.jp/dbget-bin/www_bget?pmk:MDS_0492+pmk:MDS_1706+pmk:MDS_1707",NA,"rn:R01641",NA,NA,NA,"line",NA,NA,"#8080F7","#FFFFFF",0,"01100"
"entry5051","3016","pmk:MDS_4554","gene","http://www.kegg.jp/dbget-bin/www_bget?pmk:MDS_4554",NA,"rn:R01056",NA,NA,NA,"line",NA,NA,"#6C63F6","#FFFFFF",0,"01100"
"entry5052","3017","pmk:MDS_4333","gene","http://www.kegg.jp/dbget-bin/www_bget?pmk:MDS_4333",NA,"rn:R01529",NA,NA,NA,"line",NA,NA,"#6C63F6","#FFFFFF",0,"01100"
"entry5053","3024","pmk:MDS_0213 / pmk:MDS_4415","gene","http://www.kegg.jp/dbget-bin/www_bget?pmk:MDS_0213+pmk:MDS_4415",NA,"rn:R00472",NA,NA,NA,"line",NA,NA,"#B3B3E6","#FFFFFF",0,"01100"
"entry5054","3036","pmk:MDS_0457 / pmk:MDS_1034","gene","http://www.kegg.jp/dbget-bin/www_bget?pmk:MDS_0457+pmk:MDS_1034",NA,"rn:R00966",NA,NA,NA,"line",NA,NA,"#FF8080","#FFFFFF",0,"01100"
"entry5055","3037","pmk:MDS_1959","gene","http://www.kegg.jp/dbget-bin/www_bget?pmk:MDS_1959",NA,"rn:R01665 rn:R01667",NA,NA,NA,"line",NA,NA,"#FF8080","#FFFFFF",0,"01100"
"entry5056","3042","pmk:MDS_1980 / pmk:MDS_3413","gene","http://www.kegg.jp/dbget-bin/www_bget?pmk:MDS_1980+pmk:MDS_3413",NA,"rn:R01731 rn:R07276",NA,NA,NA,"line",NA,NA,"#FFCC66","#FFFFFF",0,"01100"
"entry5057","3044","pmk:MDS_0974 / pmk:MDS_1957 / pmk:MDS_1980 / pmk:MDS_3413","gene","http://www.kegg.jp/dbget-bin/www_bget?pmk:MDS_0974+pmk:MDS_1957+pmk:MDS_1980+pmk:MDS_3413",NA,"rn:R00729 rn:R00734 rn:R09254 rn:R09830",NA,NA,NA,"line",NA,NA,"#FFCC66","#FFFFFF",0,"01100"
"entry5058","3055","pmk:MDS_1390","gene","http://www.kegg.jp/dbget-bin/www_bget?pmk:MDS_1390",NA,"rn:R00774",NA,NA,NA,"line",NA,NA,"#FFCC66","#FFFFFF",0,"01100"
"entry5059","3056","pmk:MDS_0789","gene","http://www.kegg.jp/dbget-bin/www_bget?pmk:MDS_0789",NA,"rn:R00005",NA,NA,NA,"line",NA,NA,"#FFCC66","#FFFFFF",0,"01100"
"entry5060","3057","pmk:MDS_0778 / pmk:MDS_0779 / pmk:MDS_0781","gene","http://www.kegg.jp/dbget-bin/www_bget?pmk:MDS_0778+pmk:MDS_0779+pmk:MDS_0781",NA,"rn:R00131",NA,NA,NA,"line",NA,NA,"#FFCC66","#FFFFFF",0,"01100"
"entry5061","3058","pmk:MDS_3769","gene","http://www.kegg.jp/dbget-bin/www_bget?pmk:MDS_3769",NA,"rn:R02330 rn:R02331",NA,NA,NA,"line",NA,NA,"#FF8080","#FFFFFF",0,"01100"
"entry5062","3059","pmk:MDS_4708","gene","http://www.kegg.jp/dbget-bin/www_bget?pmk:MDS_4708",NA,"rn:R02100",NA,NA,NA,"line",NA,NA,"#FF8080","#FFFFFF",0,"01100"
"entry5063","3060","pmk:MDS_1687","gene","http://www.kegg.jp/dbget-bin/www_bget?pmk:MDS_1687",NA,"rn:R02098",NA,NA,NA,"line",NA,NA,"#FF8080","#FFFFFF",0,"01100"
"entry5064","3061","pmk:MDS_3867","gene","http://www.kegg.jp/dbget-bin/www_bget?pmk:MDS_3867",NA,"rn:R04440 rn:R05071 rn:R04439",NA,NA,NA,"line",NA,NA,"#FFCC66","#FFFFFF",0,"01100"
"entry5065","3063","pmk:MDS_2133","gene","http://www.kegg.jp/dbget-bin/www_bget?pmk:MDS_2133",NA,"rn:R03652",NA,NA,NA,"line",NA,NA,"#FFCC66","#FFFFFF",0,"01100"
"entry5066","3064","pmk:MDS_0941 / pmk:MDS_0942 / pmk:MDS_0943","gene","http://www.kegg.jp/dbget-bin/www_bget?pmk:MDS_0941+pmk:MDS_0942+pmk:MDS_0943",NA,"rn:R03905",NA,NA,NA,"line",NA,NA,"#FFCC66","#FFFFFF",0,"01100"
"entry5067","3065","pmk:MDS_1122","gene","http://www.kegg.jp/dbget-bin/www_bget?pmk:MDS_1122",NA,"rn:R00260",NA,NA,NA,"line",NA,NA,"#FF9900","#FFFFFF",0,"01100"
"entry5068","3066","pmk:MDS_0977 / pmk:MDS_0978","gene","http://www.kegg.jp/dbget-bin/www_bget?pmk:MDS_0977+pmk:MDS_0978",NA,"rn:R00529 rn:R00530 rn:R00531",NA,NA,NA,"line",NA,NA,"#CC99FF","#FFFFFF",0,"01100"
"entry5069","3068","pmk:MDS_2936","gene","http://www.kegg.jp/dbget-bin/www_bget?pmk:MDS_2936",NA,"rn:R00710 rn:R00711",NA,NA,NA,"line",NA,NA,"#6C63F6","#FFFFFF",0,"01100"
"entry5070","3069","pmk:MDS_0117 / pmk:MDS_2843 / pmk:MDS_2937 / pmk:MDS_2944 / pmk:MDS_3305","gene","http://www.kegg.jp/dbget-bin/www_bget?pmk:MDS_0117+pmk:MDS_2843+pmk:MDS_2937+pmk:MDS_2944+pmk:MDS_3305",NA,"rn:R00746 rn:R00754 rn:R05198 rn:R09127 rn:R09479",NA,NA,NA,"line",NA,NA,"#6C63F6","#FFFFFF",0,"01100"
"entry5071","3070","pmk:MDS_2677","gene","http://www.kegg.jp/dbget-bin/www_bget?pmk:MDS_2677",NA,"rn:R01737",NA,NA,NA,"line",NA,NA,"#6C63F6","#FFFFFF",0,"01100"
"entry5072","3073","pmk:MDS_3449","gene","http://www.kegg.jp/dbget-bin/www_bget?pmk:MDS_3449",NA,"rn:R01519",NA,NA,NA,"line",NA,NA,"#6C63F6","#FFFFFF",0,"01100"
"entry5073","3075","pmk:MDS_0905","gene","http://www.kegg.jp/dbget-bin/www_bget?pmk:MDS_0905",NA,"rn:R00305 rn:R06620 rn:R07147",NA,NA,NA,"line",NA,NA,"#6C63F6","#FFFFFF",0,"01100"
"entry5074","3077","pmk:MDS_1496 / pmk:MDS_1904","gene","http://www.kegg.jp/dbget-bin/www_bget?pmk:MDS_1496+pmk:MDS_1904",NA,"rn:R08572",NA,NA,NA,"line",NA,NA,"#6C63F6","#FFFFFF",0,"01100"
"entry5075","3081","pmk:MDS_1342","gene","http://www.kegg.jp/dbget-bin/www_bget?pmk:MDS_1342",NA,"rn:R02036",NA,NA,NA,"line",NA,NA,"#6C63F6","#FFFFFF",0,"01100"
"entry5076","3082","pmk:MDS_1114","gene","http://www.kegg.jp/dbget-bin/www_bget?pmk:MDS_1114",NA,"rn:R01049",NA,NA,NA,"line",NA,NA,"#6C63F6","#FFFFFF",0,"01100"
"entry5077","3083","pmk:MDS_1903 / pmk:MDS_2635 / pmk:MDS_3552","gene","http://www.kegg.jp/dbget-bin/www_bget?pmk:MDS_1903+pmk:MDS_2635+pmk:MDS_3552",NA,"rn:R00199 rn:R00200 rn:R00206 rn:R02320",NA,NA,NA,"line",NA,NA,"#6C63F6","#FFFFFF",0,"01100"
"entry5078","3084","pmk:MDS_3898","gene","http://www.kegg.jp/dbget-bin/www_bget?pmk:MDS_3898",NA,"rn:R03321",NA,NA,NA,"line",NA,NA,"#6C63F6","#FFFFFF",0,"01100"
"entry5079","3085","pmk:MDS_0112 / pmk:MDS_3898","gene","http://www.kegg.jp/dbget-bin/www_bget?pmk:MDS_0112+pmk:MDS_3898",NA,"rn:R02739",NA,NA,NA,"line",NA,NA,"#6C63F6","#FFFFFF",0,"01100"
"entry5351","3912","pmk:MDS_1670","gene","http://www.kegg.jp/dbget-bin/www_bget?pmk:MDS_1670",NA,"rn:R03351",NA,NA,NA,"line",NA,NA,"#99CCFF","#FFFFFF",0,"01100"
"entry5352","3913","pmk:MDS_0962","gene","http://www.kegg.jp/dbget-bin/www_bget?pmk:MDS_0962",NA,"rn:R03350",NA,NA,NA,"line",NA,NA,"#99CCFF","#FFFFFF",0,"01100"
"entry5353","3914","pmk:MDS_3311","gene","http://www.kegg.jp/dbget-bin/www_bget?pmk:MDS_3311",NA,"rn:R03254",NA,NA,NA,"line",NA,NA,"#99CCFF","#FFFFFF",0,"01100"
"entry5414","4038","pmk:MDS_4709","gene","http://www.kegg.jp/dbget-bin/www_bget?pmk:MDS_4709",NA,"rn:R00959",NA,NA,NA,"line",NA,NA,"#6C63F6","#FFFFFF",0,"01100"
"entry5419","4046","pmk:MDS_0587 / pmk:MDS_0589 / pmk:MDS_3091 / pmk:MDS_3198","gene","http://www.kegg.jp/dbget-bin/www_bget?pmk:MDS_0587+pmk:MDS_0589+pmk:MDS_3091+pmk:MDS_3198",NA,"rn:R00093 rn:R00114 rn:R00243 rn:R00248",NA,NA,NA,"line",NA,NA,"#FFCC66","#FFFFFF",0,"01100"
"entry5420","4047","pmk:MDS_1521","gene","http://www.kegg.jp/dbget-bin/www_bget?pmk:MDS_1521",NA,"rn:R00357",NA,NA,NA,"line",NA,NA,"#FFCC66","#FFFFFF",0,"01100"
"entry5421","4048","pmk:MDS_4380","gene","http://www.kegg.jp/dbget-bin/www_bget?pmk:MDS_4380",NA,"rn:R01449",NA,NA,NA,"line",NA,NA,"#B3B3E6","#FFFFFF",0,"01100"
"entry5428","4061","pmk:MDS_1941","gene","http://www.kegg.jp/dbget-bin/www_bget?pmk:MDS_1941",NA,"rn:R01714",NA,NA,NA,"line",NA,NA,"#FFCC66","#FFFFFF",0,"01100"
"entry5429","4063","pmk:MDS_0908 / pmk:MDS_2575 / pmk:MDS_3366","gene","http://www.kegg.jp/dbget-bin/www_bget?pmk:MDS_0908+pmk:MDS_2575+pmk:MDS_3366",NA,"rn:R00858 rn:R00859 rn:R00861 rn:R10146",NA,NA,NA,"line",NA,NA,"#CC99FF","#FFFFFF",0,"01100"
"entry5433","4070","pmk:MDS_0696 / pmk:MDS_3093","gene","http://www.kegg.jp/dbget-bin/www_bget?pmk:MDS_0696+pmk:MDS_3093",NA,"rn:R03105",NA,NA,NA,"line",NA,NA,"#FFCC66","#FFFFFF",0,"01100"
"entry5435","4073","pmk:MDS_3917","gene","http://www.kegg.jp/dbget-bin/www_bget?pmk:MDS_3917",NA,"rn:R01015",NA,NA,NA,"line",NA,NA,"#6C63F6","#FFFFFF",0,"01100"
"entry5437","4095","pmk:MDS_4739","gene","http://www.kegg.jp/dbget-bin/www_bget?pmk:MDS_4739",NA,"rn:R05000",NA,NA,NA,"line",NA,NA,"#FFB3CC","#FFFFFF",0,"01100"
"entry5438","4097","pmk:MDS_0370 / pmk:MDS_4129","gene","http://www.kegg.jp/dbget-bin/www_bget?pmk:MDS_0370+pmk:MDS_4129",NA,"rn:R04985",NA,NA,NA,"line",NA,NA,"#FFB3CC","#FFFFFF",0,"01100"
"entry5439","4098","pmk:MDS_0386","gene","http://www.kegg.jp/dbget-bin/www_bget?pmk:MDS_0386",NA,"rn:R08768",NA,NA,NA,"line",NA,NA,"#FFB3CC","#FFFFFF",0,"01100"
"entry5440","4101","pmk:MDS_1951","gene","http://www.kegg.jp/dbget-bin/www_bget?pmk:MDS_1951",NA,"rn:R08769",NA,NA,NA,"line",NA,NA,"#FFB3CC","#FFFFFF",0,"01100"
"entry5441","4102","pmk:MDS_0385","gene","http://www.kegg.jp/dbget-bin/www_bget?pmk:MDS_0385",NA,"rn:R08773",NA,NA,NA,"line",NA,NA,"#FFB3CC","#FFFFFF",0,"01100"
"entry5442","4103","pmk:MDS_0561","gene","http://www.kegg.jp/dbget-bin/www_bget?pmk:MDS_0561",NA,"rn:R08774",NA,NA,NA,"line",NA,NA,"#FFB3CC","#FFFFFF",0,"01100"
"entry5443","4104","pmk:MDS_4325","gene","http://www.kegg.jp/dbget-bin/www_bget?pmk:MDS_4325",NA,"rn:R08775",NA,NA,NA,"line",NA,NA,"#FFB3CC","#FFFFFF",0,"01100"
"entry5444","4105","pmk:MDS_1951","gene","http://www.kegg.jp/dbget-bin/www_bget?pmk:MDS_1951",NA,"rn:R08781",NA,NA,NA,"line",NA,NA,"#FFB3CC","#FFFFFF",0,"01100"
"entry5455","4129","pmk:MDS_1071 / pmk:MDS_4598","gene","http://www.kegg.jp/dbget-bin/www_bget?pmk:MDS_1071+pmk:MDS_4598",NA,"rn:R01819",NA,NA,NA,"line",NA,NA,"#B3B3E6","#FFFFFF",0,"01100"
"entry5462","4158","pmk:MDS_3898","gene","http://www.kegg.jp/dbget-bin/www_bget?pmk:MDS_3898",NA,"rn:R02740",NA,NA,NA,"line",NA,NA,"#6C63F6","#FFFFFF",0,"01100"
"entry5463","4159","pmk:MDS_3275 / pmk:MDS_3730","gene","http://www.kegg.jp/dbget-bin/www_bget?pmk:MDS_3275+pmk:MDS_3730",NA,"rn:R04325",NA,NA,NA,"line",NA,NA,"#FF8080","#FFFFFF",0,"01100"
"entry5464","4160","pmk:MDS_3738","gene","http://www.kegg.jp/dbget-bin/www_bget?pmk:MDS_3738",NA,"rn:R04463",NA,NA,NA,"line",NA,NA,"#FF8080","#FFFFFF",0,"01100"
"entry5465","4161","pmk:MDS_0792","gene","http://www.kegg.jp/dbget-bin/www_bget?pmk:MDS_0792",NA,"rn:R04144",NA,NA,NA,"line",NA,NA,"#FF8080","#FFFFFF",0,"01100"
"entry5468","4178","pmk:MDS_2685 / pmk:MDS_3395 / pmk:MDS_3901","gene","http://www.kegg.jp/dbget-bin/www_bget?pmk:MDS_2685+pmk:MDS_3395+pmk:MDS_3901",NA,"rn:R00229 rn:R00235",NA,NA,NA,"line",NA,NA,"#6C63F6","#FFFFFF",0,"01100"
"entry5470","4194","pmk:MDS_4903","gene","http://www.kegg.jp/dbget-bin/www_bget?pmk:MDS_4903",NA,"rn:R05217",NA,NA,NA,"line",NA,NA,"#FFB3CC","#FFFFFF",0,"01100"
"entry5471","4195","pmk:MDS_4906","gene","http://www.kegg.jp/dbget-bin/www_bget?pmk:MDS_4906",NA,"rn:R05180",NA,NA,NA,"line",NA,NA,"#FFB3CC","#FFFFFF",0,"01100"
"entry5472","4196","pmk:MDS_4932","gene","http://www.kegg.jp/dbget-bin/www_bget?pmk:MDS_4932",NA,"rn:R05181",NA,NA,NA,"line",NA,NA,"#FFB3CC","#FFFFFF",0,"01100"
"entry5473","4197","pmk:MDS_4923","gene","http://www.kegg.jp/dbget-bin/www_bget?pmk:MDS_4923",NA,"rn:R05219",NA,NA,NA,"line",NA,NA,"#FFB3CC","#FFFFFF",0,"01100"
"entry5474","4198","pmk:MDS_4901","gene","http://www.kegg.jp/dbget-bin/www_bget?pmk:MDS_4901",NA,"rn:R05150",NA,NA,NA,"line",NA,NA,"#FFB3CC","#FFFFFF",0,"01100"
"entry5475","4199","pmk:MDS_4902","gene","http://www.kegg.jp/dbget-bin/www_bget?pmk:MDS_4902",NA,"rn:R05149",NA,NA,NA,"line",NA,NA,"#FFB3CC","#FFFFFF",0,"01100"
"entry5476","4200","pmk:MDS_4904","gene","http://www.kegg.jp/dbget-bin/www_bget?pmk:MDS_4904",NA,"rn:R05177",NA,NA,NA,"line",NA,NA,"#FFB3CC","#FFFFFF",0,"01100"
"entry5477","4201","pmk:MDS_3111","gene","http://www.kegg.jp/dbget-bin/www_bget?pmk:MDS_3111",NA,"rn:R05224",NA,NA,NA,"line",NA,NA,"#FFB3CC","#FFFFFF",0,"01100"
"entry5478","4202","pmk:MDS_1404 / pmk:MDS_1405 / pmk:MDS_4929","gene","http://www.kegg.jp/dbget-bin/www_bget?pmk:MDS_1404+pmk:MDS_1405+pmk:MDS_4929",NA,"rn:R05227",NA,NA,NA,"line",NA,NA,"#FFB3CC","#FFFFFF",0,"01100"
"entry5479","4203","pmk:MDS_4905","gene","http://www.kegg.jp/dbget-bin/www_bget?pmk:MDS_4905",NA,"rn:R03948",NA,NA,NA,"line",NA,NA,"#FFB3CC","#FFFFFF",0,"01100"
"entry5480","4204","pmk:MDS_2387","gene","http://www.kegg.jp/dbget-bin/www_bget?pmk:MDS_2387",NA,"rn:R03947",NA,NA,NA,"line",NA,NA,"#FFB3CC","#FFFFFF",0,"01100"
"entry5481","4205","pmk:MDS_2387","gene","http://www.kegg.jp/dbget-bin/www_bget?pmk:MDS_2387",NA,"rn:R02864",NA,NA,NA,"line",NA,NA,"#FFB3CC","#FFFFFF",0,"01100"
"entry5482","4207","pmk:MDS_4905","gene","http://www.kegg.jp/dbget-bin/www_bget?pmk:MDS_4905",NA,"rn:R05808",NA,NA,NA,"line",NA,NA,"#FFB3CC","#FFFFFF",0,"01100"
"entry5483","4209","pmk:MDS_4906","gene","http://www.kegg.jp/dbget-bin/www_bget?pmk:MDS_4906",NA,"rn:R05809",NA,NA,NA,"line",NA,NA,"#FFB3CC","#FFFFFF",0,"01100"
"entry5484","4210","pmk:MDS_4932","gene","http://www.kegg.jp/dbget-bin/www_bget?pmk:MDS_4932",NA,"rn:R05810",NA,NA,NA,"line",NA,NA,"#FFB3CC","#FFFFFF",0,"01100"
"entry5485","4211","pmk:MDS_4906 / pmk:MDS_4931","gene","http://www.kegg.jp/dbget-bin/www_bget?pmk:MDS_4906+pmk:MDS_4931",NA,"rn:R07772",NA,NA,NA,"line",NA,NA,"#FFB3CC","#FFFFFF",0,"01100"
"entry5486","4213","pmk:MDS_4901","gene","http://www.kegg.jp/dbget-bin/www_bget?pmk:MDS_4901",NA,"rn:R05812",NA,NA,NA,"line",NA,NA,"#FFB3CC","#FFFFFF",0,"01100"
"entry5487","4216","pmk:MDS_4904","gene","http://www.kegg.jp/dbget-bin/www_bget?pmk:MDS_4904",NA,"rn:R05814",NA,NA,NA,"line",NA,NA,"#FFB3CC","#FFFFFF",0,"01100"
"entry5488","4217","pmk:MDS_3111","gene","http://www.kegg.jp/dbget-bin/www_bget?pmk:MDS_3111",NA,"rn:R05815",NA,NA,NA,"line",NA,NA,"#FFB3CC","#FFFFFF",0,"01100"
"entry5516","4310","pmk:MDS_1634 / pmk:MDS_2865 / pmk:MDS_3526","gene","http://www.kegg.jp/dbget-bin/www_bget?pmk:MDS_1634+pmk:MDS_2865+pmk:MDS_3526",NA,"rn:R07895",NA,NA,NA,"line",NA,NA,"#80CCB3","#FFFFFF",0,"01100"
"entry5518","4315","pmk:MDS_1250 / pmk:MDS_1253","gene","http://www.kegg.jp/dbget-bin/www_bget?pmk:MDS_1250+pmk:MDS_1253",NA,"rn:R02752",NA,NA,NA,"line",NA,NA,"#B3B3E6","#FFFFFF",0,"01100"
"entry5519","4316","pmk:MDS_1252","gene","http://www.kegg.jp/dbget-bin/www_bget?pmk:MDS_1252",NA,"rn:R02279",NA,NA,NA,"line",NA,NA,"#B3B3E6","#FFFFFF",0,"01100"
"entry5526","4328","pmk:MDS_0330 / pmk:MDS_2672 / pmk:MDS_3099","gene","http://www.kegg.jp/dbget-bin/www_bget?pmk:MDS_0330+pmk:MDS_2672+pmk:MDS_3099",NA,"rn:R02687",NA,NA,NA,"line",NA,NA,"#80CCB3","#FFFFFF",0,"01100"
"entry5529","4331","pmk:MDS_3064","gene","http://www.kegg.jp/dbget-bin/www_bget?pmk:MDS_3064",NA,"rn:R00897",NA,NA,NA,"line",NA,NA,"#FFCC66","#FFFFFF",0,"01100"
"entry5531","4355","pmk:MDS_2127 / pmk:MDS_2995","gene","http://www.kegg.jp/dbget-bin/www_bget?pmk:MDS_2127+pmk:MDS_2995",NA,"rn:R01325",NA,NA,NA,"line",NA,NA,"#6C63F6","#FFFFFF",0,"01100"
"entry5532","4356","pmk:MDS_2373 / pmk:MDS_2374","gene","http://www.kegg.jp/dbget-bin/www_bget?pmk:MDS_2373+pmk:MDS_2374",NA,"rn:R01899",NA,NA,NA,"line",NA,NA,"#6C63F6","#FFFFFF",0,"01100"
"entry5533","4357","pmk:MDS_3362 / pmk:MDS_3979","gene","http://www.kegg.jp/dbget-bin/www_bget?pmk:MDS_3362+pmk:MDS_3979",NA,"rn:R00342 rn:R00361",NA,NA,NA,"line",NA,NA,"#6C63F6","#FFFFFF",0,"01100"
"entry5534","4358","pmk:MDS_2373 / pmk:MDS_2374","gene","http://www.kegg.jp/dbget-bin/www_bget?pmk:MDS_2373+pmk:MDS_2374",NA,"rn:R00267 rn:R00709",NA,NA,NA,"line",NA,NA,"#6C63F6","#FFFFFF",0,"01100"
"entry5535","4359","pmk:MDS_2127 / pmk:MDS_2995","gene","http://www.kegg.jp/dbget-bin/www_bget?pmk:MDS_2127+pmk:MDS_2995",NA,"rn:R01900",NA,NA,NA,"line",NA,NA,"#6C63F6","#FFFFFF",0,"01100"
"entry5537","4361","pmk:MDS_2373 / pmk:MDS_2374","gene","http://www.kegg.jp/dbget-bin/www_bget?pmk:MDS_2373+pmk:MDS_2374",NA,"rn:R00268",NA,NA,NA,"line",NA,NA,"#6C63F6","#FFFFFF",0,"01100"
"entry5540","4364","pmk:MDS_2263 / pmk:MDS_2264","gene","http://www.kegg.jp/dbget-bin/www_bget?pmk:MDS_2263+pmk:MDS_2264",NA,"rn:R00405 rn:R00432 rn:R00727 rn:R10343",NA,NA,NA,"line",NA,NA,"#6C63F6","#FFFFFF",0,"01100"
"entry5541","4365","pmk:MDS_1155 / pmk:MDS_2260 / pmk:MDS_2261 / pmk:MDS_2262","gene","http://www.kegg.jp/dbget-bin/www_bget?pmk:MDS_1155+pmk:MDS_2260+pmk:MDS_2261+pmk:MDS_2262",NA,"rn:R08549 rn:R01197",NA,NA,NA,"line",NA,NA,"#6C63F6","#FFFFFF",0,"01100"
"entry5542","4366","pmk:MDS_3157 / pmk:MDS_3557","gene","http://www.kegg.jp/dbget-bin/www_bget?pmk:MDS_3157+pmk:MDS_3557",NA,"rn:R01082",NA,NA,NA,"line",NA,NA,"#6C63F6","#FFFFFF",0,"01100"
"entry5547","4377","pmk:MDS_0546","gene","http://www.kegg.jp/dbget-bin/www_bget?pmk:MDS_0546",NA,"rn:R04779 rn:R04780 rn:R09084 rn:R02073",NA,NA,NA,"line",NA,NA,"#6C63F6","#FFFFFF",0,"01100"
"entry5549","4389","pmk:MDS_0117 / pmk:MDS_2843 / pmk:MDS_3305","gene","http://www.kegg.jp/dbget-bin/www_bget?pmk:MDS_0117+pmk:MDS_2843+pmk:MDS_3305",NA,"rn:R02124 rn:R08379",NA,NA,NA,"line",NA,NA,"#FFB3CC","#FFFFFF",0,"01100"
"entry5554","4440","pmk:MDS_4266","gene","http://www.kegg.jp/dbget-bin/www_bget?pmk:MDS_4266",NA,"rn:R02596",NA,NA,NA,"line",NA,NA,"#F06292","#FFFFFF",0,"01100"
"entry5555","4444","pmk:MDS_4266","gene","http://www.kegg.jp/dbget-bin/www_bget?pmk:MDS_4266",NA,"rn:R03919",NA,NA,NA,"line",NA,NA,"#F06292","#FFFFFF",0,"01100"
"entry5560","4467","pmk:MDS_1943","gene","http://www.kegg.jp/dbget-bin/www_bget?pmk:MDS_1943",NA,"rn:R07363",NA,NA,NA,"line",NA,NA,"#FFCC66","#FFFFFF",0,"01100"
"entry5565","4480","pmk:MDS_1995 / pmk:MDS_1996 / pmk:MDS_2818 / pmk:MDS_2819","gene","http://www.kegg.jp/dbget-bin/www_bget?pmk:MDS_1995+pmk:MDS_1996+pmk:MDS_2818+pmk:MDS_2819",NA,"rn:R03898",NA,NA,NA,"line",NA,NA,"#FFCC66","#FFFFFF",0,"01100"
"entry5566","4481","pmk:MDS_1997","gene","http://www.kegg.jp/dbget-bin/www_bget?pmk:MDS_1997",NA,"rn:R00994",NA,NA,NA,"line",NA,NA,"#FFCC66","#FFFFFF",0,"01100"
"entry5567","4482","pmk:MDS_0054 / pmk:MDS_1565 / pmk:MDS_4066 / pmk:MDS_4553 / pmk:MDS_4878","gene","http://www.kegg.jp/dbget-bin/www_bget?pmk:MDS_0054+pmk:MDS_1565+pmk:MDS_4066+pmk:MDS_4553+pmk:MDS_4878",NA,"rn:R00220",NA,NA,NA,"line",NA,NA,"#FFCC66","#FFFFFF",0,"01100"
"entry5568","4483","pmk:MDS_0509 / pmk:MDS_2241","gene","http://www.kegg.jp/dbget-bin/www_bget?pmk:MDS_0509+pmk:MDS_2241",NA,"rn:R00258 rn:R00369 rn:R00396 rn:R00400",NA,NA,NA,"line",NA,NA,"#FFCC66","#FFFFFF",0,"01100"
"entry5571","4495","pmk:MDS_4192","gene","http://www.kegg.jp/dbget-bin/www_bget?pmk:MDS_4192",NA,"rn:R09936",NA,NA,NA,"line",NA,NA,"#FF8080","#FFFFFF",0,"01100"
"entry5585","4544","pmk:MDS_0601 / pmk:MDS_0610 / pmk:MDS_0613 / pmk:MDS_1684 / pmk:MDS_2296","gene","http://www.kegg.jp/dbget-bin/www_bget?pmk:MDS_0601+pmk:MDS_0610+pmk:MDS_0613+pmk:MDS_1684+pmk:MDS_2296",NA,"rn:R10119",NA,NA,NA,"line",NA,NA,"#FFB3CC","#FFFFFF",0,"01100"
"entry5587","4547","pmk:MDS_2209","gene","http://www.kegg.jp/dbget-bin/www_bget?pmk:MDS_2209",NA,"rn:R10118",NA,NA,NA,"line",NA,NA,"#FFB3CC","#FFFFFF",0,"01100"
"entry5588","4548","pmk:MDS_3319","gene","http://www.kegg.jp/dbget-bin/www_bget?pmk:MDS_3319",NA,"rn:R10117",NA,NA,NA,"line",NA,NA,"#FFB3CC","#FFFFFF",0,"01100"
"entry5589","4549","pmk:MDS_0611 / pmk:MDS_0848 / pmk:MDS_1682 / pmk:MDS_2136 / pmk:MDS_3506 / pmk:MDS_3986 / pmk:MDS_4194","gene","http://www.kegg.jp/dbget-bin/www_bget?pmk:MDS_0611+pmk:MDS_0848+pmk:MDS_1682+pmk:MDS_2136+pmk:MDS_3506+pmk:MDS_3986+pmk:MDS_4194",NA,"rn:R10116",NA,NA,NA,"line",NA,NA,"#FFB3CC","#FFFFFF",0,"01100"
"entry5590","4550","pmk:MDS_0601 / pmk:MDS_0610 / pmk:MDS_0613 / pmk:MDS_1684 / pmk:MDS_2296","gene","http://www.kegg.jp/dbget-bin/www_bget?pmk:MDS_0601+pmk:MDS_0610+pmk:MDS_0613+pmk:MDS_1684+pmk:MDS_2296",NA,"rn:R10115",NA,NA,NA,"line",NA,NA,"#FFB3CC","#FFFFFF",0,"01100"
"entry5595","4557","pmk:MDS_4404","gene","http://www.kegg.jp/dbget-bin/www_bget?pmk:MDS_4404",NA,"rn:R09543",NA,NA,NA,"line",NA,NA,"#FFB3CC","#FFFFFF",0,"01100"
"entry5602","4589","pmk:MDS_3633","gene","http://www.kegg.jp/dbget-bin/www_bget?pmk:MDS_3633",NA,"rn:R10619",NA,NA,NA,"line",NA,NA,"#B3B3E6","#FFFFFF",0,"01100"
"entry5604","4598","pmk:MDS_2941","gene","http://www.kegg.jp/dbget-bin/www_bget?pmk:MDS_2941",NA,"rn:R10151",NA,NA,NA,"line",NA,NA,"#CC99FF","#FFFFFF",0,"01100"
"entry5607","4601","pmk:MDS_0481","gene","http://www.kegg.jp/dbget-bin/www_bget?pmk:MDS_0481",NA,"rn:R00192",NA,NA,NA,"line",NA,NA,"#FFCC66","#FFFFFF",0,"01100"
"entry5610","4607","pmk:MDS_2438","gene","http://www.kegg.jp/dbget-bin/www_bget?pmk:MDS_2438",NA,"rn:R01557",NA,NA,NA,"line",NA,NA,"#B3B3E6","#FFFFFF",0,"01100"
"entry5615","4613","pmk:MDS_1754 / pmk:MDS_4453","gene","http://www.kegg.jp/dbget-bin/www_bget?pmk:MDS_1754+pmk:MDS_4453",NA,"rn:R00751",NA,NA,NA,"line",NA,NA,"#FFCC66","#FFFFFF",0,"01100"
"entry5616","4614","pmk:MDS_2685 / pmk:MDS_3395 / pmk:MDS_3901 / pmk:MDS_4380","gene","http://www.kegg.jp/dbget-bin/www_bget?pmk:MDS_2685+pmk:MDS_3395+pmk:MDS_3901+pmk:MDS_4380",NA,"rn:R00925 rn:R00920 rn:R00928",NA,NA,NA,"line",NA,NA,"#B3B3E6","#FFFFFF",0,"01100"
"entry5618","4618","pmk:MDS_3337","gene","http://www.kegg.jp/dbget-bin/www_bget?pmk:MDS_3337",NA,"rn:R04365",NA,NA,NA,"line",NA,NA,"#FFCC66","#FFFFFF",0,"01100"
"entry5619","4619","pmk:MDS_1558 / pmk:MDS_3334 / pmk:MDS_4385","gene","http://www.kegg.jp/dbget-bin/www_bget?pmk:MDS_1558+pmk:MDS_3334+pmk:MDS_4385",NA,"rn:R04475",NA,NA,NA,"line",NA,NA,"#FFCC66","#FFFFFF",0,"01100"
"entry5620","4620","pmk:MDS_3344","gene","http://www.kegg.jp/dbget-bin/www_bget?pmk:MDS_3344",NA,"rn:R02734",NA,NA,NA,"line",NA,NA,"#FFCC66","#FFFFFF",0,"01100"
"entry5623","4627","pmk:MDS_4168 / pmk:MDS_4169 / pmk:MDS_4170","gene","http://www.kegg.jp/dbget-bin/www_bget?pmk:MDS_4168+pmk:MDS_4169+pmk:MDS_4170",NA,"rn:R05621 rn:R05622",NA,NA,NA,"line",NA,NA,"#DA8E82","#FFFFFF",0,"01100"
"entry5624","4628","pmk:MDS_4167","gene","http://www.kegg.jp/dbget-bin/www_bget?pmk:MDS_4167",NA,"rn:R00813",NA,NA,NA,"line",NA,NA,"#DA8E82","#FFFFFF",0,"01100"
"entry5625","4636","pmk:MDS_4168 / pmk:MDS_4169 / pmk:MDS_4170","gene","http://www.kegg.jp/dbget-bin/www_bget?pmk:MDS_4168+pmk:MDS_4169+pmk:MDS_4170",NA,"rn:R08100",NA,NA,NA,"line",NA,NA,"#DA8E82","#FFFFFF",0,"01100"
"entry5645","4758","pmk:MDS_2224 / pmk:MDS_3125 / pmk:MDS_4106","gene","http://www.kegg.jp/dbget-bin/www_bget?pmk:MDS_2224+pmk:MDS_3125+pmk:MDS_4106",NA,"rn:R00103 rn:R00137",NA,NA,NA,"line",NA,NA,"#FFB3CC","#FFFFFF",0,"01100"
"entry5656","4801","pmk:MDS_0324","gene","http://www.kegg.jp/dbget-bin/www_bget?pmk:MDS_0324",NA,"rn:R00451",NA,NA,NA,"line",NA,NA,"#FFCC66","#FFFFFF",0,"01100"
"entry5659","4811","pmk:MDS_1162","gene","http://www.kegg.jp/dbget-bin/www_bget?pmk:MDS_1162",NA,"rn:R00707 rn:R00708",NA,NA,NA,"line",NA,NA,"#FFCC66","#FFFFFF",0,"01100"
"entry5661","4817","pmk:MDS_0412","gene","http://www.kegg.jp/dbget-bin/www_bget?pmk:MDS_0412",NA,"rn:R09107",NA,NA,NA,"line",NA,NA,"#FFCC66","#FFFFFF",0,"01100"
"entry5664","4820","pmk:MDS_1750","gene","http://www.kegg.jp/dbget-bin/www_bget?pmk:MDS_1750",NA,"rn:R05049",NA,NA,NA,"line",NA,NA,"#FFCC66","#FFFFFF",0,"01100"
"entry5665","4821","pmk:MDS_1747","gene","http://www.kegg.jp/dbget-bin/www_bget?pmk:MDS_1747",NA,"rn:R04217",NA,NA,NA,"line",NA,NA,"#FFCC66","#FFFFFF",0,"01100"
"entry5666","4822","pmk:MDS_1751","gene","http://www.kegg.jp/dbget-bin/www_bget?pmk:MDS_1751",NA,"rn:R04189",NA,NA,NA,"line",NA,NA,"#FFCC66","#FFFFFF",0,"01100"
"entry5667","4823","pmk:MDS_1748 / pmk:MDS_1749","gene","http://www.kegg.jp/dbget-bin/www_bget?pmk:MDS_1748+pmk:MDS_1749",NA,"rn:R00832",NA,NA,NA,"line",NA,NA,"#FFCC66","#FFFFFF",0,"01100"
"entry5676","4931","pmk:MDS_0909","gene","http://www.kegg.jp/dbget-bin/www_bget?pmk:MDS_0909",NA,"rn:R00670",NA,NA,NA,"line",NA,NA,"#FFCC66","#FFFFFF",0,"01100"
"entry5677","4934","pmk:MDS_0412 / pmk:MDS_1020","gene","http://www.kegg.jp/dbget-bin/www_bget?pmk:MDS_0412+pmk:MDS_1020",NA,"rn:R00669 rn:R02282",NA,NA,NA,"line",NA,NA,"#FFCC66","#FFFFFF",0,"01100"
"entry5690","4977","pmk:MDS_3536","gene","http://www.kegg.jp/dbget-bin/www_bget?pmk:MDS_3536",NA,"rn:R02887 rn:R11308",NA,NA,NA,"line",NA,NA,"#B3B3E6","#FFFFFF",0,"01100"
"entry5691","4979","pmk:MDS_3536","gene","http://www.kegg.jp/dbget-bin/www_bget?pmk:MDS_3536",NA,"rn:R00306",NA,NA,NA,"line",NA,NA,"#B3B3E6","#FFFFFF",0,"01100"
"entry5711","5105","pmk:MDS_2444 / pmk:MDS_2455","gene","http://www.kegg.jp/dbget-bin/www_bget?pmk:MDS_2444+pmk:MDS_2455",NA,"rn:R02111",NA,NA,NA,"line",NA,NA,"#B3B3E6","#FFFFFF",0,"01100"
"entry5712","5108","pmk:MDS_2439","gene","http://www.kegg.jp/dbget-bin/www_bget?pmk:MDS_2439",NA,"rn:R02110",NA,NA,NA,"line",NA,NA,"#B3B3E6","#FFFFFF",0,"01100"
"entry5713","5118","pmk:MDS_3317","gene","http://www.kegg.jp/dbget-bin/www_bget?pmk:MDS_3317",NA,"rn:R04606",NA,NA,NA,"line",NA,NA,"#99CCFF","#FFFFFF",0,"01100"
"entry5717","5141","pmk:MDS_4588","gene","http://www.kegg.jp/dbget-bin/www_bget?pmk:MDS_4588",NA,"rn:R03457",NA,NA,NA,"line",NA,NA,"#FFCC66","#FFFFFF",0,"01100"
"entry5718","5142","pmk:MDS_0974 / pmk:MDS_1957","gene","http://www.kegg.jp/dbget-bin/www_bget?pmk:MDS_0974+pmk:MDS_1957",NA,"rn:R03243",NA,NA,NA,"line",NA,NA,"#FFCC66","#FFFFFF",0,"01100"
"entry5723","5192","pmk:MDS_0594","gene","http://www.kegg.jp/dbget-bin/www_bget?pmk:MDS_0594",NA,"rn:R04972",NA,NA,NA,"line",NA,NA,"#FFB3CC","#FFFFFF",0,"01100"
"entry5724","5193","pmk:MDS_0359","gene","http://www.kegg.jp/dbget-bin/www_bget?pmk:MDS_0359",NA,"rn:R00036",NA,NA,NA,"line",NA,NA,"#FFB3CC","#FFFFFF",0,"01100"
"entry5726","5195","pmk:MDS_0340","gene","http://www.kegg.jp/dbget-bin/www_bget?pmk:MDS_0340",NA,"rn:R00084",NA,NA,NA,"line",NA,NA,"#FFB3CC","#FFFFFF",0,"01100"
"entry5738","5239","pmk:MDS_3267","gene","http://www.kegg.jp/dbget-bin/www_bget?pmk:MDS_3267",NA,"rn:R03816",NA,NA,NA,"line",NA,NA,"#FFB3CC","#FFFFFF",0,"01100"
"entry5739","5243","pmk:MDS_0561","gene","http://www.kegg.jp/dbget-bin/www_bget?pmk:MDS_0561",NA,"rn:R09736",NA,NA,NA,"line",NA,NA,"#FFB3CC","#FFFFFF",0,"01100"
"entry5743","5251","pmk:MDS_3267","gene","http://www.kegg.jp/dbget-bin/www_bget?pmk:MDS_3267",NA,"rn:R02964",NA,NA,NA,"line",NA,NA,"#FFB3CC","#FFFFFF",0,"01100"
"entry5759","5325","pmk:MDS_2769","gene","http://www.kegg.jp/dbget-bin/www_bget?pmk:MDS_2769",NA,"rn:R04286",NA,NA,NA,"line",NA,NA,"#FFB3CC","#FFFFFF",0,"01100"
"entry5760","5327","pmk:MDS_4541","gene","http://www.kegg.jp/dbget-bin/www_bget?pmk:MDS_4541",NA,"rn:R11765",NA,NA,NA,"line",NA,NA,"#FFB3CC","#FFFFFF",0,"01100"
"entry5761","5333","pmk:MDS_3412","gene","http://www.kegg.jp/dbget-bin/www_bget?pmk:MDS_3412",NA,"rn:R04734",NA,NA,NA,"line",NA,NA,"#FFB3CC","#FFFFFF",0,"01100"
"entry5762","5335","pmk:MDS_3411","gene","http://www.kegg.jp/dbget-bin/www_bget?pmk:MDS_3411",NA,"rn:R07211 rn:R07212 rn:R07213",NA,NA,NA,"line",NA,NA,"#FFB3CC","#FFFFFF",0,"01100"
"entry5763","5340","pmk:MDS_3118","gene","http://www.kegg.jp/dbget-bin/www_bget?pmk:MDS_3118",NA,"rn:R11581",NA,NA,NA,"line",NA,NA,"#FFB3CC","#FFFFFF",0,"01100"
"entry5765","5345","pmk:MDS_1085","gene","http://www.kegg.jp/dbget-bin/www_bget?pmk:MDS_1085",NA,"rn:R11372",NA,NA,NA,"line",NA,NA,"#FFB3CC","#FFFFFF",0,"01100"
"entry5766","5346","pmk:MDS_4238","gene","http://www.kegg.jp/dbget-bin/www_bget?pmk:MDS_4238",NA,"rn:R04457",NA,NA,NA,"line",NA,NA,"#FFB3CC","#FFFFFF",0,"01100"
"entry5767","5349","pmk:MDS_0451 / pmk:MDS_1089 / pmk:MDS_2657 / pmk:MDS_3301","gene","http://www.kegg.jp/dbget-bin/www_bget?pmk:MDS_0451+pmk:MDS_1089+pmk:MDS_2657+pmk:MDS_3301",NA,"rn:R01227 rn:R01228",NA,NA,NA,"line",NA,NA,"#FF8080","#FFFFFF",0,"01100"
"entry5768","5350","pmk:MDS_2250","gene","http://www.kegg.jp/dbget-bin/www_bget?pmk:MDS_2250",NA,"rn:R01677 rn:R02147",NA,NA,NA,"line",NA,NA,"#FF8080","#FFFFFF",0,"01100"
"entry5769","5351","pmk:MDS_2400","gene","http://www.kegg.jp/dbget-bin/www_bget?pmk:MDS_2400",NA,"rn:R02014 rn:R11634",NA,NA,NA,"line",NA,NA,"#FF8080","#FFFFFF",0,"01100"
"entry5770","5352","pmk:MDS_1934 / pmk:MDS_3591 / pmk:MDS_4870","gene","http://www.kegg.jp/dbget-bin/www_bget?pmk:MDS_1934+pmk:MDS_3591+pmk:MDS_4870",NA,"rn:R00428",NA,NA,NA,"line",NA,NA,"#FFB3CC","#FFFFFF",0,"01100"
"entry5771","5353","pmk:MDS_4232 / pmk:MDS_4239","gene","http://www.kegg.jp/dbget-bin/www_bget?pmk:MDS_4232+pmk:MDS_4239",NA,"rn:R00425",NA,NA,NA,"line",NA,NA,"#FFB3CC","#FFFFFF",0,"01100"
"entry5772","5359","pmk:MDS_0307 / pmk:MDS_1035","gene","http://www.kegg.jp/dbget-bin/www_bget?pmk:MDS_0307+pmk:MDS_1035",NA,"rn:R02142",NA,NA,NA,"line",NA,NA,"#FF8080","#FFFFFF",0,"01100"
"entry5773","5360","pmk:MDS_2250","gene","http://www.kegg.jp/dbget-bin/www_bget?pmk:MDS_2250",NA,"rn:R01245 rn:R01561",NA,NA,NA,"line",NA,NA,"#FF8080","#FFFFFF",0,"01100"
"entry5774","5362","pmk:MDS_3431 / pmk:MDS_3432","gene","http://www.kegg.jp/dbget-bin/www_bget?pmk:MDS_3431+pmk:MDS_3432",NA,"rn:R02017",NA,NA,NA,"line",NA,NA,"#FF8080","#FFFFFF",0,"01100"
"entry5775","5367","pmk:MDS_0451 / pmk:MDS_1089 / pmk:MDS_2657 / pmk:MDS_3301","gene","http://www.kegg.jp/dbget-bin/www_bget?pmk:MDS_0451+pmk:MDS_1089+pmk:MDS_2657+pmk:MDS_3301",NA,"rn:R01126 rn:R01131",NA,NA,NA,"line",NA,NA,"#FF8080","#FFFFFF",0,"01100"
"entry5776","5368","pmk:MDS_2250","gene","http://www.kegg.jp/dbget-bin/www_bget?pmk:MDS_2250",NA,"rn:R01770 rn:R01863",NA,NA,NA,"line",NA,NA,"#FF8080","#FFFFFF",0,"01100"
"entry5777","5369","pmk:MDS_1035","gene","http://www.kegg.jp/dbget-bin/www_bget?pmk:MDS_1035",NA,"rn:R01128 rn:R01132",NA,NA,NA,"line",NA,NA,"#FF8080","#FFFFFF",0,"01100"
"entry5778","5370","pmk:MDS_0716","gene","http://www.kegg.jp/dbget-bin/www_bget?pmk:MDS_0716",NA,"rn:R01135",NA,NA,NA,"line",NA,NA,"#FF8080","#FFFFFF",0,"01100"
"entry5779","5371","pmk:MDS_2367","gene","http://www.kegg.jp/dbget-bin/www_bget?pmk:MDS_2367",NA,"rn:R01083",NA,NA,NA,"line",NA,NA,"#FF8080","#FFFFFF",0,"01100"
"entry5780","5372","pmk:MDS_0451 / pmk:MDS_1089 / pmk:MDS_2657 / pmk:MDS_3301","gene","http://www.kegg.jp/dbget-bin/www_bget?pmk:MDS_0451+pmk:MDS_1089+pmk:MDS_2657+pmk:MDS_3301",NA,"rn:R00183 rn:R00185",NA,NA,NA,"line",NA,NA,"#FF8080","#FFFFFF",0,"01100"
"entry5781","5373","pmk:MDS_0477 / pmk:MDS_2090 / pmk:MDS_4068","gene","http://www.kegg.jp/dbget-bin/www_bget?pmk:MDS_0477+pmk:MDS_2090+pmk:MDS_4068",NA,"rn:R00182 rn:R00190",NA,NA,NA,"line",NA,NA,"#FF8080","#FFFFFF",0,"01100"
"entry5782","5374","pmk:MDS_3686","gene","http://www.kegg.jp/dbget-bin/www_bget?pmk:MDS_3686",NA,"rn:R00122 rn:R00127",NA,NA,NA,"line",NA,NA,"#FF8080","#FFFFFF",0,"01100"
"entry5783","5375","pmk:MDS_0451 / pmk:MDS_1089 / pmk:MDS_2657 / pmk:MDS_3301","gene","http://www.kegg.jp/dbget-bin/www_bget?pmk:MDS_0451+pmk:MDS_1089+pmk:MDS_2657+pmk:MDS_3301",NA,"rn:R02719",NA,NA,NA,"line",NA,NA,"#FF8080","#FFFFFF",0,"01100"
"entry5784","5376","pmk:MDS_2250","gene","http://www.kegg.jp/dbget-bin/www_bget?pmk:MDS_2250",NA,"rn:R02143 rn:R02297",NA,NA,NA,"line",NA,NA,"#FF8080","#FFFFFF",0,"01100"
"entry5785","5377","pmk:MDS_3431 / pmk:MDS_3432","gene","http://www.kegg.jp/dbget-bin/www_bget?pmk:MDS_3431+pmk:MDS_3432",NA,"rn:R02019",NA,NA,NA,"line",NA,NA,"#FF8080","#FFFFFF",0,"01100"
"entry5786","5378","pmk:MDS_2400","gene","http://www.kegg.jp/dbget-bin/www_bget?pmk:MDS_2400",NA,"rn:R02020 rn:R11633",NA,NA,NA,"line",NA,NA,"#FF8080","#FFFFFF",0,"01100"
"entry5787","5379","pmk:MDS_1921","gene","http://www.kegg.jp/dbget-bin/www_bget?pmk:MDS_1921",NA,"rn:R06601",NA,NA,NA,"line",NA,NA,"#FF8080","#FFFFFF",0,"01100"
"entry5788","5386","pmk:MDS_3919","gene","http://www.kegg.jp/dbget-bin/www_bget?pmk:MDS_3919",NA,"rn:R03067",NA,NA,NA,"line",NA,NA,"#FFB3CC","#FFFFFF",0,"01100"
"entry5789","5388","pmk:MDS_4241","gene","http://www.kegg.jp/dbget-bin/www_bget?pmk:MDS_4241",NA,"rn:R03459",NA,NA,NA,"line",NA,NA,"#FFB3CC","#FFFFFF",0,"01100"
"entry5790","5389","pmk:MDS_4241","gene","http://www.kegg.jp/dbget-bin/www_bget?pmk:MDS_4241",NA,"rn:R03458",NA,NA,NA,"line",NA,NA,"#FFB3CC","#FFFFFF",0,"01100"
"entry5791","5390","pmk:MDS_0320","gene","http://www.kegg.jp/dbget-bin/www_bget?pmk:MDS_0320",NA,"rn:R07280",NA,NA,NA,"line",NA,NA,"#FFB3CC","#FFFFFF",0,"01100"
"entry5792","5391","pmk:MDS_4240","gene","http://www.kegg.jp/dbget-bin/www_bget?pmk:MDS_4240",NA,"rn:R00066",NA,NA,NA,"line",NA,NA,"#FFB3CC","#FFFFFF",0,"01100"
"entry5793","5392","pmk:MDS_0320 / pmk:MDS_1040","gene","http://www.kegg.jp/dbget-bin/www_bget?pmk:MDS_0320+pmk:MDS_1040",NA,"rn:R00548 rn:R00549 rn:R00550 rn:R08574",NA,NA,NA,"line",NA,NA,"#FFB3CC","#FFFFFF",0,"01100"
"entry5794","5393","pmk:MDS_1040","gene","http://www.kegg.jp/dbget-bin/www_bget?pmk:MDS_1040",NA,"rn:R00160 rn:R00161",NA,NA,NA,"line",NA,NA,"#FFB3CC","#FFFFFF",0,"01100"
"entry5795","5394","pmk:MDS_1934 / pmk:MDS_3591 / pmk:MDS_4870","gene","http://www.kegg.jp/dbget-bin/www_bget?pmk:MDS_1934+pmk:MDS_3591+pmk:MDS_4870",NA,"rn:R05046",NA,NA,NA,"line",NA,NA,"#FFB3CC","#FFFFFF",0,"01100"
"entry5796","5395","pmk:MDS_1934 / pmk:MDS_3591 / pmk:MDS_4870","gene","http://www.kegg.jp/dbget-bin/www_bget?pmk:MDS_1934+pmk:MDS_3591+pmk:MDS_4870",NA,"rn:R05048",NA,NA,NA,"line",NA,NA,"#FFB3CC","#FFFFFF",0,"01100"
"entry5797","5396","pmk:MDS_1934 / pmk:MDS_3591 / pmk:MDS_4870","gene","http://www.kegg.jp/dbget-bin/www_bget?pmk:MDS_1934+pmk:MDS_3591+pmk:MDS_4870",NA,"rn:R04639",NA,NA,NA,"line",NA,NA,"#FFB3CC","#FFFFFF",0,"01100"
"entry5798","5398","pmk:MDS_4361","gene","http://www.kegg.jp/dbget-bin/www_bget?pmk:MDS_4361",NA,"rn:R03504",NA,NA,NA,"line",NA,NA,"#FFB3CC","#FFFFFF",0,"01100"
"entry5799","5399","pmk:MDS_3895 / pmk:MDS_4360","gene","http://www.kegg.jp/dbget-bin/www_bget?pmk:MDS_3895+pmk:MDS_4360",NA,"rn:R03503",NA,NA,NA,"line",NA,NA,"#FFB3CC","#FFFFFF",0,"01100"
"entry5800","5400","pmk:MDS_2004","gene","http://www.kegg.jp/dbget-bin/www_bget?pmk:MDS_2004",NA,"rn:R02237",NA,NA,NA,"line",NA,NA,"#FFB3CC","#FFFFFF",0,"01100"
"entry5801","5401","pmk:MDS_3590 / pmk:MDS_4541","gene","http://www.kegg.jp/dbget-bin/www_bget?pmk:MDS_3590+pmk:MDS_4541",NA,"rn:R00936 rn:R00939",NA,NA,NA,"line",NA,NA,"#FFB3CC","#FFFFFF",0,"01100"
"entry5802","5402","pmk:MDS_4541","gene","http://www.kegg.jp/dbget-bin/www_bget?pmk:MDS_4541",NA,"rn:R02235 rn:R02236",NA,NA,NA,"line",NA,NA,"#FFB3CC","#FFFFFF",0,"01100"
"entry5803","5403","pmk:MDS_4541","gene","http://www.kegg.jp/dbget-bin/www_bget?pmk:MDS_4541",NA,"rn:R00937 rn:R00940",NA,NA,NA,"line",NA,NA,"#FFB3CC","#FFFFFF",0,"01100"
"entry5804","5404","pmk:MDS_3919","gene","http://www.kegg.jp/dbget-bin/www_bget?pmk:MDS_3919",NA,"rn:R03066",NA,NA,NA,"line",NA,NA,"#FFB3CC","#FFFFFF",0,"01100"
"entry5805","5406","pmk:MDS_0096 / pmk:MDS_0480","gene","http://www.kegg.jp/dbget-bin/www_bget?pmk:MDS_0096+pmk:MDS_0480",NA,"rn:R01217 rn:R01224 rn:R07168",NA,NA,NA,"line",NA,NA,"#FFB3CC","#FFFFFF",0,"01100"
"entry5806","5410","pmk:MDS_0380","gene","http://www.kegg.jp/dbget-bin/www_bget?pmk:MDS_0380",NA,"rn:R02301",NA,NA,NA,"line",NA,NA,"#FFB3CC","#FFFFFF",0,"01100"
"entry5807","5411","pmk:MDS_0390 / pmk:MDS_0862 / pmk:MDS_0871 / pmk:MDS_1372 / pmk:MDS_1373 / pmk:MDS_1559 / pmk:MDS_4451","gene","http://www.kegg.jp/dbget-bin/www_bget?pmk:MDS_0390+pmk:MDS_0862+pmk:MDS_0871+pmk:MDS_1372+pmk:MDS_1373+pmk:MDS_1559+pmk:MDS_4451",NA,"rn:R00945 rn:R01669 rn:R01225 rn:R04125 rn:R06613",NA,NA,NA,"line",NA,NA,"#FFB3CC","#FFFFFF",0,"01100"
"entry5808","5412","pmk:MDS_0793 / pmk:MDS_3275 / pmk:MDS_3730","gene","http://www.kegg.jp/dbget-bin/www_bget?pmk:MDS_0793+pmk:MDS_3275+pmk:MDS_3730",NA,"rn:R00943 rn:R04325 rn:R04560",NA,NA,NA,"line",NA,NA,"#FFB3CC","#FFFFFF",0,"01100"
"entry5809","5413","pmk:MDS_2148","gene","http://www.kegg.jp/dbget-bin/www_bget?pmk:MDS_2148",NA,"rn:R01655",NA,NA,NA,"line",NA,NA,"#FFB3CC","#FFFFFF",0,"01100"
"entry5810","5414","pmk:MDS_2148","gene","http://www.kegg.jp/dbget-bin/www_bget?pmk:MDS_2148",NA,"rn:R01218 rn:R01220",NA,NA,NA,"line",NA,NA,"#FFB3CC","#FFFFFF",0,"01100"
"entry5811","5415","pmk:MDS_3686","gene","http://www.kegg.jp/dbget-bin/www_bget?pmk:MDS_3686",NA,"rn:R01547",NA,NA,NA,"line",NA,NA,"#FF8080","#FFFFFF",0,"01100"
"entry5812","5417","pmk:MDS_4719","gene","http://www.kegg.jp/dbget-bin/www_bget?pmk:MDS_4719",NA,"rn:R02090",NA,NA,NA,"line",NA,NA,"#FF8080","#FFFFFF",0,"01100"
"entry5813","5418","pmk:MDS_0451 / pmk:MDS_1089 / pmk:MDS_2657 / pmk:MDS_3301","gene","http://www.kegg.jp/dbget-bin/www_bget?pmk:MDS_0451+pmk:MDS_1089+pmk:MDS_2657+pmk:MDS_3301",NA,"rn:R01967 rn:R01968",NA,NA,NA,"line",NA,NA,"#FF8080","#FFFFFF",0,"01100"
"entry5861","5476","pmk:MDS_3275 / pmk:MDS_3730","gene","http://www.kegg.jp/dbget-bin/www_bget?pmk:MDS_3275+pmk:MDS_3730",NA,"rn:R04326",NA,NA,NA,"line",NA,NA,"#FFB3CC","#FFFFFF",0,"01100"
"entry5865","5480","pmk:MDS_3274","gene","http://www.kegg.jp/dbget-bin/www_bget?pmk:MDS_3274",NA,"rn:R04208",NA,NA,NA,"line",NA,NA,"#FF8080","#FFFFFF",0,"01100"
"entry5866","5481","pmk:MDS_0793","gene","http://www.kegg.jp/dbget-bin/www_bget?pmk:MDS_0793",NA,"rn:R04560 rn:R06975",NA,NA,NA,"line",NA,NA,"#FF8080","#FFFFFF",0,"01100"
"entry5871","5486","pmk:MDS_0115","gene","http://www.kegg.jp/dbget-bin/www_bget?pmk:MDS_0115",NA,"rn:R07404",NA,NA,NA,"line",NA,NA,"#FF8080","#FFFFFF",0,"01100"
"entry5872","5487","pmk:MDS_0116","gene","http://www.kegg.jp/dbget-bin/www_bget?pmk:MDS_0116",NA,"rn:R07405",NA,NA,NA,"line",NA,NA,"#FF8080","#FFFFFF",0,"01100"
"entry5877","5497","pmk:MDS_1314","gene","http://www.kegg.jp/dbget-bin/www_bget?pmk:MDS_1314",NA,"rn:R10002",NA,NA,NA,"line",NA,NA,"#FFB3CC","#FFFFFF",0,"01100"
"entry5878","5498","pmk:MDS_1315","gene","http://www.kegg.jp/dbget-bin/www_bget?pmk:MDS_1315",NA,"rn:R09978",NA,NA,NA,"line",NA,NA,"#FFB3CC","#FFFFFF",0,"01100"
"entry5879","5499","pmk:MDS_2974","gene","http://www.kegg.jp/dbget-bin/www_bget?pmk:MDS_2974",NA,"rn:R07605",NA,NA,NA,"line",NA,NA,"#FFB3CC","#FFFFFF",0,"01100"
"entry5884","5506","pmk:MDS_1087","gene","http://www.kegg.jp/dbget-bin/www_bget?pmk:MDS_1087",NA,"rn:R09395",NA,NA,NA,"line",NA,NA,"#FFB3CC","#FFFFFF",0,"01100"
"entry5885","5507","pmk:MDS_3117","gene","http://www.kegg.jp/dbget-bin/www_bget?pmk:MDS_3117",NA,"rn:R09726",NA,NA,NA,"line",NA,NA,"#FFB3CC","#FFFFFF",0,"01100"
"entry5886","5508","pmk:MDS_3116","gene","http://www.kegg.jp/dbget-bin/www_bget?pmk:MDS_3116",NA,"rn:R09735",NA,NA,NA,"line",NA,NA,"#FFB3CC","#FFFFFF",0,"01100"
"entry5897","5536","pmk:MDS_1970","gene","http://www.kegg.jp/dbget-bin/www_bget?pmk:MDS_1970",NA,"rn:R01804 rn:R01811",NA,NA,NA,"line",NA,NA,"#B3B3E6","#FFFFFF",0,"01100"
"entry5900","5541","pmk:MDS_3918","gene","http://www.kegg.jp/dbget-bin/www_bget?pmk:MDS_3918",NA,"rn:R02060",NA,NA,NA,"line",NA,NA,"#B3B3E6","#FFFFFF",0,"01100"
"entry5908","5575","pmk:MDS_3422 / pmk:MDS_4830","gene","http://www.kegg.jp/dbget-bin/www_bget?pmk:MDS_3422+pmk:MDS_4830",NA,"rn:R02736 rn:R10907",NA,NA,NA,"line",NA,NA,"#6C63F6","#FFFFFF",0,"01100"
"entry5922","5633","pmk:MDS_2256 / pmk:MDS_2257 / pmk:MDS_2258 / pmk:MDS_2259","gene","http://www.kegg.jp/dbget-bin/www_bget?pmk:MDS_2256+pmk:MDS_2257+pmk:MDS_2258+pmk:MDS_2259",NA,"rn:R02164 rn:R00402 rn:R10660",NA,NA,NA,"line",NA,NA,"#6C63F6","#FFFFFF",0,"01100"
"entry5939","5676","pmk:MDS_3633","gene","http://www.kegg.jp/dbget-bin/www_bget?pmk:MDS_3633",NA,"rn:R01602",NA,NA,NA,"line",NA,NA,"#6C63F6","#FFFFFF",0,"01100"
"entry5946","5689","pmk:MDS_1341 / pmk:MDS_1646","gene","http://www.kegg.jp/dbget-bin/www_bget?pmk:MDS_1341+pmk:MDS_1646",NA,"rn:R01061 rn:R01063",NA,NA,NA,"line",NA,NA,"#6C63F6","#FFFFFF",0,"01100"
"entry5960","5739","pmk:MDS_0593","gene","http://www.kegg.jp/dbget-bin/www_bget?pmk:MDS_0593",NA,"rn:R03546",NA,NA,NA,"line",NA,NA,"#CC99FF","#FFFFFF",0,"01100"
"entry5970","5768","pmk:MDS_4447 / pmk:MDS_4448 / pmk:MDS_4449 / pmk:MDS_4450","gene","http://www.kegg.jp/dbget-bin/www_bget?pmk:MDS_4447+pmk:MDS_4448+pmk:MDS_4449+pmk:MDS_4450",NA,"rn:R00367 rn:R00610 rn:R00611",NA,NA,NA,"line",NA,NA,"#FFCC66","#FFFFFF",0,"01100"
"entry5972","5779","pmk:MDS_3125","gene","http://www.kegg.jp/dbget-bin/www_bget?pmk:MDS_3125",NA,"rn:R00426",NA,NA,NA,"line",NA,NA,"#FF8080","#FFFFFF",0,"01100"
"entry5974","5781","pmk:MDS_0361","gene","http://www.kegg.jp/dbget-bin/www_bget?pmk:MDS_0361",NA,"rn:R03409",NA,NA,NA,"line",NA,NA,"#FF8080","#FFFFFF",0,"01100"
"entry5989","5866","pmk:MDS_0323","gene","http://www.kegg.jp/dbget-bin/www_bget?pmk:MDS_0323",NA,"rn:R02735",NA,NA,NA,"line",NA,NA,"#FFCC66","#FFFFFF",0,"01100"
"entry5995","5877","pmk:MDS_1995 / pmk:MDS_1996 / pmk:MDS_2818 / pmk:MDS_2819","gene","http://www.kegg.jp/dbget-bin/www_bget?pmk:MDS_1995+pmk:MDS_1996+pmk:MDS_2818+pmk:MDS_2819",NA,"rn:R03896",NA,NA,NA,"line",NA,NA,"#FFCC66","#FFFFFF",0,"01100"
"entry5997","5879","pmk:MDS_4635","gene","http://www.kegg.jp/dbget-bin/www_bget?pmk:MDS_4635",NA,"rn:R10203",NA,NA,NA,"line",NA,NA,"#CC99FF","#FFFFFF",0,"01100"
"entry6007","5906","pmk:MDS_0640 / pmk:MDS_4319","gene","http://www.kegg.jp/dbget-bin/www_bget?pmk:MDS_0640+pmk:MDS_4319",NA,"rn:R00025 rn:R10388 rn:R10389",NA,NA,NA,"line",NA,NA,"#CC99FF","#FFFFFF",0,"01100"
"entry6008","5909","pmk:MDS_0146","gene","http://www.kegg.jp/dbget-bin/www_bget?pmk:MDS_0146",NA,"rn:R00783 rn:R00785",NA,NA,NA,"line",NA,NA,"#CC99FF","#FFFFFF",0,"01100"
"entry6009","5910","pmk:MDS_0132 / pmk:MDS_0133","gene","http://www.kegg.jp/dbget-bin/www_bget?pmk:MDS_0132+pmk:MDS_0133",NA,"rn:R00294 rn:R02492 rn:R09446 rn:R09808 rn:R09809",NA,NA,NA,"line",NA,NA,"#CC99FF","#FFFFFF",0,"01100"
"entry6010","5911","pmk:MDS_0139","gene","http://www.kegg.jp/dbget-bin/www_bget?pmk:MDS_0139",NA,"rn:R02804",NA,NA,NA,"line",NA,NA,"#CC99FF","#FFFFFF",0,"01100"
"entry6014","5919","pmk:MDS_2624 / pmk:MDS_2625","gene","http://www.kegg.jp/dbget-bin/www_bget?pmk:MDS_2624+pmk:MDS_2625",NA,"rn:R00787 rn:R00789 rn:R00790 rn:R05712",NA,NA,NA,"line",NA,NA,"#CC99FF","#FFFFFF",0,"01100"
"entry6015","5921","pmk:MDS_1158","gene","http://www.kegg.jp/dbget-bin/www_bget?pmk:MDS_1158",NA,"rn:R01395",NA,NA,NA,"line",NA,NA,"#CC99FF","#FFFFFF",0,"01100"
"entry6019","5927","pmk:MDS_2626 / pmk:MDS_3258 / pmk:MDS_3259","gene","http://www.kegg.jp/dbget-bin/www_bget?pmk:MDS_2626+pmk:MDS_3258+pmk:MDS_3259",NA,"rn:R00791 rn:R00792 rn:R00796 rn:R00798 rn:R03071 rn:R09497",NA,NA,NA,"line",NA,NA,"#CC99FF","#FFFFFF",0,"01100"
"entry6036","5984","pmk:MDS_0397","gene","http://www.kegg.jp/dbget-bin/www_bget?pmk:MDS_0397",NA,"rn:R01152",NA,NA,NA,"line",NA,NA,"#FFCC66","#FFFFFF",0,"01100"
"entry6040","6000","pmk:MDS_4477","gene","http://www.kegg.jp/dbget-bin/www_bget?pmk:MDS_4477",NA,"rn:R03291 rn:R03293 rn:R03295",NA,NA,NA,"line",NA,NA,"#FFCC66","#FFFFFF",0,"01100"
"entry6041","6001","pmk:MDS_1162 / pmk:MDS_4477","gene","http://www.kegg.jp/dbget-bin/www_bget?pmk:MDS_1162+pmk:MDS_4477",NA,"rn:R01248 rn:R01251 rn:R01253 rn:R10507",NA,NA,NA,"line",NA,NA,"#FFCC66","#FFFFFF",0,"01100"
"entry6061","6073","pmk:MDS_3147 / pmk:MDS_4145","gene","http://www.kegg.jp/dbget-bin/www_bget?pmk:MDS_3147+pmk:MDS_4145",NA,"rn:R01372",NA,NA,NA,"line",NA,NA,"#FFCC66","#FFFFFF",0,"01100"
"entry6075","6111","pmk:MDS_1729 / pmk:MDS_4200","gene","http://www.kegg.jp/dbget-bin/www_bget?pmk:MDS_1729+pmk:MDS_4200",NA,"rn:R03096",NA,NA,NA,"line",NA,NA,"#FFCC66","#FFFFFF",0,"01100"
"entry6081","6148","pmk:MDS_1998","gene","http://www.kegg.jp/dbget-bin/www_bget?pmk:MDS_1998",NA,"rn:R02291",NA,NA,NA,"line",NA,NA,"#FFCC66","#FFFFFF",0,"01100"
"entry6100","6219","pmk:MDS_0396","gene","http://www.kegg.jp/dbget-bin/www_bget?pmk:MDS_0396",NA,"rn:R01416",NA,NA,NA,"line",NA,NA,"#FFCC66","#FFFFFF",0,"01100"
"entry6109","6235","pmk:MDS_2255 / pmk:MDS_2827","gene","http://www.kegg.jp/dbget-bin/www_bget?pmk:MDS_2255+pmk:MDS_2827",NA,"rn:R00351 rn:R00352",NA,NA,NA,"line",NA,NA,"#6C63F6","#FFFFFF",0,"01100"
"entry6128","6726","pmk:MDS_0302 / pmk:MDS_0726","gene","http://www.kegg.jp/dbget-bin/www_bget?pmk:MDS_0302+pmk:MDS_0726",NA,"rn:R00401",NA,NA,NA,"line",NA,NA,"#FF9900","#FFFFFF",0,"01100"
"entry6131","6741","pmk:MDS_0045 / pmk:MDS_1270","gene","http://www.kegg.jp/dbget-bin/www_bget?pmk:MDS_0045+pmk:MDS_1270",NA,"rn:R12193",NA,NA,NA,"line",NA,NA,"#99CCFF","#FFFFFF",0,"01100"
"entry6135","6786","pmk:MDS_2345 / pmk:MDS_2346 / pmk:MDS_2347 / pmk:MDS_2348 / pmk:MDS_2349 / pmk:MDS_2350 / pmk:MDS_2351 / pmk:MDS_2352 / pmk:MDS_2353 / pmk:MDS_2354 / pmk:MDS_2355 / pmk:MDS_2356 / pmk:MDS_2357","gene","http://www.kegg.jp/dbget-bin/www_bget?pmk:MDS_2345+pmk:MDS_2346+pmk:MDS_2347+pmk:MDS_2348+pmk:MDS_2349+pmk:MDS_2350+pmk:MDS_2351+pmk:MDS_2352+pmk:MDS_2353+pmk:MDS_2354+pmk:MDS_2355+pmk:MDS_2356+pmk:MDS_2357",NA,NA,NA,NA,NA,"line",NA,NA,"#CC99FF","#FFFFFF",0,"01100"
"entry6136","6790","pmk:MDS_0160 / pmk:MDS_0165 / pmk:MDS_0166 / pmk:MDS_1579","gene","http://www.kegg.jp/dbget-bin/www_bget?pmk:MDS_0160+pmk:MDS_0165+pmk:MDS_0166+pmk:MDS_1579",NA,NA,NA,NA,NA,"line",NA,NA,"#CC99FF","#FFFFFF",0,"01100"
"entry6137","6793","pmk:MDS_0158 / pmk:MDS_0159 / pmk:MDS_0161 / pmk:MDS_0166 / pmk:MDS_1127 / pmk:MDS_1575 / pmk:MDS_1576 / pmk:MDS_1577 / pmk:MDS_1578 / pmk:MDS_1579 / pmk:MDS_2099 / pmk:MDS_2100 / pmk:MDS_2101 / pmk:MDS_2102 / pmk:MDS_2103 / pmk:MDS_2104 / pmk:MDS_2105 / pmk:MDS_2106 / pmk:MDS_2465 / pmk:MDS_2466 / pmk:MDS_3379","gene","http://www.kegg.jp/dbget-bin/www_bget?pmk:MDS_0158+pmk:MDS_0159+pmk:MDS_0161+pmk:MDS_0166+pmk:MDS_1127+pmk:MDS_1575+pmk:MDS_1576+pmk:MDS_1577+pmk:MDS_1578+pmk:MDS_1579+pmk:MDS_2099+pmk:MDS_2100+pmk:MDS_2101+pmk:MDS_2102+pmk:MDS_2103+pmk:MDS_2104+pmk:MDS_2105+pmk:MDS_2106+pmk:MDS_2465+pmk:MDS_2466+pmk:MDS_3379",NA,NA,NA,NA,NA,"line",NA,NA,"#CC99FF","#FFFFFF",0,"01100"
"entry6138","6813","pmk:MDS_4941 / pmk:MDS_4942 / pmk:MDS_4943 / pmk:MDS_4944 / pmk:MDS_4945 / pmk:MDS_4946 / pmk:MDS_4947 / pmk:MDS_4948","gene","http://www.kegg.jp/dbget-bin/www_bget?pmk:MDS_4941+pmk:MDS_4942+pmk:MDS_4943+pmk:MDS_4944+pmk:MDS_4945+pmk:MDS_4946+pmk:MDS_4947+pmk:MDS_4948",NA,NA,NA,NA,NA,"line",NA,NA,"#CC99FF","#FFFFFF",0,"01100"
"entry6139","6820","pmk:MDS_4941 / pmk:MDS_4942 / pmk:MDS_4943 / pmk:MDS_4944 / pmk:MDS_4945 / pmk:MDS_4946 / pmk:MDS_4947 / pmk:MDS_4948","gene","http://www.kegg.jp/dbget-bin/www_bget?pmk:MDS_4941+pmk:MDS_4942+pmk:MDS_4943+pmk:MDS_4944+pmk:MDS_4945+pmk:MDS_4946+pmk:MDS_4947+pmk:MDS_4948",NA,NA,NA,NA,NA,"line",NA,NA,"#CC99FF","#FFFFFF",0,"01100"
"entry6140","6822","pmk:MDS_0991 / pmk:MDS_0992 / pmk:MDS_0993","gene","http://www.kegg.jp/dbget-bin/www_bget?pmk:MDS_0991+pmk:MDS_0992+pmk:MDS_0993",NA,NA,NA,NA,NA,"line",NA,NA,"#CC99FF","#FFFFFF",0,"01100"
"entry6167","2134","pmk:MDS_0557","gene","http://www.kegg.jp/dbget-bin/www_bget?pmk:MDS_0557",NA,"rn:R04035",NA,NA,NA,"line",NA,NA,"#FFCC66","#FFFFFF",0,"01100"
"entry6168","2135","pmk:MDS_0558","gene","http://www.kegg.jp/dbget-bin/www_bget?pmk:MDS_0558",NA,"rn:R04037",NA,NA,NA,"line",NA,NA,"#FFCC66","#FFFFFF",0,"01100"
"entry6169","2136","pmk:MDS_4585","gene","http://www.kegg.jp/dbget-bin/www_bget?pmk:MDS_4585",NA,"rn:R04640",NA,NA,NA,"line",NA,NA,"#FFCC66","#FFFFFF",0,"01100"
