"","entryID","name","type","link","component","reaction","map","x","y","graphicalType","width","height","fgcolor","bgcolor","freq","pathway"
"entry4579","6921","mya:MORIYA_2398","gene","http://www.kegg.jp/dbget-bin/www_bget?mya:MORIYA_2398",NA,"rn:R12423",NA,NA,NA,"line",NA,NA,"#FFB3CC","#FFFFFF",0,"01100"
"entry4580","6922","mya:MORIYA_2398","gene","http://www.kegg.jp/dbget-bin/www_bget?mya:MORIYA_2398",NA,"rn:R12424",NA,NA,NA,"line",NA,NA,"#FFB3CC","#FFFFFF",0,"01100"
"entry4581","6925","mya:MORIYA_2397","gene","http://www.kegg.jp/dbget-bin/www_bget?mya:MORIYA_2397",NA,"rn:R12427",NA,NA,NA,"line",NA,NA,"#FFB3CC","#FFFFFF",0,"01100"
"entry4582","6926","mya:MORIYA_2397","gene","http://www.kegg.jp/dbget-bin/www_bget?mya:MORIYA_2397",NA,"rn:R12428",NA,NA,NA,"line",NA,NA,"#FFB3CC","#FFFFFF",0,"01100"
"entry4583","21","mya:MORIYA_0177 / mya:MORIYA_0962","gene","http://www.kegg.jp/dbget-bin/www_bget?mya:MORIYA_0177+mya:MORIYA_0962",NA,"rn:R02768 rn:R04355",NA,NA,NA,"line",NA,NA,"#80CCCC","#FFFFFF",0,"01100"
"entry4584","22","mya:MORIYA_0965","gene","http://www.kegg.jp/dbget-bin/www_bget?mya:MORIYA_0965",NA,"rn:R01626",NA,NA,NA,"line",NA,NA,"#80CCCC","#FFFFFF",0,"01100"
"entry4585","23","mya:MORIYA_0176 / mya:MORIYA_0964 / mya:MORIYA_0987","gene","http://www.kegg.jp/dbget-bin/www_bget?mya:MORIYA_0176+mya:MORIYA_0964+mya:MORIYA_0987",NA,"rn:R02767",NA,NA,NA,"line",NA,NA,"#80CCCC","#FFFFFF",0,"01100"
"entry4586","40","mya:MORIYA_1033 / mya:MORIYA_1034 / mya:MORIYA_1035 / mya:MORIYA_1036","gene","http://www.kegg.jp/dbget-bin/www_bget?mya:MORIYA_1033+mya:MORIYA_1034+mya:MORIYA_1035+mya:MORIYA_1036",NA,NA,NA,NA,NA,"line",NA,NA,"#CC99FF","#FFFFFF",0,"01100"
"entry4587","46","mya:MORIYA_0935","gene","http://www.kegg.jp/dbget-bin/www_bget?mya:MORIYA_0935",NA,"rn:R01511 rn:R01514",NA,NA,NA,"line",NA,NA,"#B3B3E6","#FFFFFF",0,"01100"
"entry4588","50","mya:MORIYA_0910 / mya:MORIYA_1649 / mya:MORIYA_2961","gene","http://www.kegg.jp/dbget-bin/www_bget?mya:MORIYA_0910+mya:MORIYA_1649+mya:MORIYA_2961",NA,"rn:R05305",NA,NA,NA,"line",NA,NA,"#DA8E82","#FFFFFF",0,"01100"
"entry4589","54","mya:MORIYA_0910 / mya:MORIYA_1649 / mya:MORIYA_1954 / mya:MORIYA_2961","gene","http://www.kegg.jp/dbget-bin/www_bget?mya:MORIYA_0910+mya:MORIYA_1649+mya:MORIYA_1954+mya:MORIYA_2961",NA,"rn:R06942",NA,NA,NA,"line",NA,NA,"#DA8E82","#FFFFFF",0,"01100"
"entry4590","55","mya:MORIYA_0910 / mya:MORIYA_1649 / mya:MORIYA_2961","gene","http://www.kegg.jp/dbget-bin/www_bget?mya:MORIYA_0910+mya:MORIYA_1649+mya:MORIYA_2961",NA,"rn:R06941",NA,NA,NA,"line",NA,NA,"#DA8E82","#FFFFFF",0,"01100"
"entry4591","163","mya:MORIYA_1650 / mya:MORIYA_2962","gene","http://www.kegg.jp/dbget-bin/www_bget?mya:MORIYA_1650+mya:MORIYA_2962",NA,"rn:R05586",NA,NA,NA,"line",NA,NA,"#DA8E82","#FFFFFF",0,"01100"
"entry4593","195","mya:MORIYA_0162 / mya:MORIYA_0163 / mya:MORIYA_0963","gene","http://www.kegg.jp/dbget-bin/www_bget?mya:MORIYA_0162+mya:MORIYA_0163+mya:MORIYA_0963",NA,"rn:R12049",NA,NA,NA,"line",NA,NA,"#F06292","#FFFFFF",0,"01100"
"entry4595","218","mya:MORIYA_1930","gene","http://www.kegg.jp/dbget-bin/www_bget?mya:MORIYA_1930",NA,"rn:R10934",NA,NA,NA,"line",NA,NA,"#F06292","#FFFFFF",0,"01100"
"entry4597","325","mya:MORIYA_0140","gene","http://www.kegg.jp/dbget-bin/www_bget?mya:MORIYA_0140",NA,"rn:R10880",NA,NA,NA,"line",NA,NA,"#F06292","#FFFFFF",0,"01100"
"entry4598","380","mya:MORIYA_1212 / mya:MORIYA_3683","gene","http://www.kegg.jp/dbget-bin/www_bget?mya:MORIYA_1212+mya:MORIYA_3683",NA,"rn:R02328",NA,NA,NA,"line",NA,NA,"#9EE284","#FFFFFF",0,"01100"
"entry4599","381","mya:MORIYA_1213 / mya:MORIYA_3682","gene","http://www.kegg.jp/dbget-bin/www_bget?mya:MORIYA_1213+mya:MORIYA_3682",NA,"rn:R06513",NA,NA,NA,"line",NA,NA,"#9EE284","#FFFFFF",0,"01100"
"entry4600","382","mya:MORIYA_1211 / mya:MORIYA_3685","gene","http://www.kegg.jp/dbget-bin/www_bget?mya:MORIYA_1211+mya:MORIYA_3685",NA,"rn:R06514",NA,NA,NA,"line",NA,NA,"#9EE284","#FFFFFF",0,"01100"
"entry4601","383","mya:MORIYA_1210 / mya:MORIYA_3684","gene","http://www.kegg.jp/dbget-bin/www_bget?mya:MORIYA_1210+mya:MORIYA_3684",NA,"rn:R02777",NA,NA,NA,"line",NA,NA,"#9EE284","#FFFFFF",0,"01100"
"entry4603","560","mya:MORIYA_1703 / mya:MORIYA_2432","gene","http://www.kegg.jp/dbget-bin/www_bget?mya:MORIYA_1703+mya:MORIYA_2432",NA,"rn:R10757",NA,NA,NA,"line",NA,NA,"#FFB3CC","#FFFFFF",0,"01100"
"entry4604","568","mya:MORIYA_0122","gene","http://www.kegg.jp/dbget-bin/www_bget?mya:MORIYA_0122",NA,"rn:R01072",NA,NA,NA,"line",NA,NA,"#FF8080","#FFFFFF",0,"01100"
"entry4605","570","mya:MORIYA_1890 / mya:MORIYA_3716","gene","http://www.kegg.jp/dbget-bin/www_bget?mya:MORIYA_1890+mya:MORIYA_3716",NA,"rn:R07281",NA,NA,NA,"line",NA,NA,"#FFB3CC","#FFFFFF",0,"01100"
"entry4606","601","mya:MORIYA_0578 / mya:MORIYA_3305 / mya:MORIYA_4305","gene","http://www.kegg.jp/dbget-bin/www_bget?mya:MORIYA_0578+mya:MORIYA_3305+mya:MORIYA_4305",NA,"rn:R07618",NA,NA,NA,"line",NA,NA,"#FFCC66","#FFFFFF",0,"01100"
"entry4608","609","mya:MORIYA_2469","gene","http://www.kegg.jp/dbget-bin/www_bget?mya:MORIYA_2469",NA,"rn:R12241",NA,NA,NA,"line",NA,NA,"#80CCB3","#FFFFFF",0,"01100"
"entry4609","611","mya:MORIYA_0966","gene","http://www.kegg.jp/dbget-bin/www_bget?mya:MORIYA_0966",NA,"rn:R12240",NA,NA,NA,"line",NA,NA,"#80CCB3","#FFFFFF",0,"01100"
"entry4610","620","mya:MORIYA_0322","gene","http://www.kegg.jp/dbget-bin/www_bget?mya:MORIYA_0322",NA,NA,NA,NA,NA,"line",NA,NA,"#80CCCC","#FFFFFF",0,"01100"
"entry4612","624","mya:MORIYA_2088","gene","http://www.kegg.jp/dbget-bin/www_bget?mya:MORIYA_2088",NA,"rn:R01068",NA,NA,NA,"line",NA,NA,"#CC99FF","#FFFFFF",0,"01100"
"entry4613","635","mya:MORIYA_3711","gene","http://www.kegg.jp/dbget-bin/www_bget?mya:MORIYA_3711",NA,"rn:R00945",NA,NA,NA,"line",NA,NA,"#FFCC66","#FFFFFF",0,"01100"
"entry4614","637","mya:MORIYA_2073","gene","http://www.kegg.jp/dbget-bin/www_bget?mya:MORIYA_2073",NA,"rn:R04125",NA,NA,NA,"line",NA,NA,"#FFCC66","#FFFFFF",0,"01100"
"entry4615","643","mya:MORIYA_1686","gene","http://www.kegg.jp/dbget-bin/www_bget?mya:MORIYA_1686",NA,"rn:R00943",NA,NA,NA,"line",NA,NA,"#CC99FF","#FFFFFF",0,"01100"
"entry4616","645","mya:MORIYA_2317 / mya:MORIYA_2840","gene","http://www.kegg.jp/dbget-bin/www_bget?mya:MORIYA_2317+mya:MORIYA_2840",NA,"rn:R07168",NA,NA,NA,"line",NA,NA,"#CC99FF","#FFFFFF",0,"01100"
"entry4618","652","mya:MORIYA_3210","gene","http://www.kegg.jp/dbget-bin/www_bget?mya:MORIYA_3210",NA,"rn:R00364 rn:R00366 rn:R00372",NA,NA,NA,"line",NA,NA,"#B3B3E6","#FFFFFF",0,"01100"
"entry4619","654","mya:MORIYA_3210","gene","http://www.kegg.jp/dbget-bin/www_bget?mya:MORIYA_3210",NA,"rn:R00585 rn:R00588",NA,NA,NA,"line",NA,NA,"#FFCC66","#FFFFFF",0,"01100"
"entry4620","672","mya:MORIYA_0026","gene","http://www.kegg.jp/dbget-bin/www_bget?mya:MORIYA_0026",NA,"rn:R03916",NA,NA,NA,"line",NA,NA,"#FF9900","#FFFFFF",0,"01100"
"entry4621","673","mya:MORIYA_0732 / mya:MORIYA_2235 / mya:MORIYA_2406 / mya:MORIYA_3458","gene","http://www.kegg.jp/dbget-bin/www_bget?mya:MORIYA_0732+mya:MORIYA_2235+mya:MORIYA_2406+mya:MORIYA_3458",NA,"rn:R04951",NA,NA,NA,"line",NA,NA,"#FF9900","#FFFFFF",0,"01100"
"entry4622","675","mya:MORIYA_0290 / mya:MORIYA_2727","gene","http://www.kegg.jp/dbget-bin/www_bget?mya:MORIYA_0290+mya:MORIYA_2727",NA,"rn:R00115 rn:R00120 rn:R00274 rn:R01108 rn:R01109 rn:R01110 rn:R01111 rn:R01875 rn:R02824 rn:R03167 rn:R03915 rn:R03984 rn:R04039",NA,NA,NA,"line",NA,NA,"#FF9900","#FFFFFF",0,"01100"
"entry4623","682","mya:MORIYA_1673","gene","http://www.kegg.jp/dbget-bin/www_bget?mya:MORIYA_1673",NA,"rn:R00251",NA,NA,NA,"line",NA,NA,"#FF9900","#FFFFFF",0,"01100"
"entry4624","683","mya:MORIYA_0464 / mya:MORIYA_3084 / mya:MORIYA_3386","gene","http://www.kegg.jp/dbget-bin/www_bget?mya:MORIYA_0464+mya:MORIYA_3084+mya:MORIYA_3386",NA,"rn:R00253 rn:R00256",NA,NA,NA,"line",NA,NA,"#FFCC66","#FFFFFF",0,"01100"
"entry4625","716","mya:MORIYA_0613","gene","http://www.kegg.jp/dbget-bin/www_bget?mya:MORIYA_0613",NA,"rn:R04773",NA,NA,NA,"line",NA,NA,"#FF9900","#FFFFFF",0,"01100"
"entry4626","720","mya:MORIYA_3807","gene","http://www.kegg.jp/dbget-bin/www_bget?mya:MORIYA_3807",NA,"rn:R04941",NA,NA,NA,"line",NA,NA,"#FF9900","#FFFFFF",0,"01100"
"entry4627","721","mya:MORIYA_0335 / mya:MORIYA_3339","gene","http://www.kegg.jp/dbget-bin/www_bget?mya:MORIYA_0335+mya:MORIYA_3339",NA,"rn:R09365",NA,NA,NA,"line",NA,NA,"#FF9900","#FFFFFF",0,"01100"
"entry4628","725","mya:MORIYA_2901","gene","http://www.kegg.jp/dbget-bin/www_bget?mya:MORIYA_2901",NA,"rn:R03599",NA,NA,NA,"line",NA,NA,"#FF9900","#FFFFFF",0,"01100"
"entry4629","742","mya:MORIYA_0546","gene","http://www.kegg.jp/dbget-bin/www_bget?mya:MORIYA_0546",NA,"rn:R00904",NA,NA,NA,"line",NA,NA,"#FF9900","#FFFFFF",0,"01100"
"entry4630","752","mya:MORIYA_3905","gene","http://www.kegg.jp/dbget-bin/www_bget?mya:MORIYA_3905",NA,"rn:R00691",NA,NA,NA,"line",NA,NA,"#FFCC66","#FFFFFF",0,"01100"
"entry4631","753","mya:MORIYA_3887","gene","http://www.kegg.jp/dbget-bin/www_bget?mya:MORIYA_3887",NA,"rn:R01795",NA,NA,NA,"line",NA,NA,"#FFCC66","#FFFFFF",0,"01100"
"entry4632","762","mya:MORIYA_0788","gene","http://www.kegg.jp/dbget-bin/www_bget?mya:MORIYA_0788",NA,"rn:R08639",NA,NA,NA,"line",NA,NA,"#B3B3E6","#FFFFFF",0,"01100"
"entry4633","782","mya:MORIYA_2279","gene","http://www.kegg.jp/dbget-bin/www_bget?mya:MORIYA_2279",NA,"rn:R01187 rn:R07279",NA,NA,NA,"line",NA,NA,"#B3B3E6","#FFFFFF",0,"01100"
"entry4634","792","mya:MORIYA_2279","gene","http://www.kegg.jp/dbget-bin/www_bget?mya:MORIYA_2279",NA,"rn:R01185",NA,NA,NA,"line",NA,NA,"#B3B3E6","#FFFFFF",0,"01100"
"entry4635","793","mya:MORIYA_2279","gene","http://www.kegg.jp/dbget-bin/www_bget?mya:MORIYA_2279",NA,"rn:R01186",NA,NA,NA,"line",NA,NA,"#B3B3E6","#FFFFFF",0,"01100"
"entry4636","808","mya:MORIYA_3876","gene","http://www.kegg.jp/dbget-bin/www_bget?mya:MORIYA_3876",NA,"rn:R02272",NA,NA,NA,"line",NA,NA,"#FFB3CC","#FFFFFF",0,"01100"
"entry4637","832","mya:MORIYA_1995","gene","http://www.kegg.jp/dbget-bin/www_bget?mya:MORIYA_1995",NA,"rn:R06782",NA,NA,NA,"line",NA,NA,"#FFCC66","#FFFFFF",0,"01100"
"entry4638","845","mya:MORIYA_1993","gene","http://www.kegg.jp/dbget-bin/www_bget?mya:MORIYA_1993",NA,"rn:R01374 rn:R01582",NA,NA,NA,"line",NA,NA,"#FFCC66","#FFFFFF",0,"01100"
"entry4639","900","mya:MORIYA_0546","gene","http://www.kegg.jp/dbget-bin/www_bget?mya:MORIYA_0546",NA,"rn:R04065",NA,NA,NA,"line",NA,NA,"#FFCC66","#FFFFFF",0,"01100"
"entry4640","903","mya:MORIYA_0603","gene","http://www.kegg.jp/dbget-bin/www_bget?mya:MORIYA_0603",NA,"rn:R09082",NA,NA,NA,"line",NA,NA,"#FFCC66","#FFFFFF",0,"01100"
"entry4641","904","mya:MORIYA_0602","gene","http://www.kegg.jp/dbget-bin/www_bget?mya:MORIYA_0602",NA,"rn:R09080",NA,NA,NA,"line",NA,NA,"#FFCC66","#FFFFFF",0,"01100"
"entry4642","906","mya:MORIYA_3089","gene","http://www.kegg.jp/dbget-bin/www_bget?mya:MORIYA_3089",NA,"rn:R00135",NA,NA,NA,"line",NA,NA,"#FFCC66","#FFFFFF",0,"01100"
"entry4643","908","mya:MORIYA_0532 / mya:MORIYA_2639 / mya:MORIYA_3488","gene","http://www.kegg.jp/dbget-bin/www_bget?mya:MORIYA_0532+mya:MORIYA_2639+mya:MORIYA_3488",NA,"rn:R05051",NA,NA,NA,"line",NA,NA,"#FFCC66","#FFFFFF",0,"01100"
"entry4644","916","mya:MORIYA_2547","gene","http://www.kegg.jp/dbget-bin/www_bget?mya:MORIYA_2547",NA,"rn:R00481 rn:R07407 rn:R07410",NA,NA,NA,"line",NA,NA,"#FFB3CC","#FFFFFF",0,"01100"
"entry4645","917","mya:MORIYA_0089","gene","http://www.kegg.jp/dbget-bin/www_bget?mya:MORIYA_0089",NA,"rn:R04292",NA,NA,NA,"line",NA,NA,"#FFB3CC","#FFFFFF",0,"01100"
"entry4646","926","mya:MORIYA_3488","gene","http://www.kegg.jp/dbget-bin/www_bget?mya:MORIYA_3488",NA,"rn:R00245",NA,NA,NA,"line",NA,NA,"#FFCC66","#FFFFFF",0,"01100"
"entry4647","944","mya:MORIYA_0010","gene","http://www.kegg.jp/dbget-bin/www_bget?mya:MORIYA_0010",NA,"rn:R02401",NA,NA,NA,"line",NA,NA,"#FFCC66","#FFFFFF",0,"01100"
"entry4648","964","mya:MORIYA_3276","gene","http://www.kegg.jp/dbget-bin/www_bget?mya:MORIYA_3276",NA,"rn:R02788",NA,NA,NA,"line",NA,NA,"#FFCC66","#FFFFFF",0,"01100"
"entry4649","965","mya:MORIYA_3277","gene","http://www.kegg.jp/dbget-bin/www_bget?mya:MORIYA_3277",NA,"rn:R04617",NA,NA,NA,"line",NA,NA,"#FFCC66","#FFFFFF",0,"01100"
"entry4650","972","mya:MORIYA_0910 / mya:MORIYA_1649 / mya:MORIYA_1954 / mya:MORIYA_2961","gene","http://www.kegg.jp/dbget-bin/www_bget?mya:MORIYA_0910+mya:MORIYA_1649+mya:MORIYA_1954+mya:MORIYA_2961",NA,"rn:R04137",NA,NA,NA,"line",NA,NA,"#FFCC66","#FFFFFF",0,"01100"
"entry4651","977","mya:MORIYA_2702 / mya:MORIYA_2703","gene","http://www.kegg.jp/dbget-bin/www_bget?mya:MORIYA_2702+mya:MORIYA_2703",NA,"rn:R00484 rn:R01397",NA,NA,NA,"line",NA,NA,"#FF8080","#FFFFFF",0,"01100"
"entry4652","978","mya:MORIYA_3860","gene","http://www.kegg.jp/dbget-bin/www_bget?mya:MORIYA_3860",NA,"rn:R02473 rn:R02474",NA,NA,NA,"line",NA,NA,"#FFB3CC","#FFFFFF",0,"01100"
"entry4653","985","mya:MORIYA_3859","gene","http://www.kegg.jp/dbget-bin/www_bget?mya:MORIYA_3859",NA,"rn:R00489",NA,NA,NA,"line",NA,NA,"#FF8080","#FFFFFF",0,"01100"
"entry4654","990","mya:MORIYA_4014 / mya:MORIYA_4046","gene","http://www.kegg.jp/dbget-bin/www_bget?mya:MORIYA_4014+mya:MORIYA_4046",NA,"rn:R00590",NA,NA,NA,"line",NA,NA,"#FFCC66","#FFFFFF",0,"01100"
"entry4655","999","mya:MORIYA_4314","gene","http://www.kegg.jp/dbget-bin/www_bget?mya:MORIYA_4314",NA,"rn:R07274",NA,NA,NA,"line",NA,NA,"#FFCC66","#FFFFFF",0,"01100"
"entry4656","1000","mya:MORIYA_3807","gene","http://www.kegg.jp/dbget-bin/www_bget?mya:MORIYA_3807",NA,"rn:R02408",NA,NA,NA,"line",NA,NA,"#FFCC66","#FFFFFF",0,"01100"
"entry4657","1002","mya:MORIYA_0321 / mya:MORIYA_2110","gene","http://www.kegg.jp/dbget-bin/www_bget?mya:MORIYA_0321+mya:MORIYA_2110",NA,"rn:R01465",NA,NA,NA,"line",NA,NA,"#FFCC66","#FFFFFF",0,"01100"
"entry4658","1003","mya:MORIYA_0320 / mya:MORIYA_2111","gene","http://www.kegg.jp/dbget-bin/www_bget?mya:MORIYA_0320+mya:MORIYA_2111",NA,"rn:R00371",NA,NA,NA,"line",NA,NA,"#FFCC66","#FFFFFF",0,"01100"
"entry4659","1007","mya:MORIYA_0601","gene","http://www.kegg.jp/dbget-bin/www_bget?mya:MORIYA_0601",NA,"rn:R07650",NA,NA,NA,"line",NA,NA,"#FFCC66","#FFFFFF",0,"01100"
"entry4660","1009","mya:MORIYA_2009 / mya:MORIYA_3841","gene","http://www.kegg.jp/dbget-bin/www_bget?mya:MORIYA_2009+mya:MORIYA_3841",NA,"rn:R00497",NA,NA,NA,"line",NA,NA,"#FF9900","#FFFFFF",0,"01100"
"entry4661","1011","mya:MORIYA_0732 / mya:MORIYA_2235 / mya:MORIYA_2406 / mya:MORIYA_3458","gene","http://www.kegg.jp/dbget-bin/www_bget?mya:MORIYA_0732+mya:MORIYA_2235+mya:MORIYA_2406+mya:MORIYA_3458",NA,"rn:R00899",NA,NA,NA,"line",NA,NA,"#FF9900","#FFFFFF",0,"01100"
"entry4662","1017","mya:MORIYA_3844","gene","http://www.kegg.jp/dbget-bin/www_bget?mya:MORIYA_3844",NA,"rn:R00221",NA,NA,NA,"line",NA,NA,"#FFCC66","#FFFFFF",0,"01100"
"entry4663","1025","mya:MORIYA_4322","gene","http://www.kegg.jp/dbget-bin/www_bget?mya:MORIYA_4322",NA,"rn:R05578",NA,NA,NA,"line",NA,NA,"#FFB3CC","#FFFFFF",0,"01100"
"entry4664","1026","mya:MORIYA_1911 / mya:MORIYA_1912","gene","http://www.kegg.jp/dbget-bin/www_bget?mya:MORIYA_1911+mya:MORIYA_1912",NA,"rn:R02722",NA,NA,NA,"line",NA,NA,"#FFCC66","#FFFFFF",0,"01100"
"entry4665","1028","mya:MORIYA_2920","gene","http://www.kegg.jp/dbget-bin/www_bget?mya:MORIYA_2920",NA,"rn:R10991 rn:R10992",NA,NA,NA,"line",NA,NA,"#FFCC66","#FFFFFF",0,"01100"
"entry4666","1029","mya:MORIYA_3043","gene","http://www.kegg.jp/dbget-bin/www_bget?mya:MORIYA_3043",NA,"rn:R03165",NA,NA,NA,"line",NA,NA,"#FFB3CC","#FFFFFF",0,"01100"
"entry4667","1049","mya:MORIYA_1177 / mya:MORIYA_1178","gene","http://www.kegg.jp/dbget-bin/www_bget?mya:MORIYA_1177+mya:MORIYA_1178",NA,"rn:R02018",NA,NA,NA,"line",NA,NA,"#FF8080","#FFFFFF",0,"01100"
"entry4668","1050","mya:MORIYA_0248","gene","http://www.kegg.jp/dbget-bin/www_bget?mya:MORIYA_0248",NA,"rn:R02370",NA,NA,NA,"line",NA,NA,"#FF8080","#FFFFFF",0,"01100"
"entry4669","1051","mya:MORIYA_0248","gene","http://www.kegg.jp/dbget-bin/www_bget?mya:MORIYA_0248",NA,"rn:R03929",NA,NA,NA,"line",NA,NA,"#FF8080","#FFFFFF",0,"01100"
"entry4670","1052","mya:MORIYA_0248","gene","http://www.kegg.jp/dbget-bin/www_bget?mya:MORIYA_0248",NA,"rn:R01877",NA,NA,NA,"line",NA,NA,"#FF8080","#FFFFFF",0,"01100"
"entry4671","1053","mya:MORIYA_0248","gene","http://www.kegg.jp/dbget-bin/www_bget?mya:MORIYA_0248",NA,"rn:R03538",NA,NA,NA,"line",NA,NA,"#FF8080","#FFFFFF",0,"01100"
"entry4672","1060","mya:MORIYA_2532","gene","http://www.kegg.jp/dbget-bin/www_bget?mya:MORIYA_2532",NA,"rn:R00515",NA,NA,NA,"line",NA,NA,"#FF8080","#FFFFFF",0,"01100"
"entry4673","1061","mya:MORIYA_3574","gene","http://www.kegg.jp/dbget-bin/www_bget?mya:MORIYA_3574",NA,"rn:R00510",NA,NA,NA,"line",NA,NA,"#FF8080","#FFFFFF",0,"01100"
"entry4674","1062","mya:MORIYA_2532","gene","http://www.kegg.jp/dbget-bin/www_bget?mya:MORIYA_2532",NA,"rn:R11323",NA,NA,NA,"line",NA,NA,"#FF8080","#FFFFFF",0,"01100"
"entry4675","1063","mya:MORIYA_0273 / mya:MORIYA_3640 / mya:MORIYA_3642","gene","http://www.kegg.jp/dbget-bin/www_bget?mya:MORIYA_0273+mya:MORIYA_3640+mya:MORIYA_3642",NA,"rn:R02484",NA,NA,NA,"line",NA,NA,"#FF8080","#FFFFFF",0,"01100"
"entry4676","1064","mya:MORIYA_0673 / mya:MORIYA_0949 / mya:MORIYA_3735 / mya:MORIYA_4087","gene","http://www.kegg.jp/dbget-bin/www_bget?mya:MORIYA_0673+mya:MORIYA_0949+mya:MORIYA_3735+mya:MORIYA_4087",NA,"rn:R01664 rn:R01666",NA,NA,NA,"line",NA,NA,"#FF8080","#FFFFFF",0,"01100"
"entry4677","1065","mya:MORIYA_0397 / mya:MORIYA_0673 / mya:MORIYA_0949 / mya:MORIYA_3735 / mya:MORIYA_4087","gene","http://www.kegg.jp/dbget-bin/www_bget?mya:MORIYA_0397+mya:MORIYA_0673+mya:MORIYA_0949+mya:MORIYA_3735+mya:MORIYA_4087",NA,"rn:R02102 rn:R02099",NA,NA,NA,"line",NA,NA,"#FF8080","#FFFFFF",0,"01100"
"entry4678","1066","mya:MORIYA_0367 / mya:MORIYA_0611","gene","http://www.kegg.jp/dbget-bin/www_bget?mya:MORIYA_0367+mya:MORIYA_0611",NA,"rn:R02485",NA,NA,NA,"line",NA,NA,"#FF8080","#FFFFFF",0,"01100"
"entry4679","1069","mya:MORIYA_3150","gene","http://www.kegg.jp/dbget-bin/www_bget?mya:MORIYA_3150",NA,"rn:R01870",NA,NA,NA,"line",NA,NA,"#FF8080","#FFFFFF",0,"01100"
"entry4680","1071","mya:MORIYA_0222 / mya:MORIYA_0960","gene","http://www.kegg.jp/dbget-bin/www_bget?mya:MORIYA_0222+mya:MORIYA_0960",NA,"rn:R02092 rn:R02094",NA,NA,NA,"line",NA,NA,"#FF8080","#FFFFFF",0,"01100"
"entry4681","1072","mya:MORIYA_0248","gene","http://www.kegg.jp/dbget-bin/www_bget?mya:MORIYA_0248",NA,"rn:R03537",NA,NA,NA,"line",NA,NA,"#FF8080","#FFFFFF",0,"01100"
"entry4682","1073","mya:MORIYA_0248","gene","http://www.kegg.jp/dbget-bin/www_bget?mya:MORIYA_0248",NA,"rn:R01562",NA,NA,NA,"line",NA,NA,"#FF8080","#FFFFFF",0,"01100"
"entry4683","1074","mya:MORIYA_0248","gene","http://www.kegg.jp/dbget-bin/www_bget?mya:MORIYA_0248",NA,"rn:R02148",NA,NA,NA,"line",NA,NA,"#FF8080","#FFFFFF",0,"01100"
"entry4684","1075","mya:MORIYA_0248","gene","http://www.kegg.jp/dbget-bin/www_bget?mya:MORIYA_0248",NA,"rn:R05135",NA,NA,NA,"line",NA,NA,"#FF8080","#FFFFFF",0,"01100"
"entry4685","1078","mya:MORIYA_3617","gene","http://www.kegg.jp/dbget-bin/www_bget?mya:MORIYA_3617",NA,"rn:R00125 rn:R00126",NA,NA,NA,"line",NA,NA,"#FF8080","#FFFFFF",0,"01100"
"entry4686","1080","mya:MORIYA_3410","gene","http://www.kegg.jp/dbget-bin/www_bget?mya:MORIYA_3410",NA,"rn:R00191",NA,NA,NA,"line",NA,NA,"#FF8080","#FFFFFF",0,"01100"
"entry4687","1081","mya:MORIYA_3050","gene","http://www.kegg.jp/dbget-bin/www_bget?mya:MORIYA_3050",NA,"rn:R00089",NA,NA,NA,"line",NA,NA,"#FF8080","#FFFFFF",0,"01100"
"entry4688","1083","mya:MORIYA_2532","gene","http://www.kegg.jp/dbget-bin/www_bget?mya:MORIYA_2532",NA,"rn:R00087",NA,NA,NA,"line",NA,NA,"#FF8080","#FFFFFF",0,"01100"
"entry4689","1085","mya:MORIYA_3388","gene","http://www.kegg.jp/dbget-bin/www_bget?mya:MORIYA_3388",NA,"rn:R02720",NA,NA,NA,"line",NA,NA,"#FF8080","#FFFFFF",0,"01100"
"entry4690","1086","mya:MORIYA_2304","gene","http://www.kegg.jp/dbget-bin/www_bget?mya:MORIYA_2304",NA,"rn:R00719 rn:R00722",NA,NA,NA,"line",NA,NA,"#FF8080","#FFFFFF",0,"01100"
"entry4691","1090","mya:MORIYA_4286","gene","http://www.kegg.jp/dbget-bin/www_bget?mya:MORIYA_4286",NA,"rn:R01134",NA,NA,NA,"line",NA,NA,"#FF8080","#FFFFFF",0,"01100"
"entry4692","1092","mya:MORIYA_1018","gene","http://www.kegg.jp/dbget-bin/www_bget?mya:MORIYA_1018",NA,"rn:R09394",NA,NA,NA,"line",NA,NA,"#FF8080","#FFFFFF",0,"01100"
"entry4693","1093","mya:MORIYA_3094","gene","http://www.kegg.jp/dbget-bin/www_bget?mya:MORIYA_3094",NA,"rn:R00336",NA,NA,NA,"line",NA,NA,"#FF8080","#FFFFFF",0,"01100"
"entry4694","1095","mya:MORIYA_3050","gene","http://www.kegg.jp/dbget-bin/www_bget?mya:MORIYA_3050",NA,"rn:R00434",NA,NA,NA,"line",NA,NA,"#FF8080","#FFFFFF",0,"01100"
"entry4695","1096","mya:MORIYA_2534 / mya:MORIYA_3094","gene","http://www.kegg.jp/dbget-bin/www_bget?mya:MORIYA_2534+mya:MORIYA_3094",NA,"rn:R00429",NA,NA,NA,"line",NA,NA,"#FF8080","#FFFFFF",0,"01100"
"entry4696","1115","mya:MORIYA_1525","gene","http://www.kegg.jp/dbget-bin/www_bget?mya:MORIYA_1525",NA,"rn:R02556",NA,NA,NA,"line",NA,NA,"#FF8080","#FFFFFF",0,"01100"
"entry4697","1116","mya:MORIYA_0635 / mya:MORIYA_1758 / mya:MORIYA_2304 / mya:MORIYA_4012","gene","http://www.kegg.jp/dbget-bin/www_bget?mya:MORIYA_0635+mya:MORIYA_1758+mya:MORIYA_2304+mya:MORIYA_4012",NA,"rn:R01857 rn:R01858",NA,NA,NA,"line",NA,NA,"#FF8080","#FFFFFF",0,"01100"
"entry4698","1117","mya:MORIYA_0635 / mya:MORIYA_1758 / mya:MORIYA_2304 / mya:MORIYA_4012","gene","http://www.kegg.jp/dbget-bin/www_bget?mya:MORIYA_0635+mya:MORIYA_1758+mya:MORIYA_2304+mya:MORIYA_4012",NA,"rn:R00330 rn:R00335 rn:R00430",NA,NA,NA,"line",NA,NA,"#FF8080","#FFFFFF",0,"01100"
"entry4699","1118","mya:MORIYA_3096","gene","http://www.kegg.jp/dbget-bin/www_bget?mya:MORIYA_3096",NA,"rn:R00332 rn:R00328",NA,NA,NA,"line",NA,NA,"#FF8080","#FFFFFF",0,"01100"
"entry4700","1119","mya:MORIYA_3642","gene","http://www.kegg.jp/dbget-bin/www_bget?mya:MORIYA_3642",NA,"rn:R01969",NA,NA,NA,"line",NA,NA,"#FF8080","#FFFFFF",0,"01100"
"entry4701","1120","mya:MORIYA_1715","gene","http://www.kegg.jp/dbget-bin/www_bget?mya:MORIYA_1715",NA,"rn:R01676",NA,NA,NA,"line",NA,NA,"#FF8080","#FFFFFF",0,"01100"
"entry4702","1121","mya:MORIYA_2198","gene","http://www.kegg.jp/dbget-bin/www_bget?mya:MORIYA_2198",NA,"rn:R01230 rn:R01231",NA,NA,NA,"line",NA,NA,"#FF8080","#FFFFFF",0,"01100"
"entry4703","1122","mya:MORIYA_1459 / mya:MORIYA_2404 / mya:MORIYA_3653","gene","http://www.kegg.jp/dbget-bin/www_bget?mya:MORIYA_1459+mya:MORIYA_2404+mya:MORIYA_3653",NA,"rn:R01229",NA,NA,NA,"line",NA,NA,"#FF8080","#FFFFFF",0,"01100"
"entry4704","1123","mya:MORIYA_2199","gene","http://www.kegg.jp/dbget-bin/www_bget?mya:MORIYA_2199",NA,"rn:R01130",NA,NA,NA,"line",NA,NA,"#FF8080","#FFFFFF",0,"01100"
"entry4705","1125","mya:MORIYA_2471","gene","http://www.kegg.jp/dbget-bin/www_bget?mya:MORIYA_2471",NA,"rn:R01127",NA,NA,NA,"line",NA,NA,"#FF8080","#FFFFFF",0,"01100"
"entry4706","1126","mya:MORIYA_0759","gene","http://www.kegg.jp/dbget-bin/www_bget?mya:MORIYA_0759",NA,"rn:R01244",NA,NA,NA,"line",NA,NA,"#FF8080","#FFFFFF",0,"01100"
"entry4707","1127","mya:MORIYA_0635 / mya:MORIYA_1758 / mya:MORIYA_2304 / mya:MORIYA_4012","gene","http://www.kegg.jp/dbget-bin/www_bget?mya:MORIYA_0635+mya:MORIYA_1758+mya:MORIYA_2304+mya:MORIYA_4012",NA,"rn:R00086 rn:R00124 rn:R00200",NA,NA,NA,"line",NA,NA,"#FF8080","#FFFFFF",0,"01100"
"entry4708","1128","mya:MORIYA_0635 / mya:MORIYA_1758 / mya:MORIYA_2304 / mya:MORIYA_4012","gene","http://www.kegg.jp/dbget-bin/www_bget?mya:MORIYA_0635+mya:MORIYA_1758+mya:MORIYA_2304+mya:MORIYA_4012",NA,"rn:R01137 rn:R01138",NA,NA,NA,"line",NA,NA,"#FF8080","#FFFFFF",0,"01100"
"entry4709","1129","mya:MORIYA_0673 / mya:MORIYA_0949 / mya:MORIYA_3735","gene","http://www.kegg.jp/dbget-bin/www_bget?mya:MORIYA_0673+mya:MORIYA_0949+mya:MORIYA_3735",NA,"rn:R02088 rn:R02089",NA,NA,NA,"line",NA,NA,"#FF8080","#FFFFFF",0,"01100"
"entry4710","1130","mya:MORIYA_1525","gene","http://www.kegg.jp/dbget-bin/www_bget?mya:MORIYA_1525",NA,"rn:R01560",NA,NA,NA,"line",NA,NA,"#FF8080","#FFFFFF",0,"01100"
"entry4711","1131","mya:MORIYA_1459","gene","http://www.kegg.jp/dbget-bin/www_bget?mya:MORIYA_1459",NA,"rn:R04378",NA,NA,NA,"line",NA,NA,"#FF8080","#FFFFFF",0,"01100"
"entry4712","1132","mya:MORIYA_4197","gene","http://www.kegg.jp/dbget-bin/www_bget?mya:MORIYA_4197",NA,"rn:R04559",NA,NA,NA,"line",NA,NA,"#FF8080","#FFFFFF",0,"01100"
"entry4713","1133","mya:MORIYA_0820","gene","http://www.kegg.jp/dbget-bin/www_bget?mya:MORIYA_0820",NA,"rn:R04591",NA,NA,NA,"line",NA,NA,"#FF8080","#FFFFFF",0,"01100"
"entry4714","1135","mya:MORIYA_2743","gene","http://www.kegg.jp/dbget-bin/www_bget?mya:MORIYA_2743",NA,"rn:R03472",NA,NA,NA,"line",NA,NA,"#FFB3CC","#FFFFFF",0,"01100"
"entry4715","1138","mya:MORIYA_2676 / mya:MORIYA_3408","gene","http://www.kegg.jp/dbget-bin/www_bget?mya:MORIYA_2676+mya:MORIYA_3408",NA,"rn:R01054",NA,NA,NA,"line",NA,NA,"#FF8080","#FFFFFF",0,"01100"
"entry4716","1154","mya:MORIYA_3166","gene","http://www.kegg.jp/dbget-bin/www_bget?mya:MORIYA_3166",NA,"rn:R01931",NA,NA,NA,"line",NA,NA,"#CC99FF","#FFFFFF",0,"01100"
"entry4717","1158","mya:MORIYA_0280","gene","http://www.kegg.jp/dbget-bin/www_bget?mya:MORIYA_0280",NA,"rn:R10092",NA,NA,NA,"line",NA,NA,"#CC99FF","#FFFFFF",0,"01100"
"entry4718","1168","mya:MORIYA_2232","gene","http://www.kegg.jp/dbget-bin/www_bget?mya:MORIYA_2232",NA,"rn:R05645",NA,NA,NA,"line",NA,NA,"#99CCFF","#FFFFFF",0,"01100"
"entry4719","1185","mya:MORIYA_3422","gene","http://www.kegg.jp/dbget-bin/www_bget?mya:MORIYA_3422",NA,"rn:R07136 rn:R07137",NA,NA,NA,"line",NA,NA,"#CC99FF","#FFFFFF",0,"01100"
"entry4720","1208","mya:MORIYA_1752","gene","http://www.kegg.jp/dbget-bin/www_bget?mya:MORIYA_1752",NA,"rn:R06982",NA,NA,NA,"line",NA,NA,"#CC99FF","#FFFFFF",0,"01100"
"entry4721","1209","mya:MORIYA_3181","gene","http://www.kegg.jp/dbget-bin/www_bget?mya:MORIYA_3181",NA,"rn:R06983",NA,NA,NA,"line",NA,NA,"#CC99FF","#FFFFFF",0,"01100"
"entry4722","1210","mya:MORIYA_3182","gene","http://www.kegg.jp/dbget-bin/www_bget?mya:MORIYA_3182",NA,"rn:R00527",NA,NA,NA,"line",NA,NA,"#CC99FF","#FFFFFF",0,"01100"
"entry4723","1212","mya:MORIYA_3711","gene","http://www.kegg.jp/dbget-bin/www_bget?mya:MORIYA_3711",NA,"rn:R09099",NA,NA,NA,"line",NA,NA,"#CC99FF","#FFFFFF",0,"01100"
"entry4724","1219","mya:MORIYA_3639","gene","http://www.kegg.jp/dbget-bin/www_bget?mya:MORIYA_3639",NA,"rn:R01066",NA,NA,NA,"line",NA,NA,"#6C63F6","#FFFFFF",0,"01100"
"entry4725","1220","mya:MORIYA_3641","gene","http://www.kegg.jp/dbget-bin/www_bget?mya:MORIYA_3641",NA,"rn:R02749",NA,NA,NA,"line",NA,NA,"#6C63F6","#FFFFFF",0,"01100"
"entry4726","1221","mya:MORIYA_3745","gene","http://www.kegg.jp/dbget-bin/www_bget?mya:MORIYA_3745",NA,"rn:R01051",NA,NA,NA,"line",NA,NA,"#6C63F6","#FFFFFF",0,"01100"
"entry4727","1222","mya:MORIYA_0788 / mya:MORIYA_3641","gene","http://www.kegg.jp/dbget-bin/www_bget?mya:MORIYA_0788+mya:MORIYA_3641",NA,"rn:R01057",NA,NA,NA,"line",NA,NA,"#6C63F6","#FFFFFF",0,"01100"
"entry4728","1228","mya:MORIYA_1029 / mya:MORIYA_1030","gene","http://www.kegg.jp/dbget-bin/www_bget?mya:MORIYA_1029+mya:MORIYA_1030",NA,"rn:R02404 rn:R02407",NA,NA,NA,"line",NA,NA,"#B3B3E6","#FFFFFF",0,"01100"
"entry4729","1241","mya:MORIYA_0030","gene","http://www.kegg.jp/dbget-bin/www_bget?mya:MORIYA_0030",NA,"rn:R01172 rn:R01173",NA,NA,NA,"line",NA,NA,"#B3B3E6","#FFFFFF",0,"01100"
"entry4730","1251","mya:MORIYA_0910 / mya:MORIYA_1649 / mya:MORIYA_2961","gene","http://www.kegg.jp/dbget-bin/www_bget?mya:MORIYA_0910+mya:MORIYA_1649+mya:MORIYA_2961",NA,"rn:R03276",NA,NA,NA,"line",NA,NA,"#B3B3E6","#FFFFFF",0,"01100"
"entry4731","1259","mya:MORIYA_0476","gene","http://www.kegg.jp/dbget-bin/www_bget?mya:MORIYA_0476",NA,"rn:R00410 rn:R01357 rn:R01358 rn:R01359",NA,NA,NA,"line",NA,NA,"#B3B3E6","#FFFFFF",0,"01100"
"entry4732","1261","mya:MORIYA_3490","gene","http://www.kegg.jp/dbget-bin/www_bget?mya:MORIYA_3490",NA,"rn:R01016",NA,NA,NA,"line",NA,NA,"#B3B3E6","#FFFFFF",0,"01100"
"entry4733","1263","mya:MORIYA_1446","gene","http://www.kegg.jp/dbget-bin/www_bget?mya:MORIYA_1446",NA,"rn:R10717",NA,NA,NA,"line",NA,NA,"#B3B3E6","#FFFFFF",0,"01100"
"entry4734","1264","mya:MORIYA_0459 / mya:MORIYA_0905","gene","http://www.kegg.jp/dbget-bin/www_bget?mya:MORIYA_0459+mya:MORIYA_0905",NA,"rn:R02528 rn:R10718",NA,NA,NA,"line",NA,NA,"#B3B3E6","#FFFFFF",0,"01100"
"entry4735","1266","mya:MORIYA_0777","gene","http://www.kegg.jp/dbget-bin/www_bget?mya:MORIYA_0777",NA,"rn:R02377",NA,NA,NA,"line",NA,NA,"#B3B3E6","#FFFFFF",0,"01100"
"entry4736","1269","mya:MORIYA_0775 / mya:MORIYA_1728","gene","http://www.kegg.jp/dbget-bin/www_bget?mya:MORIYA_0775+mya:MORIYA_1728",NA,"rn:R01199 rn:R06987",NA,NA,NA,"line",NA,NA,"#B3B3E6","#FFFFFF",0,"01100"
"entry4737","1270","mya:MORIYA_0360","gene","http://www.kegg.jp/dbget-bin/www_bget?mya:MORIYA_0360",NA,"rn:R11263",NA,NA,NA,"line",NA,NA,"#B3B3E6","#FFFFFF",0,"01100"
"entry4738","1271","mya:MORIYA_0361","gene","http://www.kegg.jp/dbget-bin/www_bget?mya:MORIYA_0361",NA,"rn:R11264",NA,NA,NA,"line",NA,NA,"#B3B3E6","#FFFFFF",0,"01100"
"entry4739","1272","mya:MORIYA_0359","gene","http://www.kegg.jp/dbget-bin/www_bget?mya:MORIYA_0359",NA,"rn:R00931",NA,NA,NA,"line",NA,NA,"#B3B3E6","#FFFFFF",0,"01100"
"entry4740","1273","mya:MORIYA_0721","gene","http://www.kegg.jp/dbget-bin/www_bget?mya:MORIYA_0721",NA,"rn:R04424",NA,NA,NA,"line",NA,NA,"#B3B3E6","#FFFFFF",0,"01100"
"entry4741","1274","mya:MORIYA_3330","gene","http://www.kegg.jp/dbget-bin/www_bget?mya:MORIYA_3330",NA,"rn:R04425",NA,NA,NA,"line",NA,NA,"#B3B3E6","#FFFFFF",0,"01100"
"entry4742","1275","mya:MORIYA_0358","gene","http://www.kegg.jp/dbget-bin/www_bget?mya:MORIYA_0358",NA,"rn:R00409",NA,NA,NA,"line",NA,NA,"#B3B3E6","#FFFFFF",0,"01100"
"entry4743","1278","mya:MORIYA_3547","gene","http://www.kegg.jp/dbget-bin/www_bget?mya:MORIYA_3547",NA,"rn:R00470",NA,NA,NA,"line",NA,NA,"#B3B3E6","#FFFFFF",0,"01100"
"entry4744","1301","mya:MORIYA_2599","gene","http://www.kegg.jp/dbget-bin/www_bget?mya:MORIYA_2599",NA,"rn:R00316",NA,NA,NA,"line",NA,NA,"#B3B3E6","#FFFFFF",0,"01100"
"entry4745","1307","mya:MORIYA_1434 / mya:MORIYA_4247","gene","http://www.kegg.jp/dbget-bin/www_bget?mya:MORIYA_1434+mya:MORIYA_4247",NA,"rn:R02530",NA,NA,NA,"line",NA,NA,"#B3B3E6","#FFFFFF",0,"01100"
"entry4746","1309","mya:MORIYA_2308 / mya:MORIYA_3549","gene","http://www.kegg.jp/dbget-bin/www_bget?mya:MORIYA_2308+mya:MORIYA_3549",NA,"rn:R01736",NA,NA,NA,"line",NA,NA,"#B3B3E6","#FFFFFF",0,"01100"
"entry4747","1311","mya:MORIYA_1446","gene","http://www.kegg.jp/dbget-bin/www_bget?mya:MORIYA_1446",NA,"rn:R02260 rn:R10715",NA,NA,NA,"line",NA,NA,"#B3B3E6","#FFFFFF",0,"01100"
"entry4749","1319","mya:MORIYA_2599","gene","http://www.kegg.jp/dbget-bin/www_bget?mya:MORIYA_2599",NA,"rn:R00236",NA,NA,NA,"line",NA,NA,"#B3B3E6","#FFFFFF",0,"01100"
"entry4750","1320","mya:MORIYA_0535","gene","http://www.kegg.jp/dbget-bin/www_bget?mya:MORIYA_0535",NA,"rn:R00227 rn:R00928 rn:R10343",NA,NA,NA,"line",NA,NA,"#B3B3E6","#FFFFFF",0,"01100"
"entry4751","1353","mya:MORIYA_3703","gene","http://www.kegg.jp/dbget-bin/www_bget?mya:MORIYA_3703",NA,"rn:R09843",NA,NA,NA,"line",NA,NA,"#B3B3E6","#FFFFFF",0,"01100"
"entry4752","1359","mya:MORIYA_3701","gene","http://www.kegg.jp/dbget-bin/www_bget?mya:MORIYA_3701",NA,"rn:R09697",NA,NA,NA,"line",NA,NA,"#B3B3E6","#FFFFFF",0,"01100"
"entry4753","1361","mya:MORIYA_1661","gene","http://www.kegg.jp/dbget-bin/www_bget?mya:MORIYA_1661",NA,"rn:R06894",NA,NA,NA,"line",NA,NA,"#B3B3E6","#FFFFFF",0,"01100"
"entry4754","1369","mya:MORIYA_3669 / mya:MORIYA_4243","gene","http://www.kegg.jp/dbget-bin/www_bget?mya:MORIYA_3669+mya:MORIYA_4243",NA,"rn:R00420",NA,NA,NA,"line",NA,NA,"#B3B3E6","#FFFFFF",0,"01100"
"entry4755","1408","mya:MORIYA_3541","gene","http://www.kegg.jp/dbget-bin/www_bget?mya:MORIYA_3541",NA,"rn:R08367",NA,NA,NA,"line",NA,NA,"#B3B3E6","#FFFFFF",0,"01100"
"entry4756","1409","mya:MORIYA_3542","gene","http://www.kegg.jp/dbget-bin/www_bget?mya:MORIYA_3542",NA,"rn:R05168",NA,NA,NA,"line",NA,NA,"#B3B3E6","#FFFFFF",0,"01100"
"entry4757","1410","mya:MORIYA_3538 / mya:MORIYA_3539 / mya:MORIYA_3540 / mya:MORIYA_3541","gene","http://www.kegg.jp/dbget-bin/www_bget?mya:MORIYA_3538+mya:MORIYA_3539+mya:MORIYA_3540+mya:MORIYA_3541",NA,"rn:R08366",NA,NA,NA,"line",NA,NA,"#B3B3E6","#FFFFFF",0,"01100"
"entry4758","1448","mya:MORIYA_1650 / mya:MORIYA_2962","gene","http://www.kegg.jp/dbget-bin/www_bget?mya:MORIYA_1650+mya:MORIYA_2962",NA,"rn:R03991",NA,NA,NA,"line",NA,NA,"#80CCCC","#FFFFFF",0,"01100"
"entry4759","1450","mya:MORIYA_0118 / mya:MORIYA_2601 / mya:MORIYA_2602 / mya:MORIYA_3606","gene","http://www.kegg.jp/dbget-bin/www_bget?mya:MORIYA_0118+mya:MORIYA_2601+mya:MORIYA_2602+mya:MORIYA_3606",NA,"rn:R00742",NA,NA,NA,"line",NA,NA,"#80CCCC","#FFFFFF",0,"01100"
"entry4760","1452","mya:MORIYA_0068 / mya:MORIYA_0070 / mya:MORIYA_1443","gene","http://www.kegg.jp/dbget-bin/www_bget?mya:MORIYA_0068+mya:MORIYA_0070+mya:MORIYA_1443",NA,"rn:R00866 rn:R03232",NA,NA,NA,"line",NA,NA,"#B3B3E6","#FFFFFF",0,"01100"
"entry4761","1460","mya:MORIYA_0069","gene","http://www.kegg.jp/dbget-bin/www_bget?mya:MORIYA_0069",NA,"rn:R02071",NA,NA,NA,"line",NA,NA,"#B3B3E6","#FFFFFF",0,"01100"
"entry4762","1486","mya:MORIYA_3543","gene","http://www.kegg.jp/dbget-bin/www_bget?mya:MORIYA_3543",NA,"rn:R04383",NA,NA,NA,"line",NA,NA,"#B3B3E6","#FFFFFF",0,"01100"
"entry4763","1487","mya:MORIYA_3544","gene","http://www.kegg.jp/dbget-bin/www_bget?mya:MORIYA_3544",NA,"rn:R01542",NA,NA,NA,"line",NA,NA,"#B3B3E6","#FFFFFF",0,"01100"
"entry4764","1514","mya:MORIYA_3722","gene","http://www.kegg.jp/dbget-bin/www_bget?mya:MORIYA_3722",NA,"rn:R05636",NA,NA,NA,"line",NA,NA,"#9EE284","#FFFFFF",0,"01100"
"entry4765","1516","mya:MORIYA_2720","gene","http://www.kegg.jp/dbget-bin/www_bget?mya:MORIYA_2720",NA,"rn:R00771",NA,NA,NA,"line",NA,NA,"#B3B3E6","#FFFFFF",0,"01100"
"entry4766","1518","mya:MORIYA_3688","gene","http://www.kegg.jp/dbget-bin/www_bget?mya:MORIYA_3688",NA,"rn:R12075",NA,NA,NA,"line",NA,NA,"#99CCFF","#FFFFFF",0,"01100"
"entry4768","1538","mya:MORIYA_3892","gene","http://www.kegg.jp/dbget-bin/www_bget?mya:MORIYA_3892",NA,"rn:R03132",NA,NA,NA,"line",NA,NA,"#FFCC66","#FFFFFF",0,"01100"
"entry4769","1552","mya:MORIYA_1650 / mya:MORIYA_2962","gene","http://www.kegg.jp/dbget-bin/www_bget?mya:MORIYA_1650+mya:MORIYA_2962",NA,"rn:R07895",NA,NA,NA,"line",NA,NA,"#99CCFF","#FFFFFF",0,"01100"
"entry4770","1554","mya:MORIYA_1733","gene","http://www.kegg.jp/dbget-bin/www_bget?mya:MORIYA_1733",NA,"rn:R00230",NA,NA,NA,"line",NA,NA,"#B3B3E6","#FFFFFF",0,"01100"
"entry4771","1556","mya:MORIYA_0499 / mya:MORIYA_0500 / mya:MORIYA_0501 / mya:MORIYA_0578 / mya:MORIYA_0775 / mya:MORIYA_1728 / mya:MORIYA_3303 / mya:MORIYA_3304 / mya:MORIYA_3305 / mya:MORIYA_4305","gene","http://www.kegg.jp/dbget-bin/www_bget?mya:MORIYA_0499+mya:MORIYA_0500+mya:MORIYA_0501+mya:MORIYA_0578+mya:MORIYA_0775+mya:MORIYA_1728+mya:MORIYA_3303+mya:MORIYA_3304+mya:MORIYA_3305+mya:MORIYA_4305",NA,"rn:R00209 rn:R00212 rn:R01196 rn:R10866",NA,NA,NA,"line",NA,NA,"#6C63F6","#FFFFFF",0,"01100"
"entry4772","1562","mya:MORIYA_0026","gene","http://www.kegg.jp/dbget-bin/www_bget?mya:MORIYA_0026",NA,"rn:R01262",NA,NA,NA,"line",NA,NA,"#FF9900","#FFFFFF",0,"01100"
"entry4773","1572","mya:MORIYA_2395 / mya:MORIYA_3358","gene","http://www.kegg.jp/dbget-bin/www_bget?mya:MORIYA_2395+mya:MORIYA_3358",NA,NA,NA,NA,NA,"line",NA,NA,"#99CCFF","#FFFFFF",0,"01100"
"entry4774","1575","mya:MORIYA_3170","gene","http://www.kegg.jp/dbget-bin/www_bget?mya:MORIYA_3170",NA,"rn:R01302",NA,NA,NA,"line",NA,NA,"#FFB3CC","#FFFFFF",0,"01100"
"entry4775","1578","mya:MORIYA_0473 / mya:MORIYA_0688","gene","http://www.kegg.jp/dbget-bin/www_bget?mya:MORIYA_0473+mya:MORIYA_0688",NA,"rn:R00948 rn:R00951",NA,NA,NA,"line",NA,NA,"#B3B3E6","#FFFFFF",0,"01100"
"entry4776","1586","mya:MORIYA_4047","gene","http://www.kegg.jp/dbget-bin/www_bget?mya:MORIYA_4047",NA,"rn:R07411",NA,NA,NA,"line",NA,NA,"#FFB3CC","#FFFFFF",0,"01100"
"entry4777","1587","mya:MORIYA_4048","gene","http://www.kegg.jp/dbget-bin/www_bget?mya:MORIYA_4048",NA,"rn:R07412",NA,NA,NA,"line",NA,NA,"#FFB3CC","#FFFFFF",0,"01100"
"entry4778","1588","mya:MORIYA_3105 / mya:MORIYA_3831","gene","http://www.kegg.jp/dbget-bin/www_bget?mya:MORIYA_3105+mya:MORIYA_3831",NA,"rn:R01492",NA,NA,NA,"line",NA,NA,"#FFB3CC","#FFFFFF",0,"01100"
"entry4779","1590","mya:MORIYA_3040","gene","http://www.kegg.jp/dbget-bin/www_bget?mya:MORIYA_3040",NA,"rn:R00097 rn:R00107",NA,NA,NA,"line",NA,NA,"#FFB3CC","#FFFFFF",0,"01100"
"entry4780","1593","mya:MORIYA_0293","gene","http://www.kegg.jp/dbget-bin/www_bget?mya:MORIYA_0293",NA,"rn:R11329",NA,NA,NA,"line",NA,NA,"#FFB3CC","#FFFFFF",0,"01100"
"entry4781","1626","mya:MORIYA_0352","gene","http://www.kegg.jp/dbget-bin/www_bget?mya:MORIYA_0352",NA,"rn:R09993",NA,NA,NA,"line",NA,NA,"#FFB3CC","#FFFFFF",0,"01100"
"entry4782","1631","mya:MORIYA_3689 / mya:MORIYA_3693","gene","http://www.kegg.jp/dbget-bin/www_bget?mya:MORIYA_3689+mya:MORIYA_3693",NA,"rn:R00291",NA,NA,NA,"line",NA,NA,"#B3B3E6","#FFFFFF",0,"01100"
"entry4783","1635","mya:MORIYA_4221","gene","http://www.kegg.jp/dbget-bin/www_bget?mya:MORIYA_4221",NA,"rn:R11261",NA,NA,NA,"line",NA,NA,"#B3B3E6","#FFFFFF",0,"01100"
"entry4784","1662","mya:MORIYA_3921","gene","http://www.kegg.jp/dbget-bin/www_bget?mya:MORIYA_3921",NA,"rn:R07390 rn:R11062",NA,NA,NA,"line",NA,NA,"#80CCB3","#FFFFFF",0,"01100"
"entry4785","1666","mya:MORIYA_1733","gene","http://www.kegg.jp/dbget-bin/www_bget?mya:MORIYA_1733",NA,"rn:R00921",NA,NA,NA,"line",NA,NA,"#B3B3E6","#FFFFFF",0,"01100"
"entry4786","1668","mya:MORIYA_1510 / mya:MORIYA_1511 / mya:MORIYA_1732","gene","http://www.kegg.jp/dbget-bin/www_bget?mya:MORIYA_1510+mya:MORIYA_1511+mya:MORIYA_1732",NA,"rn:R01353",NA,NA,NA,"line",NA,NA,"#B3B3E6","#FFFFFF",0,"01100"
"entry4787","1670","mya:MORIYA_2475","gene","http://www.kegg.jp/dbget-bin/www_bget?mya:MORIYA_2475",NA,"rn:R10993",NA,NA,NA,"line",NA,NA,"#FFCC66","#FFFFFF",0,"01100"
"entry4788","1671","mya:MORIYA_2009 / mya:MORIYA_3841","gene","http://www.kegg.jp/dbget-bin/www_bget?mya:MORIYA_2009+mya:MORIYA_3841",NA,"rn:R10994",NA,NA,NA,"line",NA,NA,"#FFCC66","#FFFFFF",0,"01100"
"entry4789","1679","mya:MORIYA_0110","gene","http://www.kegg.jp/dbget-bin/www_bget?mya:MORIYA_0110",NA,"rn:R00022",NA,NA,NA,"line",NA,NA,"#B3B3E6","#FFFFFF",0,"01100"
"entry4790","1680","mya:MORIYA_2129","gene","http://www.kegg.jp/dbget-bin/www_bget?mya:MORIYA_2129",NA,"rn:R01201",NA,NA,NA,"line",NA,NA,"#B3B3E6","#FFFFFF",0,"01100"
"entry4791","1685","mya:MORIYA_0578 / mya:MORIYA_2071 / mya:MORIYA_2072 / mya:MORIYA_2073 / mya:MORIYA_3305 / mya:MORIYA_4305","gene","http://www.kegg.jp/dbget-bin/www_bget?mya:MORIYA_0578+mya:MORIYA_2071+mya:MORIYA_2072+mya:MORIYA_2073+mya:MORIYA_3305+mya:MORIYA_4305",NA,"rn:R01221",NA,NA,NA,"line",NA,NA,"#FFCC66","#FFFFFF",0,"01100"
"entry4792","1687","mya:MORIYA_0602","gene","http://www.kegg.jp/dbget-bin/www_bget?mya:MORIYA_0602",NA,"rn:R09079",NA,NA,NA,"line",NA,NA,"#FFCC66","#FFFFFF",0,"01100"
"entry4793","1688","mya:MORIYA_0063","gene","http://www.kegg.jp/dbget-bin/www_bget?mya:MORIYA_0063",NA,"rn:R02869 rn:R09076",NA,NA,NA,"line",NA,NA,"#FFCC66","#FFFFFF",0,"01100"
"entry4794","1689","mya:MORIYA_0603","gene","http://www.kegg.jp/dbget-bin/www_bget?mya:MORIYA_0603",NA,"rn:R09081",NA,NA,NA,"line",NA,NA,"#FFCC66","#FFFFFF",0,"01100"
"entry4795","1692","mya:MORIYA_0546","gene","http://www.kegg.jp/dbget-bin/www_bget?mya:MORIYA_0546",NA,"rn:R01986 rn:R02549",NA,NA,NA,"line",NA,NA,"#FFCC66","#FFFFFF",0,"01100"
"entry4796","1695","mya:MORIYA_3250","gene","http://www.kegg.jp/dbget-bin/www_bget?mya:MORIYA_3250",NA,"rn:R01530",NA,NA,NA,"line",NA,NA,"#99CCFF","#FFFFFF",0,"01100"
"entry4797","1704","mya:MORIYA_2276","gene","http://www.kegg.jp/dbget-bin/www_bget?mya:MORIYA_2276",NA,"rn:R07460",NA,NA,NA,"line",NA,NA,"#FFB3CC","#FFFFFF",0,"01100"
"entry4798","1713","mya:MORIYA_2967 / mya:MORIYA_3923","gene","http://www.kegg.jp/dbget-bin/www_bget?mya:MORIYA_2967+mya:MORIYA_3923",NA,"rn:R10707",NA,NA,NA,"line",NA,NA,"#80CCCC","#FFFFFF",0,"01100"
"entry4799","1754","mya:MORIYA_0356 / mya:MORIYA_2742","gene","http://www.kegg.jp/dbget-bin/www_bget?mya:MORIYA_0356+mya:MORIYA_2742",NA,"rn:R04509",NA,NA,NA,"line",NA,NA,"#FFB3CC","#FFFFFF",0,"01100"
"entry4800","1755","mya:MORIYA_2742","gene","http://www.kegg.jp/dbget-bin/www_bget?mya:MORIYA_2742",NA,"rn:R03223",NA,NA,NA,"line",NA,NA,"#FFB3CC","#FFFFFF",0,"01100"
"entry4801","1757","mya:MORIYA_2575 / mya:MORIYA_3719","gene","http://www.kegg.jp/dbget-bin/www_bget?mya:MORIYA_2575+mya:MORIYA_3719",NA,"rn:R00615 rn:R00617",NA,NA,NA,"line",NA,NA,"#FFB3CC","#FFFFFF",0,"01100"
"entry4802","1758","mya:MORIYA_0292","gene","http://www.kegg.jp/dbget-bin/www_bget?mya:MORIYA_0292",NA,"rn:R00616 rn:R00618 rn:R11319",NA,NA,NA,"line",NA,NA,"#FFB3CC","#FFFFFF",0,"01100"
"entry4803","1759","mya:MORIYA_0109 / mya:MORIYA_1135 / mya:MORIYA_2575","gene","http://www.kegg.jp/dbget-bin/www_bget?mya:MORIYA_0109+mya:MORIYA_1135+mya:MORIYA_2575",NA,"rn:R02134 rn:R02135",NA,NA,NA,"line",NA,NA,"#FFB3CC","#FFFFFF",0,"01100"
"entry4804","1760","mya:MORIYA_0352","gene","http://www.kegg.jp/dbget-bin/www_bget?mya:MORIYA_0352",NA,"rn:R02133",NA,NA,NA,"line",NA,NA,"#FFB3CC","#FFFFFF",0,"01100"
"entry4805","1762","mya:MORIYA_0356 / mya:MORIYA_2742","gene","http://www.kegg.jp/dbget-bin/www_bget?mya:MORIYA_0356+mya:MORIYA_2742",NA,"rn:R03471",NA,NA,NA,"line",NA,NA,"#FFB3CC","#FFFFFF",0,"01100"
"entry4806","1766","mya:MORIYA_2742","gene","http://www.kegg.jp/dbget-bin/www_bget?mya:MORIYA_2742",NA,"rn:R10712",NA,NA,NA,"line",NA,NA,"#FFB3CC","#FFFFFF",0,"01100"
"entry4807","1769","mya:MORIYA_2739","gene","http://www.kegg.jp/dbget-bin/www_bget?mya:MORIYA_2739",NA,"rn:R10247",NA,NA,NA,"line",NA,NA,"#FFB3CC","#FFFFFF",0,"01100"
"entry4808","1772","mya:MORIYA_2379","gene","http://www.kegg.jp/dbget-bin/www_bget?mya:MORIYA_2379",NA,"rn:R07461",NA,NA,NA,"line",NA,NA,"#FFB3CC","#FFFFFF",0,"01100"
"entry4809","1775","mya:MORIYA_2738","gene","http://www.kegg.jp/dbget-bin/www_bget?mya:MORIYA_2738",NA,"rn:R10246",NA,NA,NA,"line",NA,NA,"#FFB3CC","#FFFFFF",0,"01100"
"entry4811","1787","mya:MORIYA_2474","gene","http://www.kegg.jp/dbget-bin/www_bget?mya:MORIYA_2474",NA,"rn:R01291",NA,NA,NA,"line",NA,NA,"#FFCC66","#FFFFFF",0,"01100"
"entry4812","1802","mya:MORIYA_1053","gene","http://www.kegg.jp/dbget-bin/www_bget?mya:MORIYA_1053",NA,"rn:R10124",NA,NA,NA,"line",NA,NA,"#FFB3CC","#FFFFFF",0,"01100"
"entry4813","1804","mya:MORIYA_3206","gene","http://www.kegg.jp/dbget-bin/www_bget?mya:MORIYA_3206",NA,"rn:R09725",NA,NA,NA,"line",NA,NA,"#FFB3CC","#FFFFFF",0,"01100"
"entry4814","1806","mya:MORIYA_3601","gene","http://www.kegg.jp/dbget-bin/www_bget?mya:MORIYA_3601",NA,"rn:R10121",NA,NA,NA,"line",NA,NA,"#FFB3CC","#FFFFFF",0,"01100"
"entry4815","1807","mya:MORIYA_0176 / mya:MORIYA_0964 / mya:MORIYA_0987","gene","http://www.kegg.jp/dbget-bin/www_bget?mya:MORIYA_0176+mya:MORIYA_0964+mya:MORIYA_0987",NA,"rn:R10120",NA,NA,NA,"line",NA,NA,"#FFB3CC","#FFFFFF",0,"01100"
"entry4816","1808","mya:MORIYA_3118 / mya:MORIYA_3119","gene","http://www.kegg.jp/dbget-bin/www_bget?mya:MORIYA_3118+mya:MORIYA_3119",NA,"rn:R07671",NA,NA,NA,"line",NA,NA,"#B3B3E6","#FFFFFF",0,"01100"
"entry4817","1817","mya:MORIYA_3536","gene","http://www.kegg.jp/dbget-bin/www_bget?mya:MORIYA_3536",NA,"rn:R01069",NA,NA,NA,"line",NA,NA,"#B3B3E6","#FFFFFF",0,"01100"
"entry4818","1823","mya:MORIYA_1419","gene","http://www.kegg.jp/dbget-bin/www_bget?mya:MORIYA_1419",NA,"rn:R03236 rn:R03237 rn:R03238 rn:R03239",NA,NA,NA,"line",NA,NA,"#B3B3E6","#FFFFFF",0,"01100"
"entry4820","1825","mya:MORIYA_0843","gene","http://www.kegg.jp/dbget-bin/www_bget?mya:MORIYA_0843",NA,"rn:R03012",NA,NA,NA,"line",NA,NA,"#FFCC66","#FFFFFF",0,"01100"
"entry4821","1855","mya:MORIYA_4222","gene","http://www.kegg.jp/dbget-bin/www_bget?mya:MORIYA_4222",NA,"rn:R09083",NA,NA,NA,"line",NA,NA,"#FFB3CC","#FFFFFF",0,"01100"
"entry4822","1857","mya:MORIYA_2642","gene","http://www.kegg.jp/dbget-bin/www_bget?mya:MORIYA_2642",NA,"rn:R01978",NA,NA,NA,"line",NA,NA,"#9EE284","#FFFFFF",0,"01100"
"entry4823","1859","mya:MORIYA_0063","gene","http://www.kegg.jp/dbget-bin/www_bget?mya:MORIYA_0063",NA,"rn:R01920",NA,NA,NA,"line",NA,NA,"#FFCC66","#FFFFFF",0,"01100"
"entry4824","1871","mya:MORIYA_3283 / mya:MORIYA_3465","gene","http://www.kegg.jp/dbget-bin/www_bget?mya:MORIYA_3283+mya:MORIYA_3465",NA,"rn:R01150",NA,NA,NA,"line",NA,NA,"#FF9900","#FFFFFF",0,"01100"
"entry4825","1872","mya:MORIYA_2351 / mya:MORIYA_2352 / mya:MORIYA_2675 / mya:MORIYA_3324","gene","http://www.kegg.jp/dbget-bin/www_bget?mya:MORIYA_2351+mya:MORIYA_2352+mya:MORIYA_2675+mya:MORIYA_3324",NA,"rn:R00508 rn:R00509",NA,NA,NA,"line",NA,NA,"#CC99FF","#FFFFFF",0,"01100"
"entry4826","1873","mya:MORIYA_2408","gene","http://www.kegg.jp/dbget-bin/www_bget?mya:MORIYA_2408",NA,"rn:R02021",NA,NA,NA,"line",NA,NA,"#CC99FF","#FFFFFF",0,"01100"
"entry4827","1886","mya:MORIYA_3113","gene","http://www.kegg.jp/dbget-bin/www_bget?mya:MORIYA_3113",NA,"rn:R01364",NA,NA,NA,"line",NA,NA,"#FFCC66","#FFFFFF",0,"01100"
"entry4828","1893","mya:MORIYA_4072","gene","http://www.kegg.jp/dbget-bin/www_bget?mya:MORIYA_4072",NA,"rn:R05225",NA,NA,NA,"line",NA,NA,"#FFB3CC","#FFFFFF",0,"01100"
"entry4829","1898","mya:MORIYA_1912","gene","http://www.kegg.jp/dbget-bin/www_bget?mya:MORIYA_1912",NA,"rn:R02340",NA,NA,NA,"line",NA,NA,"#FFCC66","#FFFFFF",0,"01100"
"entry4830","1899","mya:MORIYA_1533 / mya:MORIYA_1911 / mya:MORIYA_1912","gene","http://www.kegg.jp/dbget-bin/www_bget?mya:MORIYA_1533+mya:MORIYA_1911+mya:MORIYA_1912",NA,"rn:R00673 rn:R00674",NA,NA,NA,"line",NA,NA,"#FFCC66","#FFFFFF",0,"01100"
"entry4832","1906","mya:MORIYA_0910 / mya:MORIYA_1649 / mya:MORIYA_2961 / mya:MORIYA_4084","gene","http://www.kegg.jp/dbget-bin/www_bget?mya:MORIYA_0910+mya:MORIYA_1649+mya:MORIYA_2961+mya:MORIYA_4084",NA,"rn:R05066",NA,NA,NA,"line",NA,NA,"#FFCC66","#FFFFFF",0,"01100"
"entry4833","1908","mya:MORIYA_0910 / mya:MORIYA_1649 / mya:MORIYA_1954 / mya:MORIYA_2961","gene","http://www.kegg.jp/dbget-bin/www_bget?mya:MORIYA_0910+mya:MORIYA_1649+mya:MORIYA_1954+mya:MORIYA_2961",NA,"rn:R04224",NA,NA,NA,"line",NA,NA,"#FFCC66","#FFFFFF",0,"01100"
"entry4834","1909","mya:MORIYA_0532 / mya:MORIYA_2639","gene","http://www.kegg.jp/dbget-bin/www_bget?mya:MORIYA_0532+mya:MORIYA_2639",NA,"rn:R02661",NA,NA,NA,"line",NA,NA,"#FFCC66","#FFFFFF",0,"01100"
"entry4835","1911","mya:MORIYA_1446","gene","http://www.kegg.jp/dbget-bin/www_bget?mya:MORIYA_1446",NA,"rn:R01034 rn:R01039",NA,NA,NA,"line",NA,NA,"#80CCB3","#FFFFFF",0,"01100"
"entry4836","1912","mya:MORIYA_1444 / mya:MORIYA_1445","gene","http://www.kegg.jp/dbget-bin/www_bget?mya:MORIYA_1444+mya:MORIYA_1445",NA,"rn:R01011 rn:R01012",NA,NA,NA,"line",NA,NA,"#80CCB3","#FFFFFF",0,"01100"
"entry4837","1914","mya:MORIYA_1767","gene","http://www.kegg.jp/dbget-bin/www_bget?mya:MORIYA_1767",NA,"rn:R00028 rn:R01555 rn:R05196",NA,NA,NA,"line",NA,NA,"#B3B3E6","#FFFFFF",0,"01100"
"entry4838","1923","mya:MORIYA_1775","gene","http://www.kegg.jp/dbget-bin/www_bget?mya:MORIYA_1775",NA,"rn:R01791",NA,NA,NA,"line",NA,NA,"#B3B3E6","#FFFFFF",0,"01100"
"entry4839","1925","mya:MORIYA_3313 / mya:MORIYA_3709","gene","http://www.kegg.jp/dbget-bin/www_bget?mya:MORIYA_3313+mya:MORIYA_3709",NA,"rn:R00287 rn:R00289 rn:R00955",NA,NA,NA,"line",NA,NA,"#B3B3E6","#FFFFFF",0,"01100"
"entry4840","1929","mya:MORIYA_3253","gene","http://www.kegg.jp/dbget-bin/www_bget?mya:MORIYA_3253",NA,"rn:R00660",NA,NA,NA,"line",NA,NA,"#B3B3E6","#FFFFFF",0,"01100"
"entry4841","1930","mya:MORIYA_3602","gene","http://www.kegg.jp/dbget-bin/www_bget?mya:MORIYA_3602",NA,"rn:R04567",NA,NA,NA,"line",NA,NA,"#99CCFF","#FFFFFF",0,"01100"
"entry4842","1931","mya:MORIYA_3008","gene","http://www.kegg.jp/dbget-bin/www_bget?mya:MORIYA_3008",NA,"rn:R05332",NA,NA,NA,"line",NA,NA,"#B3B3E6","#FFFFFF",0,"01100"
"entry4843","1942","mya:MORIYA_3470","gene","http://www.kegg.jp/dbget-bin/www_bget?mya:MORIYA_3470",NA,"rn:R00672",NA,NA,NA,"line",NA,NA,"#FF9900","#FFFFFF",0,"01100"
"entry4844","1944","mya:MORIYA_3330","gene","http://www.kegg.jp/dbget-bin/www_bget?mya:MORIYA_3330",NA,"rn:R01324",NA,NA,NA,"line",NA,NA,"#8080F7","#FFFFFF",0,"01100"
"entry4845","1953","mya:MORIYA_3828","gene","http://www.kegg.jp/dbget-bin/www_bget?mya:MORIYA_3828",NA,"rn:R05223",NA,NA,NA,"line",NA,NA,"#FFB3CC","#FFFFFF",0,"01100"
"entry4846","1964","mya:MORIYA_2532","gene","http://www.kegg.jp/dbget-bin/www_bget?mya:MORIYA_2532",NA,"rn:R00662",NA,NA,NA,"line",NA,NA,"#FF8080","#FFFFFF",0,"01100"
"entry4847","1965","mya:MORIYA_0127","gene","http://www.kegg.jp/dbget-bin/www_bget?mya:MORIYA_0127",NA,"rn:R01655",NA,NA,NA,"line",NA,NA,"#B3B3E6","#FFFFFF",0,"01100"
"entry4848","1966","mya:MORIYA_0127","gene","http://www.kegg.jp/dbget-bin/www_bget?mya:MORIYA_0127",NA,"rn:R01220",NA,NA,NA,"line",NA,NA,"#B3B3E6","#FFFFFF",0,"01100"
"entry4849","1967","mya:MORIYA_1686","gene","http://www.kegg.jp/dbget-bin/www_bget?mya:MORIYA_1686",NA,"rn:R00943",NA,NA,NA,"line",NA,NA,"#B3B3E6","#FFFFFF",0,"01100"
"entry4850","1977","mya:MORIYA_3008","gene","http://www.kegg.jp/dbget-bin/www_bget?mya:MORIYA_3008",NA,"rn:R00416",NA,NA,NA,"line",NA,NA,"#B3B3E6","#FFFFFF",0,"01100"
"entry4851","1985","mya:MORIYA_2090","gene","http://www.kegg.jp/dbget-bin/www_bget?mya:MORIYA_2090",NA,"rn:R01825",NA,NA,NA,"line",NA,NA,"#FFB3CC","#FFFFFF",0,"01100"
"entry4852","1990","mya:MORIYA_1054","gene","http://www.kegg.jp/dbget-bin/www_bget?mya:MORIYA_1054",NA,"rn:R01078",NA,NA,NA,"line",NA,NA,"#FFB3CC","#FFFFFF",0,"01100"
"entry4853","1991","mya:MORIYA_1051","gene","http://www.kegg.jp/dbget-bin/www_bget?mya:MORIYA_1051",NA,"rn:R03182",NA,NA,NA,"line",NA,NA,"#FFB3CC","#FFFFFF",0,"01100"
"entry4854","1992","mya:MORIYA_1053","gene","http://www.kegg.jp/dbget-bin/www_bget?mya:MORIYA_1053",NA,"rn:R03210",NA,NA,NA,"line",NA,NA,"#FFB3CC","#FFFFFF",0,"01100"
"entry4855","1995","mya:MORIYA_2475","gene","http://www.kegg.jp/dbget-bin/www_bget?mya:MORIYA_2475",NA,"rn:R00894",NA,NA,NA,"line",NA,NA,"#FF9900","#FFFFFF",0,"01100"
"entry4856","2005","mya:MORIYA_3547","gene","http://www.kegg.jp/dbget-bin/www_bget?mya:MORIYA_3547",NA,"rn:R05605",NA,NA,NA,"line",NA,NA,"#6C63F6","#FFFFFF",0,"01100"
"entry4857","2007","mya:MORIYA_2088","gene","http://www.kegg.jp/dbget-bin/www_bget?mya:MORIYA_2088",NA,"rn:R01070",NA,NA,NA,"line",NA,NA,"#6C63F6","#FFFFFF",0,"01100"
"entry4858","2009","mya:MORIYA_2089","gene","http://www.kegg.jp/dbget-bin/www_bget?mya:MORIYA_2089",NA,"rn:R01512",NA,NA,NA,"line",NA,NA,"#6C63F6","#FFFFFF",0,"01100"
"entry4859","2010","mya:MORIYA_4336","gene","http://www.kegg.jp/dbget-bin/www_bget?mya:MORIYA_4336",NA,"rn:R01528 rn:R10221",NA,NA,NA,"line",NA,NA,"#6C63F6","#FFFFFF",0,"01100"
"entry4860","2011","mya:MORIYA_0277","gene","http://www.kegg.jp/dbget-bin/www_bget?mya:MORIYA_0277",NA,"rn:R02035",NA,NA,NA,"line",NA,NA,"#6C63F6","#FFFFFF",0,"01100"
"entry4861","2018","mya:MORIYA_3314 / mya:MORIYA_3707","gene","http://www.kegg.jp/dbget-bin/www_bget?mya:MORIYA_3314+mya:MORIYA_3707",NA,"rn:R00286",NA,NA,NA,"line",NA,NA,"#B3B3E6","#FFFFFF",0,"01100"
"entry4862","2029","mya:MORIYA_0687","gene","http://www.kegg.jp/dbget-bin/www_bget?mya:MORIYA_0687",NA,"rn:R02421",NA,NA,NA,"line",NA,NA,"#B3B3E6","#FFFFFF",0,"01100"
"entry4863","2031","mya:MORIYA_3708","gene","http://www.kegg.jp/dbget-bin/www_bget?mya:MORIYA_3708",NA,"rn:R01385",NA,NA,NA,"line",NA,NA,"#B3B3E6","#FFFFFF",0,"01100"
"entry4864","2036","mya:MORIYA_1735 / mya:MORIYA_1886","gene","http://www.kegg.jp/dbget-bin/www_bget?mya:MORIYA_1735+mya:MORIYA_1886",NA,"rn:R00768",NA,NA,NA,"line",NA,NA,"#B3B3E6","#FFFFFF",0,"01100"
"entry4865","2037","mya:MORIYA_2756","gene","http://www.kegg.jp/dbget-bin/www_bget?mya:MORIYA_2756",NA,"rn:R03191 rn:R03192",NA,NA,NA,"line",NA,NA,"#B3B3E6","#FFFFFF",0,"01100"
"entry4866","2038","mya:MORIYA_3669 / mya:MORIYA_4243","gene","http://www.kegg.jp/dbget-bin/www_bget?mya:MORIYA_3669+mya:MORIYA_4243",NA,"rn:R00414",NA,NA,NA,"line",NA,NA,"#B3B3E6","#FFFFFF",0,"01100"
"entry4867","2055","mya:MORIYA_1640","gene","http://www.kegg.jp/dbget-bin/www_bget?mya:MORIYA_1640",NA,"rn:R01388 rn:R01392",NA,NA,NA,"line",NA,NA,"#B3B3E6","#FFFFFF",0,"01100"
"entry4868","2061","mya:MORIYA_0910 / mya:MORIYA_1649 / mya:MORIYA_1954 / mya:MORIYA_2961","gene","http://www.kegg.jp/dbget-bin/www_bget?mya:MORIYA_0910+mya:MORIYA_1649+mya:MORIYA_1954+mya:MORIYA_2961",NA,"rn:R03045",NA,NA,NA,"line",NA,NA,"#B3B3E6","#FFFFFF",0,"01100"
"entry4869","2077","mya:MORIYA_2834","gene","http://www.kegg.jp/dbget-bin/www_bget?mya:MORIYA_2834",NA,"rn:R01954",NA,NA,NA,"line",NA,NA,"#FFCC66","#FFFFFF",0,"01100"
"entry4870","2079","mya:MORIYA_0010","gene","http://www.kegg.jp/dbget-bin/www_bget?mya:MORIYA_0010",NA,"rn:R00713 rn:R00714",NA,NA,NA,"line",NA,NA,"#FFCC66","#FFFFFF",0,"01100"
"entry4871","2080","mya:MORIYA_2085","gene","http://www.kegg.jp/dbget-bin/www_bget?mya:MORIYA_2085",NA,"rn:R01513",NA,NA,NA,"line",NA,NA,"#FFCC66","#FFFFFF",0,"01100"
"entry4872","2081","mya:MORIYA_0381 / mya:MORIYA_2856","gene","http://www.kegg.jp/dbget-bin/www_bget?mya:MORIYA_0381+mya:MORIYA_2856",NA,"rn:R04173",NA,NA,NA,"line",NA,NA,"#FFCC66","#FFFFFF",0,"01100"
"entry4873","2082","mya:MORIYA_2102 / mya:MORIYA_2481 / mya:MORIYA_2841","gene","http://www.kegg.jp/dbget-bin/www_bget?mya:MORIYA_2102+mya:MORIYA_2481+mya:MORIYA_2841",NA,"rn:R00480",NA,NA,NA,"line",NA,NA,"#FFCC66","#FFFFFF",0,"01100"
"entry4874","2083","mya:MORIYA_2102 / mya:MORIYA_2841","gene","http://www.kegg.jp/dbget-bin/www_bget?mya:MORIYA_2102+mya:MORIYA_2841",NA,"rn:R01773 rn:R01775",NA,NA,NA,"line",NA,NA,"#FFCC66","#FFFFFF",0,"01100"
"entry4875","2084","mya:MORIYA_2101","gene","http://www.kegg.jp/dbget-bin/www_bget?mya:MORIYA_2101",NA,"rn:R01771",NA,NA,NA,"line",NA,NA,"#FFCC66","#FFFFFF",0,"01100"
"entry4876","2085","mya:MORIYA_2100","gene","http://www.kegg.jp/dbget-bin/www_bget?mya:MORIYA_2100",NA,"rn:R01466",NA,NA,NA,"line",NA,NA,"#FFCC66","#FFFFFF",0,"01100"
"entry4877","2086","mya:MORIYA_0604","gene","http://www.kegg.jp/dbget-bin/www_bget?mya:MORIYA_0604",NA,"rn:R06977",NA,NA,NA,"line",NA,NA,"#FFCC66","#FFFFFF",0,"01100"
"entry4878","2089","mya:MORIYA_3338","gene","http://www.kegg.jp/dbget-bin/www_bget?mya:MORIYA_3338",NA,"rn:R01776",NA,NA,NA,"line",NA,NA,"#FFCC66","#FFFFFF",0,"01100"
"entry4879","2092","mya:MORIYA_3338","gene","http://www.kegg.jp/dbget-bin/www_bget?mya:MORIYA_3338",NA,"rn:R01777",NA,NA,NA,"line",NA,NA,"#FFCC66","#FFFFFF",0,"01100"
"entry4880","2096","mya:MORIYA_3854","gene","http://www.kegg.jp/dbget-bin/www_bget?mya:MORIYA_3854",NA,"rn:R00177",NA,NA,NA,"line",NA,NA,"#FFCC66","#FFFFFF",0,"01100"
"entry4881","2097","mya:MORIYA_3915","gene","http://www.kegg.jp/dbget-bin/www_bget?mya:MORIYA_3915",NA,"rn:R00194",NA,NA,NA,"line",NA,NA,"#FFCC66","#FFFFFF",0,"01100"
"entry4882","2104","mya:MORIYA_0064","gene","http://www.kegg.jp/dbget-bin/www_bget?mya:MORIYA_0064",NA,"rn:R00178",NA,NA,NA,"line",NA,NA,"#FFCC66","#FFFFFF",0,"01100"
"entry4883","2105","mya:MORIYA_3188","gene","http://www.kegg.jp/dbget-bin/www_bget?mya:MORIYA_3188",NA,"rn:R00586",NA,NA,NA,"line",NA,NA,"#FFCC66","#FFFFFF",0,"01100"
"entry4884","2113","mya:MORIYA_2126","gene","http://www.kegg.jp/dbget-bin/www_bget?mya:MORIYA_2126",NA,"rn:R04198 rn:R04199",NA,NA,NA,"line",NA,NA,"#FFCC66","#FFFFFF",0,"01100"
"entry4885","2114","mya:MORIYA_3354 / mya:MORIYA_3896","gene","http://www.kegg.jp/dbget-bin/www_bget?mya:MORIYA_3354+mya:MORIYA_3896",NA,"rn:R10147",NA,NA,NA,"line",NA,NA,"#FFCC66","#FFFFFF",0,"01100"
"entry4886","2120","mya:MORIYA_0578 / mya:MORIYA_1031 / mya:MORIYA_3305 / mya:MORIYA_4305","gene","http://www.kegg.jp/dbget-bin/www_bget?mya:MORIYA_0578+mya:MORIYA_1031+mya:MORIYA_3305+mya:MORIYA_4305",NA,"rn:R01933",NA,NA,NA,"line",NA,NA,"#FFCC66","#FFFFFF",0,"01100"
"entry4887","2124","mya:MORIYA_3488","gene","http://www.kegg.jp/dbget-bin/www_bget?mya:MORIYA_3488",NA,"rn:R04444 rn:R04445",NA,NA,NA,"line",NA,NA,"#FFCC66","#FFFFFF",0,"01100"
"entry4888","2125","mya:MORIYA_2835","gene","http://www.kegg.jp/dbget-bin/www_bget?mya:MORIYA_2835",NA,"rn:R01398",NA,NA,NA,"line",NA,NA,"#FFCC66","#FFFFFF",0,"01100"
"entry4889","2127","mya:MORIYA_2833","gene","http://www.kegg.jp/dbget-bin/www_bget?mya:MORIYA_2833",NA,"rn:R01086",NA,NA,NA,"line",NA,NA,"#FFCC66","#FFFFFF",0,"01100"
"entry4890","2133","mya:MORIYA_0842","gene","http://www.kegg.jp/dbget-bin/www_bget?mya:MORIYA_0842",NA,"rn:R01071",NA,NA,NA,"line",NA,NA,"#FFCC66","#FFFFFF",0,"01100"
"entry4891","2137","mya:MORIYA_0846 / mya:MORIYA_0847","gene","http://www.kegg.jp/dbget-bin/www_bget?mya:MORIYA_0846+mya:MORIYA_0847",NA,"rn:R04558",NA,NA,NA,"line",NA,NA,"#FFCC66","#FFFFFF",0,"01100"
"entry4892","2138","mya:MORIYA_0845","gene","http://www.kegg.jp/dbget-bin/www_bget?mya:MORIYA_0845",NA,"rn:R03013",NA,NA,NA,"line",NA,NA,"#FFCC66","#FFFFFF",0,"01100"
"entry4893","2139","mya:MORIYA_0843","gene","http://www.kegg.jp/dbget-bin/www_bget?mya:MORIYA_0843",NA,"rn:R01163",NA,NA,NA,"line",NA,NA,"#FFCC66","#FFFFFF",0,"01100"
"entry4894","2141","mya:MORIYA_0296 / mya:MORIYA_2758 / mya:MORIYA_3903","gene","http://www.kegg.jp/dbget-bin/www_bget?mya:MORIYA_0296+mya:MORIYA_2758+mya:MORIYA_3903",NA,"rn:R01826",NA,NA,NA,"line",NA,NA,"#FFCC66","#FFFFFF",0,"01100"
"entry4895","2143","mya:MORIYA_3365","gene","http://www.kegg.jp/dbget-bin/www_bget?mya:MORIYA_3365",NA,"rn:R03083",NA,NA,NA,"line",NA,NA,"#FFCC66","#FFFFFF",0,"01100"
"entry4896","2144","mya:MORIYA_2600","gene","http://www.kegg.jp/dbget-bin/www_bget?mya:MORIYA_2600",NA,"rn:R03084",NA,NA,NA,"line",NA,NA,"#FFCC66","#FFFFFF",0,"01100"
"entry4897","2145","mya:MORIYA_3646","gene","http://www.kegg.jp/dbget-bin/www_bget?mya:MORIYA_3646",NA,"rn:R00582 rn:R12342 rn:R12344",NA,NA,NA,"line",NA,NA,"#FFCC66","#FFFFFF",0,"01100"
"entry4898","2146","mya:MORIYA_3364","gene","http://www.kegg.jp/dbget-bin/www_bget?mya:MORIYA_3364",NA,"rn:R02412",NA,NA,NA,"line",NA,NA,"#FFCC66","#FFFFFF",0,"01100"
"entry4899","2147","mya:MORIYA_0383","gene","http://www.kegg.jp/dbget-bin/www_bget?mya:MORIYA_0383",NA,"rn:R03460",NA,NA,NA,"line",NA,NA,"#FFCC66","#FFFFFF",0,"01100"
"entry4900","2148","mya:MORIYA_1907","gene","http://www.kegg.jp/dbget-bin/www_bget?mya:MORIYA_1907",NA,"rn:R00985 rn:R00986",NA,NA,NA,"line",NA,NA,"#FFCC66","#FFFFFF",0,"01100"
"entry4901","2150","mya:MORIYA_1910","gene","http://www.kegg.jp/dbget-bin/www_bget?mya:MORIYA_1910",NA,"rn:R03509",NA,NA,NA,"line",NA,NA,"#FFCC66","#FFFFFF",0,"01100"
"entry4902","2151","mya:MORIYA_1910","gene","http://www.kegg.jp/dbget-bin/www_bget?mya:MORIYA_1910",NA,"rn:R03508",NA,NA,NA,"line",NA,NA,"#FFCC66","#FFFFFF",0,"01100"
"entry4903","2152","mya:MORIYA_3904 / mya:MORIYA_3905","gene","http://www.kegg.jp/dbget-bin/www_bget?mya:MORIYA_3904+mya:MORIYA_3905",NA,"rn:R01715",NA,NA,NA,"line",NA,NA,"#FFCC66","#FFFFFF",0,"01100"
"entry4904","2153","mya:MORIYA_0345 / mya:MORIYA_0382 / mya:MORIYA_0844","gene","http://www.kegg.jp/dbget-bin/www_bget?mya:MORIYA_0345+mya:MORIYA_0382+mya:MORIYA_0844",NA,"rn:R00688 rn:R00689 rn:R00692 rn:R00694",NA,NA,NA,"line",NA,NA,"#FFCC66","#FFFFFF",0,"01100"
"entry4905","2154","mya:MORIYA_3904","gene","http://www.kegg.jp/dbget-bin/www_bget?mya:MORIYA_3904",NA,"rn:R01728 rn:R01730",NA,NA,NA,"line",NA,NA,"#FFCC66","#FFFFFF",0,"01100"
"entry4906","2155","mya:MORIYA_3115","gene","http://www.kegg.jp/dbget-bin/www_bget?mya:MORIYA_3115",NA,"rn:R02521",NA,NA,NA,"line",NA,NA,"#FFCC66","#FFFFFF",0,"01100"
"entry4907","2158","mya:MORIYA_3114","gene","http://www.kegg.jp/dbget-bin/www_bget?mya:MORIYA_3114",NA,"rn:R02519",NA,NA,NA,"line",NA,NA,"#FFCC66","#FFFFFF",0,"01100"
"entry4908","2164","mya:MORIYA_0030 / mya:MORIYA_3181","gene","http://www.kegg.jp/dbget-bin/www_bget?mya:MORIYA_0030+mya:MORIYA_3181",NA,"rn:R04880",NA,NA,NA,"line",NA,NA,"#FFCC66","#FFFFFF",0,"01100"
"entry4909","2180","mya:MORIYA_0546","gene","http://www.kegg.jp/dbget-bin/www_bget?mya:MORIYA_0546",NA,"rn:R02678 rn:R02681",NA,NA,NA,"line",NA,NA,"#FFCC66","#FFFFFF",0,"01100"
"entry4910","2181","mya:MORIYA_0546","gene","http://www.kegg.jp/dbget-bin/www_bget?mya:MORIYA_0546",NA,"rn:R04903 rn:R04904",NA,NA,NA,"line",NA,NA,"#FFCC66","#FFFFFF",0,"01100"
"entry4911","2182","mya:MORIYA_0632 / mya:MORIYA_1064 / mya:MORIYA_2641","gene","http://www.kegg.jp/dbget-bin/www_bget?mya:MORIYA_0632+mya:MORIYA_1064+mya:MORIYA_2641",NA,"rn:R00483 rn:R00485 rn:R00578",NA,NA,NA,"line",NA,NA,"#FFCC66","#FFFFFF",0,"01100"
"entry4912","2183","mya:MORIYA_2400","gene","http://www.kegg.jp/dbget-bin/www_bget?mya:MORIYA_2400",NA,"rn:R03313",NA,NA,NA,"line",NA,NA,"#FFCC66","#FFFFFF",0,"01100"
"entry4913","2184","mya:MORIYA_2401","gene","http://www.kegg.jp/dbget-bin/www_bget?mya:MORIYA_2401",NA,"rn:R00239",NA,NA,NA,"line",NA,NA,"#FFCC66","#FFFFFF",0,"01100"
"entry4914","2185","mya:MORIYA_2836","gene","http://www.kegg.jp/dbget-bin/www_bget?mya:MORIYA_2836",NA,"rn:R02649",NA,NA,NA,"line",NA,NA,"#FFCC66","#FFFFFF",0,"01100"
"entry4915","2186","mya:MORIYA_2837","gene","http://www.kegg.jp/dbget-bin/www_bget?mya:MORIYA_2837",NA,"rn:R03443",NA,NA,NA,"line",NA,NA,"#FFCC66","#FFFFFF",0,"01100"
"entry4916","2187","mya:MORIYA_2654","gene","http://www.kegg.jp/dbget-bin/www_bget?mya:MORIYA_2654",NA,"rn:R02283",NA,NA,NA,"line",NA,NA,"#FFCC66","#FFFFFF",0,"01100"
"entry4917","2195","mya:MORIYA_3915","gene","http://www.kegg.jp/dbget-bin/www_bget?mya:MORIYA_3915",NA,"rn:R01401",NA,NA,NA,"line",NA,NA,"#FFCC66","#FFFFFF",0,"01100"
"entry4918","2196","mya:MORIYA_0345","gene","http://www.kegg.jp/dbget-bin/www_bget?mya:MORIYA_0345",NA,"rn:R00648 rn:R07396 rn:R12055",NA,NA,NA,"line",NA,NA,"#FFCC66","#FFFFFF",0,"01100"
"entry4919","2197","mya:MORIYA_1279","gene","http://www.kegg.jp/dbget-bin/www_bget?mya:MORIYA_1279",NA,"rn:R02285 rn:R02287",NA,NA,NA,"line",NA,NA,"#FFCC66","#FFFFFF",0,"01100"
"entry4920","2199","mya:MORIYA_2591","gene","http://www.kegg.jp/dbget-bin/www_bget?mya:MORIYA_2591",NA,"rn:R00490",NA,NA,NA,"line",NA,NA,"#FFCC66","#FFFFFF",0,"01100"
"entry4921","2200","mya:MORIYA_1278","gene","http://www.kegg.jp/dbget-bin/www_bget?mya:MORIYA_1278",NA,"rn:R02288",NA,NA,NA,"line",NA,NA,"#FFCC66","#FFFFFF",0,"01100"
"entry4922","2201","mya:MORIYA_1280","gene","http://www.kegg.jp/dbget-bin/www_bget?mya:MORIYA_1280",NA,"rn:R02914",NA,NA,NA,"line",NA,NA,"#FFCC66","#FFFFFF",0,"01100"
"entry4923","2202","mya:MORIYA_0335 / mya:MORIYA_3339","gene","http://www.kegg.jp/dbget-bin/www_bget?mya:MORIYA_0335+mya:MORIYA_3339",NA,"rn:R00650 rn:R00946 rn:R02821 rn:R04405",NA,NA,NA,"line",NA,NA,"#FFCC66","#FFFFFF",0,"01100"
"entry4924","2203","mya:MORIYA_2914","gene","http://www.kegg.jp/dbget-bin/www_bget?mya:MORIYA_2914",NA,"rn:R00996",NA,NA,NA,"line",NA,NA,"#FFCC66","#FFFFFF",0,"01100"
"entry4925","2205","mya:MORIYA_2413 / mya:MORIYA_2414 / mya:MORIYA_2921 / mya:MORIYA_2922","gene","http://www.kegg.jp/dbget-bin/www_bget?mya:MORIYA_2413+mya:MORIYA_2414+mya:MORIYA_2921+mya:MORIYA_2922",NA,"rn:R08648",NA,NA,NA,"line",NA,NA,"#FFCC66","#FFFFFF",0,"01100"
"entry4926","2207","mya:MORIYA_2919","gene","http://www.kegg.jp/dbget-bin/www_bget?mya:MORIYA_2919",NA,"rn:R05070",NA,NA,NA,"line",NA,NA,"#FFCC66","#FFFFFF",0,"01100"
"entry4927","2208","mya:MORIYA_0498 / mya:MORIYA_2920","gene","http://www.kegg.jp/dbget-bin/www_bget?mya:MORIYA_0498+mya:MORIYA_2920",NA,"rn:R02196 rn:R02197 rn:R02199",NA,NA,NA,"line",NA,NA,"#FFCC66","#FFFFFF",0,"01100"
"entry4928","2209","mya:MORIYA_2413 / mya:MORIYA_2414 / mya:MORIYA_2921 / mya:MORIYA_2922","gene","http://www.kegg.jp/dbget-bin/www_bget?mya:MORIYA_2413+mya:MORIYA_2414+mya:MORIYA_2921+mya:MORIYA_2922",NA,"rn:R00226",NA,NA,NA,"line",NA,NA,"#FFCC66","#FFFFFF",0,"01100"
"entry4929","2210","mya:MORIYA_2419 / mya:MORIYA_2715","gene","http://www.kegg.jp/dbget-bin/www_bget?mya:MORIYA_2419+mya:MORIYA_2715",NA,"rn:R01213",NA,NA,NA,"line",NA,NA,"#FFCC66","#FFFFFF",0,"01100"
"entry4930","2211","mya:MORIYA_0421 / mya:MORIYA_0422","gene","http://www.kegg.jp/dbget-bin/www_bget?mya:MORIYA_0421+mya:MORIYA_0422",NA,"rn:R03968 rn:R04001",NA,NA,NA,"line",NA,NA,"#FFCC66","#FFFFFF",0,"01100"
"entry4931","2212","mya:MORIYA_2420","gene","http://www.kegg.jp/dbget-bin/www_bget?mya:MORIYA_2420",NA,"rn:R04426",NA,NA,NA,"line",NA,NA,"#FFCC66","#FFFFFF",0,"01100"
"entry4932","2213","mya:MORIYA_0498 / mya:MORIYA_2920","gene","http://www.kegg.jp/dbget-bin/www_bget?mya:MORIYA_0498+mya:MORIYA_2920",NA,"rn:R01088 rn:R01090",NA,NA,NA,"line",NA,NA,"#FFCC66","#FFFFFF",0,"01100"
"entry4933","2214","mya:MORIYA_0498 / mya:MORIYA_2920 / mya:MORIYA_2977 / mya:MORIYA_4090","gene","http://www.kegg.jp/dbget-bin/www_bget?mya:MORIYA_0498+mya:MORIYA_2920+mya:MORIYA_2977+mya:MORIYA_4090",NA,"rn:R01214 rn:R01215 rn:R01434",NA,NA,NA,"line",NA,NA,"#FFCC66","#FFFFFF",0,"01100"
"entry4934","2215","mya:MORIYA_0169 / mya:MORIYA_1281","gene","http://www.kegg.jp/dbget-bin/www_bget?mya:MORIYA_0169+mya:MORIYA_1281",NA,"rn:R01168",NA,NA,NA,"line",NA,NA,"#FFCC66","#FFFFFF",0,"01100"
"entry4935","2216","mya:MORIYA_2860","gene","http://www.kegg.jp/dbget-bin/www_bget?mya:MORIYA_2860",NA,"rn:R02413 rn:R02415 rn:R06847",NA,NA,NA,"line",NA,NA,"#FFCC66","#FFFFFF",0,"01100"
"entry4936","2218","mya:MORIYA_1650 / mya:MORIYA_2962","gene","http://www.kegg.jp/dbget-bin/www_bget?mya:MORIYA_1650+mya:MORIYA_2962",NA,"rn:R00927",NA,NA,NA,"line",NA,NA,"#FFCC66","#FFFFFF",0,"01100"
"entry4937","2219","mya:MORIYA_0910 / mya:MORIYA_1649 / mya:MORIYA_1954 / mya:MORIYA_2961","gene","http://www.kegg.jp/dbget-bin/www_bget?mya:MORIYA_0910+mya:MORIYA_1649+mya:MORIYA_1954+mya:MORIYA_2961",NA,"rn:R04204",NA,NA,NA,"line",NA,NA,"#FFCC66","#FFFFFF",0,"01100"
"entry4938","2220","mya:MORIYA_0532 / mya:MORIYA_2639","gene","http://www.kegg.jp/dbget-bin/www_bget?mya:MORIYA_0532+mya:MORIYA_2639",NA,"rn:R03172",NA,NA,NA,"line",NA,NA,"#FFCC66","#FFFFFF",0,"01100"
"entry4939","2222","mya:MORIYA_0481 / mya:MORIYA_0532 / mya:MORIYA_2639","gene","http://www.kegg.jp/dbget-bin/www_bget?mya:MORIYA_0481+mya:MORIYA_0532+mya:MORIYA_2639",NA,"rn:R04095",NA,NA,NA,"line",NA,NA,"#FFCC66","#FFFFFF",0,"01100"
"entry4940","2223","mya:MORIYA_0478 / mya:MORIYA_0480","gene","http://www.kegg.jp/dbget-bin/www_bget?mya:MORIYA_0478+mya:MORIYA_0480",NA,"rn:R04138",NA,NA,NA,"line",NA,NA,"#FFCC66","#FFFFFF",0,"01100"
"entry4941","2224","mya:MORIYA_0479 / mya:MORIYA_2637","gene","http://www.kegg.jp/dbget-bin/www_bget?mya:MORIYA_0479+mya:MORIYA_2637",NA,"rn:R02085",NA,NA,NA,"line",NA,NA,"#FFCC66","#FFFFFF",0,"01100"
"entry4942","2226","mya:MORIYA_2906","gene","http://www.kegg.jp/dbget-bin/www_bget?mya:MORIYA_2906",NA,"rn:R05068 rn:R05069",NA,NA,NA,"line",NA,NA,"#FFCC66","#FFFFFF",0,"01100"
"entry4943","2229","mya:MORIYA_3905","gene","http://www.kegg.jp/dbget-bin/www_bget?mya:MORIYA_3905",NA,"rn:R01373",NA,NA,NA,"line",NA,NA,"#FFCC66","#FFFFFF",0,"01100"
"entry4944","2230","mya:MORIYA_2791","gene","http://www.kegg.jp/dbget-bin/www_bget?mya:MORIYA_2791",NA,"rn:R01287 rn:R02026",NA,NA,NA,"line",NA,NA,"#FFCC66","#FFFFFF",0,"01100"
"entry4945","2234","mya:MORIYA_0532 / mya:MORIYA_2234 / mya:MORIYA_2639","gene","http://www.kegg.jp/dbget-bin/www_bget?mya:MORIYA_0532+mya:MORIYA_2234+mya:MORIYA_2639",NA,"rn:R01278 rn:R01279",NA,NA,NA,"line",NA,NA,"#80CCCC","#FFFFFF",0,"01100"
"entry4946","2235","mya:MORIYA_0910 / mya:MORIYA_1649 / mya:MORIYA_1954 / mya:MORIYA_2961","gene","http://www.kegg.jp/dbget-bin/www_bget?mya:MORIYA_0910+mya:MORIYA_1649+mya:MORIYA_1954+mya:MORIYA_2961",NA,"rn:R04738",NA,NA,NA,"line",NA,NA,"#80CCCC","#FFFFFF",0,"01100"
"entry4947","2236","mya:MORIYA_0910 / mya:MORIYA_1649 / mya:MORIYA_2961","gene","http://www.kegg.jp/dbget-bin/www_bget?mya:MORIYA_0910+mya:MORIYA_1649+mya:MORIYA_2961",NA,"rn:R04737",NA,NA,NA,"line",NA,NA,"#80CCCC","#FFFFFF",0,"01100"
"entry4948","2237","mya:MORIYA_0532 / mya:MORIYA_2234 / mya:MORIYA_2639","gene","http://www.kegg.jp/dbget-bin/www_bget?mya:MORIYA_0532+mya:MORIYA_2234+mya:MORIYA_2639",NA,"rn:R03989 rn:R03990",NA,NA,NA,"line",NA,NA,"#80CCCC","#FFFFFF",0,"01100"
"entry4949","2238","mya:MORIYA_0910 / mya:MORIYA_1649 / mya:MORIYA_1954 / mya:MORIYA_2961","gene","http://www.kegg.jp/dbget-bin/www_bget?mya:MORIYA_0910+mya:MORIYA_1649+mya:MORIYA_1954+mya:MORIYA_2961",NA,"rn:R04740",NA,NA,NA,"line",NA,NA,"#80CCCC","#FFFFFF",0,"01100"
"entry4950","2239","mya:MORIYA_0910 / mya:MORIYA_1649 / mya:MORIYA_2961","gene","http://www.kegg.jp/dbget-bin/www_bget?mya:MORIYA_0910+mya:MORIYA_1649+mya:MORIYA_2961",NA,"rn:R04739",NA,NA,NA,"line",NA,NA,"#80CCCC","#FFFFFF",0,"01100"
"entry4951","2240","mya:MORIYA_1650 / mya:MORIYA_2962","gene","http://www.kegg.jp/dbget-bin/www_bget?mya:MORIYA_1650+mya:MORIYA_2962",NA,"rn:R03858",NA,NA,NA,"line",NA,NA,"#80CCCC","#FFFFFF",0,"01100"
"entry4952","2242","mya:MORIYA_0532 / mya:MORIYA_2234 / mya:MORIYA_2639","gene","http://www.kegg.jp/dbget-bin/www_bget?mya:MORIYA_0532+mya:MORIYA_2234+mya:MORIYA_2639",NA,"rn:R03856 rn:R03857",NA,NA,NA,"line",NA,NA,"#80CCCC","#FFFFFF",0,"01100"
"entry4953","2243","mya:MORIYA_0910 / mya:MORIYA_1649 / mya:MORIYA_1954 / mya:MORIYA_2961","gene","http://www.kegg.jp/dbget-bin/www_bget?mya:MORIYA_0910+mya:MORIYA_1649+mya:MORIYA_1954+mya:MORIYA_2961",NA,"rn:R04170",NA,NA,NA,"line",NA,NA,"#80CCCC","#FFFFFF",0,"01100"
"entry4954","2244","mya:MORIYA_0910 / mya:MORIYA_1649 / mya:MORIYA_2961","gene","http://www.kegg.jp/dbget-bin/www_bget?mya:MORIYA_0910+mya:MORIYA_1649+mya:MORIYA_2961",NA,"rn:R04741",NA,NA,NA,"line",NA,NA,"#80CCCC","#FFFFFF",0,"01100"
"entry4955","2245","mya:MORIYA_1650 / mya:MORIYA_2962","gene","http://www.kegg.jp/dbget-bin/www_bget?mya:MORIYA_1650+mya:MORIYA_2962",NA,"rn:R04742",NA,NA,NA,"line",NA,NA,"#80CCCC","#FFFFFF",0,"01100"
"entry4956","2247","mya:MORIYA_0532 / mya:MORIYA_2234 / mya:MORIYA_2639","gene","http://www.kegg.jp/dbget-bin/www_bget?mya:MORIYA_0532+mya:MORIYA_2234+mya:MORIYA_2639",NA,"rn:R04753 rn:R04754",NA,NA,NA,"line",NA,NA,"#80CCCC","#FFFFFF",0,"01100"
"entry4957","2248","mya:MORIYA_0910 / mya:MORIYA_1649 / mya:MORIYA_1954 / mya:MORIYA_2961","gene","http://www.kegg.jp/dbget-bin/www_bget?mya:MORIYA_0910+mya:MORIYA_1649+mya:MORIYA_1954+mya:MORIYA_2961",NA,"rn:R04744",NA,NA,NA,"line",NA,NA,"#80CCCC","#FFFFFF",0,"01100"
"entry4958","2249","mya:MORIYA_0910 / mya:MORIYA_1649 / mya:MORIYA_2961","gene","http://www.kegg.jp/dbget-bin/www_bget?mya:MORIYA_0910+mya:MORIYA_1649+mya:MORIYA_2961",NA,"rn:R04743",NA,NA,NA,"line",NA,NA,"#80CCCC","#FFFFFF",0,"01100"
"entry4959","2250","mya:MORIYA_1650 / mya:MORIYA_2962","gene","http://www.kegg.jp/dbget-bin/www_bget?mya:MORIYA_1650+mya:MORIYA_2962",NA,"rn:R03778",NA,NA,NA,"line",NA,NA,"#80CCCC","#FFFFFF",0,"01100"
"entry4960","2252","mya:MORIYA_0532 / mya:MORIYA_2234 / mya:MORIYA_2639","gene","http://www.kegg.jp/dbget-bin/www_bget?mya:MORIYA_0532+mya:MORIYA_2234+mya:MORIYA_2639",NA,"rn:R03776 rn:R03777",NA,NA,NA,"line",NA,NA,"#80CCCC","#FFFFFF",0,"01100"
"entry4961","2253","mya:MORIYA_0910 / mya:MORIYA_1649 / mya:MORIYA_1954 / mya:MORIYA_2961","gene","http://www.kegg.jp/dbget-bin/www_bget?mya:MORIYA_0910+mya:MORIYA_1649+mya:MORIYA_1954+mya:MORIYA_2961",NA,"rn:R04746",NA,NA,NA,"line",NA,NA,"#80CCCC","#FFFFFF",0,"01100"
"entry4962","2254","mya:MORIYA_0910 / mya:MORIYA_1649 / mya:MORIYA_2961","gene","http://www.kegg.jp/dbget-bin/www_bget?mya:MORIYA_0910+mya:MORIYA_1649+mya:MORIYA_2961",NA,"rn:R04745",NA,NA,NA,"line",NA,NA,"#80CCCC","#FFFFFF",0,"01100"
"entry4963","2255","mya:MORIYA_1650 / mya:MORIYA_2962","gene","http://www.kegg.jp/dbget-bin/www_bget?mya:MORIYA_1650+mya:MORIYA_2962",NA,"rn:R04747",NA,NA,NA,"line",NA,NA,"#80CCCC","#FFFFFF",0,"01100"
"entry4964","2257","mya:MORIYA_0532 / mya:MORIYA_2234 / mya:MORIYA_2639","gene","http://www.kegg.jp/dbget-bin/www_bget?mya:MORIYA_0532+mya:MORIYA_2234+mya:MORIYA_2639",NA,"rn:R04751 rn:R06985",NA,NA,NA,"line",NA,NA,"#80CCCC","#FFFFFF",0,"01100"
"entry4965","2258","mya:MORIYA_0910 / mya:MORIYA_1649 / mya:MORIYA_1954 / mya:MORIYA_2961","gene","http://www.kegg.jp/dbget-bin/www_bget?mya:MORIYA_0910+mya:MORIYA_1649+mya:MORIYA_1954+mya:MORIYA_2961",NA,"rn:R04749",NA,NA,NA,"line",NA,NA,"#80CCCC","#FFFFFF",0,"01100"
"entry4966","2259","mya:MORIYA_0910 / mya:MORIYA_1649 / mya:MORIYA_2961","gene","http://www.kegg.jp/dbget-bin/www_bget?mya:MORIYA_0910+mya:MORIYA_1649+mya:MORIYA_2961",NA,"rn:R04748",NA,NA,NA,"line",NA,NA,"#80CCCC","#FFFFFF",0,"01100"
"entry4967","2260","mya:MORIYA_0911 / mya:MORIYA_1650 / mya:MORIYA_2903 / mya:MORIYA_2962","gene","http://www.kegg.jp/dbget-bin/www_bget?mya:MORIYA_0911+mya:MORIYA_1650+mya:MORIYA_2903+mya:MORIYA_2962",NA,"rn:R01177",NA,NA,NA,"line",NA,NA,"#80CCCC","#FFFFFF",0,"01100"
"entry4968","2262","mya:MORIYA_0532 / mya:MORIYA_0893 / mya:MORIYA_2234 / mya:MORIYA_2639","gene","http://www.kegg.jp/dbget-bin/www_bget?mya:MORIYA_0532+mya:MORIYA_0893+mya:MORIYA_2234+mya:MORIYA_2639",NA,"rn:R01171 rn:R01175",NA,NA,NA,"line",NA,NA,"#80CCCC","#FFFFFF",0,"01100"
"entry4969","2263","mya:MORIYA_0910 / mya:MORIYA_1649 / mya:MORIYA_1954 / mya:MORIYA_2961","gene","http://www.kegg.jp/dbget-bin/www_bget?mya:MORIYA_0910+mya:MORIYA_1649+mya:MORIYA_1954+mya:MORIYA_2961",NA,"rn:R03026",NA,NA,NA,"line",NA,NA,"#80CCCC","#FFFFFF",0,"01100"
"entry4970","2264","mya:MORIYA_0910 / mya:MORIYA_1649 / mya:MORIYA_2961","gene","http://www.kegg.jp/dbget-bin/www_bget?mya:MORIYA_0910+mya:MORIYA_1649+mya:MORIYA_2961",NA,"rn:R01975 rn:R01976",NA,NA,NA,"line",NA,NA,"#80CCCC","#FFFFFF",0,"01100"
"entry4971","2265","mya:MORIYA_0893","gene","http://www.kegg.jp/dbget-bin/www_bget?mya:MORIYA_0893",NA,"rn:R04969 rn:R04970",NA,NA,NA,"line",NA,NA,"#80CCCC","#FFFFFF",0,"01100"
"entry4972","2266","mya:MORIYA_0742 / mya:MORIYA_3601","gene","http://www.kegg.jp/dbget-bin/www_bget?mya:MORIYA_0742+mya:MORIYA_3601",NA,"rn:R04544",NA,NA,NA,"line",NA,NA,"#80CCCC","#FFFFFF",0,"01100"
"entry4973","2267","mya:MORIYA_0176 / mya:MORIYA_0964 / mya:MORIYA_0987","gene","http://www.kegg.jp/dbget-bin/www_bget?mya:MORIYA_0176+mya:MORIYA_0964+mya:MORIYA_0987",NA,"rn:R04543",NA,NA,NA,"line",NA,NA,"#80CCCC","#FFFFFF",0,"01100"
"entry4974","2268","mya:MORIYA_0113 / mya:MORIYA_0174 / mya:MORIYA_0177 / mya:MORIYA_0962","gene","http://www.kegg.jp/dbget-bin/www_bget?mya:MORIYA_0113+mya:MORIYA_0174+mya:MORIYA_0177+mya:MORIYA_0962",NA,"rn:R04968",NA,NA,NA,"line",NA,NA,"#80CCCC","#FFFFFF",0,"01100"
"entry4975","2270","mya:MORIYA_0893","gene","http://www.kegg.jp/dbget-bin/www_bget?mya:MORIYA_0893",NA,"rn:R04966 rn:R04967",NA,NA,NA,"line",NA,NA,"#80CCCC","#FFFFFF",0,"01100"
"entry4976","2271","mya:MORIYA_0742 / mya:MORIYA_3601","gene","http://www.kegg.jp/dbget-bin/www_bget?mya:MORIYA_0742+mya:MORIYA_3601",NA,"rn:R04568",NA,NA,NA,"line",NA,NA,"#80CCCC","#FFFFFF",0,"01100"
"entry4977","2272","mya:MORIYA_0176 / mya:MORIYA_0964 / mya:MORIYA_0987","gene","http://www.kegg.jp/dbget-bin/www_bget?mya:MORIYA_0176+mya:MORIYA_0964+mya:MORIYA_0987",NA,"rn:R04566",NA,NA,NA,"line",NA,NA,"#80CCCC","#FFFFFF",0,"01100"
"entry4978","2273","mya:MORIYA_0113 / mya:MORIYA_0174 / mya:MORIYA_0177 / mya:MORIYA_0962","gene","http://www.kegg.jp/dbget-bin/www_bget?mya:MORIYA_0113+mya:MORIYA_0174+mya:MORIYA_0177+mya:MORIYA_0962",NA,"rn:R04726",NA,NA,NA,"line",NA,NA,"#80CCCC","#FFFFFF",0,"01100"
"entry4979","2275","mya:MORIYA_0893","gene","http://www.kegg.jp/dbget-bin/www_bget?mya:MORIYA_0893",NA,"rn:R04724 rn:R04725",NA,NA,NA,"line",NA,NA,"#80CCCC","#FFFFFF",0,"01100"
"entry4980","2276","mya:MORIYA_0742 / mya:MORIYA_3601","gene","http://www.kegg.jp/dbget-bin/www_bget?mya:MORIYA_0742+mya:MORIYA_3601",NA,"rn:R04965",NA,NA,NA,"line",NA,NA,"#80CCCC","#FFFFFF",0,"01100"
"entry4981","2277","mya:MORIYA_0176 / mya:MORIYA_0964 / mya:MORIYA_0987","gene","http://www.kegg.jp/dbget-bin/www_bget?mya:MORIYA_0176+mya:MORIYA_0964+mya:MORIYA_0987",NA,"rn:R04964",NA,NA,NA,"line",NA,NA,"#80CCCC","#FFFFFF",0,"01100"
"entry4982","2278","mya:MORIYA_0113 / mya:MORIYA_0174 / mya:MORIYA_0177 / mya:MORIYA_0962","gene","http://www.kegg.jp/dbget-bin/www_bget?mya:MORIYA_0113+mya:MORIYA_0174+mya:MORIYA_0177+mya:MORIYA_0962",NA,"rn:R04963",NA,NA,NA,"line",NA,NA,"#80CCCC","#FFFFFF",0,"01100"
"entry4983","2280","mya:MORIYA_0893","gene","http://www.kegg.jp/dbget-bin/www_bget?mya:MORIYA_0893",NA,"rn:R04961 rn:R04962",NA,NA,NA,"line",NA,NA,"#80CCCC","#FFFFFF",0,"01100"
"entry4984","2281","mya:MORIYA_0742 / mya:MORIYA_3601","gene","http://www.kegg.jp/dbget-bin/www_bget?mya:MORIYA_0742+mya:MORIYA_3601",NA,"rn:R04535",NA,NA,NA,"line",NA,NA,"#80CCCC","#FFFFFF",0,"01100"
"entry4985","2282","mya:MORIYA_0176 / mya:MORIYA_0964 / mya:MORIYA_0987","gene","http://www.kegg.jp/dbget-bin/www_bget?mya:MORIYA_0176+mya:MORIYA_0964+mya:MORIYA_0987",NA,"rn:R04534",NA,NA,NA,"line",NA,NA,"#80CCCC","#FFFFFF",0,"01100"
"entry4986","2283","mya:MORIYA_0113 / mya:MORIYA_0174 / mya:MORIYA_0177 / mya:MORIYA_0962","gene","http://www.kegg.jp/dbget-bin/www_bget?mya:MORIYA_0113+mya:MORIYA_0174+mya:MORIYA_0177+mya:MORIYA_0962",NA,"rn:R04960",NA,NA,NA,"line",NA,NA,"#80CCCC","#FFFFFF",0,"01100"
"entry4987","2285","mya:MORIYA_0893","gene","http://www.kegg.jp/dbget-bin/www_bget?mya:MORIYA_0893",NA,"rn:R04958 rn:R04959",NA,NA,NA,"line",NA,NA,"#80CCCC","#FFFFFF",0,"01100"
"entry4988","2286","mya:MORIYA_0742 / mya:MORIYA_3601","gene","http://www.kegg.jp/dbget-bin/www_bget?mya:MORIYA_0742+mya:MORIYA_3601",NA,"rn:R04537",NA,NA,NA,"line",NA,NA,"#80CCCC","#FFFFFF",0,"01100"
"entry4989","2287","mya:MORIYA_0176 / mya:MORIYA_0964 / mya:MORIYA_0987","gene","http://www.kegg.jp/dbget-bin/www_bget?mya:MORIYA_0176+mya:MORIYA_0964+mya:MORIYA_0987",NA,"rn:R04536",NA,NA,NA,"line",NA,NA,"#80CCCC","#FFFFFF",0,"01100"
"entry4990","2288","mya:MORIYA_0113 / mya:MORIYA_0174 / mya:MORIYA_0177 / mya:MORIYA_0962","gene","http://www.kegg.jp/dbget-bin/www_bget?mya:MORIYA_0113+mya:MORIYA_0174+mya:MORIYA_0177+mya:MORIYA_0962",NA,"rn:R04957",NA,NA,NA,"line",NA,NA,"#80CCCC","#FFFFFF",0,"01100"
"entry4991","2290","mya:MORIYA_0893","gene","http://www.kegg.jp/dbget-bin/www_bget?mya:MORIYA_0893",NA,"rn:R04955 rn:R04956",NA,NA,NA,"line",NA,NA,"#80CCCC","#FFFFFF",0,"01100"
"entry4992","2291","mya:MORIYA_0742 / mya:MORIYA_3601","gene","http://www.kegg.jp/dbget-bin/www_bget?mya:MORIYA_0742+mya:MORIYA_3601",NA,"rn:R04954",NA,NA,NA,"line",NA,NA,"#80CCCC","#FFFFFF",0,"01100"
"entry4993","2292","mya:MORIYA_0176 / mya:MORIYA_0964 / mya:MORIYA_0987","gene","http://www.kegg.jp/dbget-bin/www_bget?mya:MORIYA_0176+mya:MORIYA_0964+mya:MORIYA_0987",NA,"rn:R04953",NA,NA,NA,"line",NA,NA,"#80CCCC","#FFFFFF",0,"01100"
"entry4994","2293","mya:MORIYA_0113 / mya:MORIYA_0174 / mya:MORIYA_0177 / mya:MORIYA_0962","gene","http://www.kegg.jp/dbget-bin/www_bget?mya:MORIYA_0113+mya:MORIYA_0174+mya:MORIYA_0177+mya:MORIYA_0962",NA,"rn:R04952",NA,NA,NA,"line",NA,NA,"#80CCCC","#FFFFFF",0,"01100"
"entry4995","2295","mya:MORIYA_0893","gene","http://www.kegg.jp/dbget-bin/www_bget?mya:MORIYA_0893",NA,"rn:R04429 rn:R04430",NA,NA,NA,"line",NA,NA,"#80CCCC","#FFFFFF",0,"01100"
"entry4996","2296","mya:MORIYA_0742 / mya:MORIYA_3601","gene","http://www.kegg.jp/dbget-bin/www_bget?mya:MORIYA_0742+mya:MORIYA_3601",NA,"rn:R04428",NA,NA,NA,"line",NA,NA,"#80CCCC","#FFFFFF",0,"01100"
"entry4997","2297","mya:MORIYA_0176 / mya:MORIYA_0964 / mya:MORIYA_0987","gene","http://www.kegg.jp/dbget-bin/www_bget?mya:MORIYA_0176+mya:MORIYA_0964+mya:MORIYA_0987",NA,"rn:R04533",NA,NA,NA,"line",NA,NA,"#80CCCC","#FFFFFF",0,"01100"
"entry4998","2298","mya:MORIYA_0113 / mya:MORIYA_0174 / mya:MORIYA_0177 / mya:MORIYA_0962","gene","http://www.kegg.jp/dbget-bin/www_bget?mya:MORIYA_0113+mya:MORIYA_0174+mya:MORIYA_0177+mya:MORIYA_0962",NA,"rn:R04355",NA,NA,NA,"line",NA,NA,"#80CCCC","#FFFFFF",0,"01100"
"entry4999","2301","mya:MORIYA_0815 / mya:MORIYA_1076 / mya:MORIYA_1574 / mya:MORIYA_2416 / mya:MORIYA_3629","gene","http://www.kegg.jp/dbget-bin/www_bget?mya:MORIYA_0815+mya:MORIYA_1076+mya:MORIYA_1574+mya:MORIYA_2416+mya:MORIYA_3629",NA,"rn:R01274 rn:R01280",NA,NA,NA,"line",NA,NA,"#80CCCC","#FFFFFF",0,"01100"
"entry5000","2302","mya:MORIYA_0477","gene","http://www.kegg.jp/dbget-bin/www_bget?mya:MORIYA_0477",NA,"rn:R01360",NA,NA,NA,"line",NA,NA,"#80CCCC","#FFFFFF",0,"01100"
"entry5001","2304","mya:MORIYA_3596","gene","http://www.kegg.jp/dbget-bin/www_bget?mya:MORIYA_3596",NA,"rn:R05688",NA,NA,NA,"line",NA,NA,"#9EE284","#FFFFFF",0,"01100"
"entry5002","2305","mya:MORIYA_2528","gene","http://www.kegg.jp/dbget-bin/www_bget?mya:MORIYA_2528",NA,"rn:R05633",NA,NA,NA,"line",NA,NA,"#9EE284","#FFFFFF",0,"01100"
"entry5003","2306","mya:MORIYA_3561","gene","http://www.kegg.jp/dbget-bin/www_bget?mya:MORIYA_3561",NA,"rn:R05634",NA,NA,NA,"line",NA,NA,"#9EE284","#FFFFFF",0,"01100"
"entry5004","2307","mya:MORIYA_2527","gene","http://www.kegg.jp/dbget-bin/www_bget?mya:MORIYA_2527",NA,"rn:R05637",NA,NA,NA,"line",NA,NA,"#9EE284","#FFFFFF",0,"01100"
"entry5005","2308","mya:MORIYA_2300","gene","http://www.kegg.jp/dbget-bin/www_bget?mya:MORIYA_2300",NA,"rn:R08689 rn:R10859",NA,NA,NA,"line",NA,NA,"#9EE284","#FFFFFF",0,"01100"
"entry5006","2309","mya:MORIYA_2489","gene","http://www.kegg.jp/dbget-bin/www_bget?mya:MORIYA_2489",NA,"rn:R05884",NA,NA,NA,"line",NA,NA,"#9EE284","#FFFFFF",0,"01100"
"entry5007","2398","mya:MORIYA_3497","gene","http://www.kegg.jp/dbget-bin/www_bget?mya:MORIYA_3497",NA,"rn:R01523",NA,NA,NA,"line",NA,NA,"#CC99FF","#FFFFFF",0,"01100"
"entry5008","2399","mya:MORIYA_2084","gene","http://www.kegg.jp/dbget-bin/www_bget?mya:MORIYA_2084",NA,"rn:R01056",NA,NA,NA,"line",NA,NA,"#CC99FF","#FFFFFF",0,"01100"
"entry5009","2400","mya:MORIYA_3858","gene","http://www.kegg.jp/dbget-bin/www_bget?mya:MORIYA_3858",NA,"rn:R01641",NA,NA,NA,"line",NA,NA,"#CC99FF","#FFFFFF",0,"01100"
"entry5010","2402","mya:MORIYA_2088","gene","http://www.kegg.jp/dbget-bin/www_bget?mya:MORIYA_2088",NA,"rn:R01829",NA,NA,NA,"line",NA,NA,"#CC99FF","#FFFFFF",0,"01100"
"entry5011","2403","mya:MORIYA_3858","gene","http://www.kegg.jp/dbget-bin/www_bget?mya:MORIYA_3858",NA,"rn:R00761 rn:R01067",NA,NA,NA,"line",NA,NA,"#CC99FF","#FFFFFF",0,"01100"
"entry5012","2404","mya:MORIYA_1419 / mya:MORIYA_1658 / mya:MORIYA_2759","gene","http://www.kegg.jp/dbget-bin/www_bget?mya:MORIYA_1419+mya:MORIYA_1658+mya:MORIYA_2759",NA,"rn:R00762 rn:R00756 rn:R05805",NA,NA,NA,"line",NA,NA,"#CC99FF","#FFFFFF",0,"01100"
"entry5013","2405","mya:MORIYA_1495 / mya:MORIYA_4102 / mya:MORIYA_4105","gene","http://www.kegg.jp/dbget-bin/www_bget?mya:MORIYA_1495+mya:MORIYA_4102+mya:MORIYA_4105",NA,"rn:R01061 rn:R01063",NA,NA,NA,"line",NA,NA,"#CC99FF","#FFFFFF",0,"01100"
"entry5014","2406","mya:MORIYA_2089","gene","http://www.kegg.jp/dbget-bin/www_bget?mya:MORIYA_2089",NA,"rn:R01512",NA,NA,NA,"line",NA,NA,"#CC99FF","#FFFFFF",0,"01100"
"entry5015","2408","mya:MORIYA_3368","gene","http://www.kegg.jp/dbget-bin/www_bget?mya:MORIYA_3368",NA,"rn:R01529",NA,NA,NA,"line",NA,NA,"#CC99FF","#FFFFFF",0,"01100"
"entry5016","2409","mya:MORIYA_2844","gene","http://www.kegg.jp/dbget-bin/www_bget?mya:MORIYA_2844",NA,"rn:R00214 rn:R00216",NA,NA,NA,"line",NA,NA,"#CC99FF","#FFFFFF",0,"01100"
"entry5017","2412","mya:MORIYA_2839","gene","http://www.kegg.jp/dbget-bin/www_bget?mya:MORIYA_2839",NA,"rn:R00345",NA,NA,NA,"line",NA,NA,"#CC99FF","#FFFFFF",0,"01100"
"entry5018","2418","mya:MORIYA_4230","gene","http://www.kegg.jp/dbget-bin/www_bget?mya:MORIYA_4230",NA,"rn:R00134 rn:R00519 rn:R10797",NA,NA,NA,"line",NA,NA,"#CC99FF","#FFFFFF",0,"01100"
"entry5019","2422","mya:MORIYA_2691","gene","http://www.kegg.jp/dbget-bin/www_bget?mya:MORIYA_2691",NA,"rn:R00341",NA,NA,NA,"line",NA,NA,"#CC99FF","#FFFFFF",0,"01100"
"entry5020","2426","mya:MORIYA_4051","gene","http://www.kegg.jp/dbget-bin/www_bget?mya:MORIYA_4051",NA,"rn:R01993",NA,NA,NA,"line",NA,NA,"#FF8080","#FFFFFF",0,"01100"
"entry5021","2427","mya:MORIYA_0735","gene","http://www.kegg.jp/dbget-bin/www_bget?mya:MORIYA_0735",NA,"rn:R01867 rn:R01868 rn:R01869",NA,NA,NA,"line",NA,NA,"#FF8080","#FFFFFF",0,"01100"
"entry5022","2428","mya:MORIYA_3592","gene","http://www.kegg.jp/dbget-bin/www_bget?mya:MORIYA_3592",NA,"rn:R00155 rn:R00158",NA,NA,NA,"line",NA,NA,"#FF8080","#FFFFFF",0,"01100"
"entry5023","2429","mya:MORIYA_2304","gene","http://www.kegg.jp/dbget-bin/www_bget?mya:MORIYA_2304",NA,"rn:R00156 rn:R00159",NA,NA,NA,"line",NA,NA,"#FF8080","#FFFFFF",0,"01100"
"entry5024","2430","mya:MORIYA_0617 / mya:MORIYA_2531","gene","http://www.kegg.jp/dbget-bin/www_bget?mya:MORIYA_0617+mya:MORIYA_2531",NA,"rn:R00571 rn:R00573 rn:R00568",NA,NA,NA,"line",NA,NA,"#FF8080","#FFFFFF",0,"01100"
"entry5025","2431","mya:MORIYA_2304","gene","http://www.kegg.jp/dbget-bin/www_bget?mya:MORIYA_2304",NA,"rn:R00569 rn:R00570",NA,NA,NA,"line",NA,NA,"#FF8080","#FFFFFF",0,"01100"
"entry5026","2432","mya:MORIYA_0384","gene","http://www.kegg.jp/dbget-bin/www_bget?mya:MORIYA_0384",NA,"rn:R00512 rn:R00514",NA,NA,NA,"line",NA,NA,"#FF8080","#FFFFFF",0,"01100"
"entry5027","2433","mya:MORIYA_0616 / mya:MORIYA_0673 / mya:MORIYA_0949 / mya:MORIYA_3735","gene","http://www.kegg.jp/dbget-bin/www_bget?mya:MORIYA_0616+mya:MORIYA_0673+mya:MORIYA_0949+mya:MORIYA_3735",NA,"rn:R00511 rn:R00513 rn:R00516 rn:R00517 rn:R00962 rn:R01548 rn:R02091 rn:R02096 rn:R02371 rn:R02372",NA,NA,NA,"line",NA,NA,"#FF8080","#FFFFFF",0,"01100"
"entry5028","2434","mya:MORIYA_0616 / mya:MORIYA_0673 / mya:MORIYA_0949 / mya:MORIYA_3735","gene","http://www.kegg.jp/dbget-bin/www_bget?mya:MORIYA_0616+mya:MORIYA_0673+mya:MORIYA_0949+mya:MORIYA_3735",NA,"rn:R00963 rn:R00964 rn:R00967 rn:R00968 rn:R00970 rn:R01549 rn:R01880 rn:R02097 rn:R02327 rn:R02332",NA,NA,NA,"line",NA,NA,"#FF8080","#FFFFFF",0,"01100"
"entry5029","2435","mya:MORIYA_0367 / mya:MORIYA_0611","gene","http://www.kegg.jp/dbget-bin/www_bget?mya:MORIYA_0367+mya:MORIYA_0611",NA,"rn:R01878",NA,NA,NA,"line",NA,NA,"#FF8080","#FFFFFF",0,"01100"
"entry5030","2436","mya:MORIYA_0273 / mya:MORIYA_0413","gene","http://www.kegg.jp/dbget-bin/www_bget?mya:MORIYA_0273+mya:MORIYA_0413",NA,"rn:R01080 rn:R01876",NA,NA,NA,"line",NA,NA,"#FF8080","#FFFFFF",0,"01100"
"entry5031","2438","mya:MORIYA_0413","gene","http://www.kegg.jp/dbget-bin/www_bget?mya:MORIYA_0413",NA,"rn:R02137 rn:R02296",NA,NA,NA,"line",NA,NA,"#FF8080","#FFFFFF",0,"01100"
"entry5032","2439","mya:MORIYA_1645","gene","http://www.kegg.jp/dbget-bin/www_bget?mya:MORIYA_1645",NA,"rn:R02022 rn:R11636",NA,NA,NA,"line",NA,NA,"#FF8080","#FFFFFF",0,"01100"
"entry5033","2440","mya:MORIYA_1177 / mya:MORIYA_1178","gene","http://www.kegg.jp/dbget-bin/www_bget?mya:MORIYA_1177+mya:MORIYA_1178",NA,"rn:R02024",NA,NA,NA,"line",NA,NA,"#FF8080","#FFFFFF",0,"01100"
"entry5034","2441","mya:MORIYA_0617","gene","http://www.kegg.jp/dbget-bin/www_bget?mya:MORIYA_0617",NA,"rn:R02325",NA,NA,NA,"line",NA,NA,"#FF8080","#FFFFFF",0,"01100"
"entry5035","2442","mya:MORIYA_2500","gene","http://www.kegg.jp/dbget-bin/www_bget?mya:MORIYA_2500",NA,"rn:R02101",NA,NA,NA,"line",NA,NA,"#FF8080","#FFFFFF",0,"01100"
"entry5036","2443","mya:MORIYA_2304","gene","http://www.kegg.jp/dbget-bin/www_bget?mya:MORIYA_2304",NA,"rn:R02093 rn:R02095",NA,NA,NA,"line",NA,NA,"#FF8080","#FFFFFF",0,"01100"
"entry5037","2444","mya:MORIYA_2304","gene","http://www.kegg.jp/dbget-bin/www_bget?mya:MORIYA_2304",NA,"rn:R02326",NA,NA,NA,"line",NA,NA,"#FF8080","#FFFFFF",0,"01100"
"entry5038","2445","mya:MORIYA_0389","gene","http://www.kegg.jp/dbget-bin/www_bget?mya:MORIYA_0389",NA,"rn:R00965",NA,NA,NA,"line",NA,NA,"#FF8080","#FFFFFF",0,"01100"
"entry5039","2452","mya:MORIYA_0397 / mya:MORIYA_0673 / mya:MORIYA_0949 / mya:MORIYA_3735 / mya:MORIYA_4087","gene","http://www.kegg.jp/dbget-bin/www_bget?mya:MORIYA_0397+mya:MORIYA_0673+mya:MORIYA_0949+mya:MORIYA_3735+mya:MORIYA_4087",NA,"rn:R01567 rn:R01569",NA,NA,NA,"line",NA,NA,"#FF8080","#FFFFFF",0,"01100"
"entry5040","2453","mya:MORIYA_0413 / mya:MORIYA_3640","gene","http://www.kegg.jp/dbget-bin/www_bget?mya:MORIYA_0413+mya:MORIYA_3640",NA,"rn:R01570 rn:R02806",NA,NA,NA,"line",NA,NA,"#FF8080","#FFFFFF",0,"01100"
"entry5041","2456","mya:MORIYA_0026","gene","http://www.kegg.jp/dbget-bin/www_bget?mya:MORIYA_0026",NA,"rn:R00494",NA,NA,NA,"line",NA,NA,"#FF9900","#FFFFFF",0,"01100"
"entry5042","2459","mya:MORIYA_3386","gene","http://www.kegg.jp/dbget-bin/www_bget?mya:MORIYA_3386",NA,"rn:R01579",NA,NA,NA,"line",NA,NA,"#FF9900","#FFFFFF",0,"01100"
"entry5043","2460","mya:MORIYA_3343","gene","http://www.kegg.jp/dbget-bin/www_bget?mya:MORIYA_3343",NA,"rn:R03595",NA,NA,NA,"line",NA,NA,"#FF9900","#FFFFFF",0,"01100"
"entry5044","2463","mya:MORIYA_1338 / mya:MORIYA_2357 / mya:MORIYA_2610","gene","http://www.kegg.jp/dbget-bin/www_bget?mya:MORIYA_1338+mya:MORIYA_2357+mya:MORIYA_2610",NA,"rn:R04152",NA,NA,NA,"line",NA,NA,"#FF9900","#FFFFFF",0,"01100"
"entry5045","2472","mya:MORIYA_2609","gene","http://www.kegg.jp/dbget-bin/www_bget?mya:MORIYA_2609",NA,"rn:R00747",NA,NA,NA,"line",NA,NA,"#FF9900","#FFFFFF",0,"01100"
"entry5046","2473","mya:MORIYA_1550","gene","http://www.kegg.jp/dbget-bin/www_bget?mya:MORIYA_1550",NA,"rn:R07859 rn:R07860",NA,NA,NA,"line",NA,NA,"#80CCB3","#FFFFFF",0,"01100"
"entry5047","2474","mya:MORIYA_1550","gene","http://www.kegg.jp/dbget-bin/www_bget?mya:MORIYA_1550",NA,"rn:R07064",NA,NA,NA,"line",NA,NA,"#80CCB3","#FFFFFF",0,"01100"
"entry5048","2475","mya:MORIYA_4123","gene","http://www.kegg.jp/dbget-bin/www_bget?mya:MORIYA_4123",NA,"rn:R01801",NA,NA,NA,"line",NA,NA,"#80CCB3","#FFFFFF",0,"01100"
"entry5049","2476","mya:MORIYA_3595","gene","http://www.kegg.jp/dbget-bin/www_bget?mya:MORIYA_3595",NA,"rn:R01799",NA,NA,NA,"line",NA,NA,"#80CCB3","#FFFFFF",0,"01100"
"entry5050","2477","mya:MORIYA_3352","gene","http://www.kegg.jp/dbget-bin/www_bget?mya:MORIYA_3352",NA,"rn:R02241",NA,NA,NA,"line",NA,NA,"#80CCB3","#FFFFFF",0,"01100"
"entry5051","2478","mya:MORIYA_2469 / mya:MORIYA_3172","gene","http://www.kegg.jp/dbget-bin/www_bget?mya:MORIYA_2469+mya:MORIYA_3172",NA,"rn:R00851 rn:R12241",NA,NA,NA,"line",NA,NA,"#80CCB3","#FFFFFF",0,"01100"
"entry5052","2479","mya:MORIYA_4076","gene","http://www.kegg.jp/dbget-bin/www_bget?mya:MORIYA_4076",NA,"rn:R01800",NA,NA,NA,"line",NA,NA,"#80CCB3","#FFFFFF",0,"01100"
"entry5053","2480","mya:MORIYA_2576","gene","http://www.kegg.jp/dbget-bin/www_bget?mya:MORIYA_2576",NA,"rn:R02055 rn:R07376",NA,NA,NA,"line",NA,NA,"#80CCB3","#FFFFFF",0,"01100"
"entry5054","2496","mya:MORIYA_3435","gene","http://www.kegg.jp/dbget-bin/www_bget?mya:MORIYA_3435",NA,"rn:R04311",NA,NA,NA,"line",NA,NA,"#80CCB3","#FFFFFF",0,"01100"
"entry5055","2501","mya:MORIYA_1550","gene","http://www.kegg.jp/dbget-bin/www_bget?mya:MORIYA_1550",NA,"rn:R03438 rn:R07387",NA,NA,NA,"line",NA,NA,"#80CCB3","#FFFFFF",0,"01100"
"entry5056","2505","mya:MORIYA_1550","gene","http://www.kegg.jp/dbget-bin/www_bget?mya:MORIYA_1550",NA,"rn:R04413 rn:R07379",NA,NA,NA,"line",NA,NA,"#80CCB3","#FFFFFF",0,"01100"
"entry5057","2556","mya:MORIYA_1550","gene","http://www.kegg.jp/dbget-bin/www_bget?mya:MORIYA_1550",NA,"rn:R01317",NA,NA,NA,"line",NA,NA,"#80CCB3","#FFFFFF",0,"01100"
"entry5058","2568","mya:MORIYA_1650 / mya:MORIYA_2962","gene","http://www.kegg.jp/dbget-bin/www_bget?mya:MORIYA_1650+mya:MORIYA_2962",NA,"rn:R07891",NA,NA,NA,"line",NA,NA,"#80CCB3","#FFFFFF",0,"01100"
"entry5059","2572","mya:MORIYA_1650 / mya:MORIYA_2962","gene","http://www.kegg.jp/dbget-bin/www_bget?mya:MORIYA_1650+mya:MORIYA_2962",NA,"rn:R07899",NA,NA,NA,"line",NA,NA,"#80CCB3","#FFFFFF",0,"01100"
"entry5060","2575","mya:MORIYA_3297","gene","http://www.kegg.jp/dbget-bin/www_bget?mya:MORIYA_3297",NA,"rn:R03348",NA,NA,NA,"line",NA,NA,"#FFB3CC","#FFFFFF",0,"01100"
"entry5061","2576","mya:MORIYA_1874 / mya:MORIYA_2388","gene","http://www.kegg.jp/dbget-bin/www_bget?mya:MORIYA_1874+mya:MORIYA_2388",NA,"rn:R03004 rn:R03005",NA,NA,NA,"line",NA,NA,"#FFB3CC","#FFFFFF",0,"01100"
"entry5062","2577","mya:MORIYA_3017","gene","http://www.kegg.jp/dbget-bin/www_bget?mya:MORIYA_3017",NA,"rn:R00189 rn:R00257",NA,NA,NA,"line",NA,NA,"#FFB3CC","#FFFFFF",0,"01100"
"entry5063","2581","mya:MORIYA_0343 / mya:MORIYA_0344 / mya:MORIYA_3757","gene","http://www.kegg.jp/dbget-bin/www_bget?mya:MORIYA_0343+mya:MORIYA_0344+mya:MORIYA_3757",NA,"rn:R00104 rn:R00112",NA,NA,NA,"line",NA,NA,"#FFB3CC","#FFFFFF",0,"01100"
"entry5064","2588","mya:MORIYA_0561 / mya:MORIYA_0572 / mya:MORIYA_0588 / mya:MORIYA_1058 / mya:MORIYA_3729 / mya:MORIYA_4219","gene","http://www.kegg.jp/dbget-bin/www_bget?mya:MORIYA_0561+mya:MORIYA_0572+mya:MORIYA_0588+mya:MORIYA_1058+mya:MORIYA_3729+mya:MORIYA_4219",NA,"rn:R02250 rn:R02251 rn:R05333",NA,NA,NA,"line",NA,NA,"#80CCB3","#FFFFFF",0,"01100"
"entry5065","2594","mya:MORIYA_3723","gene","http://www.kegg.jp/dbget-bin/www_bget?mya:MORIYA_3723",NA,"rn:R01658",NA,NA,NA,"line",NA,NA,"#9EE284","#FFFFFF",0,"01100"
"entry5066","2613","mya:MORIYA_3723","gene","http://www.kegg.jp/dbget-bin/www_bget?mya:MORIYA_3723",NA,"rn:R02003",NA,NA,NA,"line",NA,NA,"#9EE284","#FFFFFF",0,"01100"
"entry5067","2615","mya:MORIYA_2566 / mya:MORIYA_2793","gene","http://www.kegg.jp/dbget-bin/www_bget?mya:MORIYA_2566+mya:MORIYA_2793",NA,"rn:R01122",NA,NA,NA,"line",NA,NA,"#9EE284","#FFFFFF",0,"01100"
"entry5068","2686","mya:MORIYA_3287","gene","http://www.kegg.jp/dbget-bin/www_bget?mya:MORIYA_3287",NA,"rn:R04587",NA,NA,NA,"line",NA,NA,"#99CCFF","#FFFFFF",0,"01100"
"entry5069","2687","mya:MORIYA_3600","gene","http://www.kegg.jp/dbget-bin/www_bget?mya:MORIYA_3600",NA,"rn:R04550",NA,NA,NA,"line",NA,NA,"#99CCFF","#FFFFFF",0,"01100"
"entry5070","2688","mya:MORIYA_0123","gene","http://www.kegg.jp/dbget-bin/www_bget?mya:MORIYA_0123",NA,"rn:R04549",NA,NA,NA,"line",NA,NA,"#99CCFF","#FFFFFF",0,"01100"
"entry5071","2689","mya:MORIYA_1045","gene","http://www.kegg.jp/dbget-bin/www_bget?mya:MORIYA_1045",NA,"rn:R04657",NA,NA,NA,"line",NA,NA,"#99CCFF","#FFFFFF",0,"01100"
"entry5072","2690","mya:MORIYA_3163","gene","http://www.kegg.jp/dbget-bin/www_bget?mya:MORIYA_3163",NA,"rn:R05074",NA,NA,NA,"line",NA,NA,"#99CCFF","#FFFFFF",0,"01100"
"entry5073","2692","mya:MORIYA_3406","gene","http://www.kegg.jp/dbget-bin/www_bget?mya:MORIYA_3406",NA,"rn:R05146",NA,NA,NA,"line",NA,NA,"#99CCFF","#FFFFFF",0,"01100"
"entry5074","2693","mya:MORIYA_0634","gene","http://www.kegg.jp/dbget-bin/www_bget?mya:MORIYA_0634",NA,"rn:R05075",NA,NA,NA,"line",NA,NA,"#99CCFF","#FFFFFF",0,"01100"
"entry5075","2694","mya:MORIYA_3163 / mya:MORIYA_3698","gene","http://www.kegg.jp/dbget-bin/www_bget?mya:MORIYA_3163+mya:MORIYA_3698",NA,NA,NA,NA,NA,"line",NA,NA,"#99CCFF","#FFFFFF",0,"01100"
"entry5076","2697","mya:MORIYA_3168","gene","http://www.kegg.jp/dbget-bin/www_bget?mya:MORIYA_3168",NA,"rn:R05644",NA,NA,NA,"line",NA,NA,"#99CCFF","#FFFFFF",0,"01100"
"entry5077","2698","mya:MORIYA_2343","gene","http://www.kegg.jp/dbget-bin/www_bget?mya:MORIYA_2343",NA,"rn:R05647",NA,NA,NA,"line",NA,NA,"#99CCFF","#FFFFFF",0,"01100"
"entry5078","2699","mya:MORIYA_3168","gene","http://www.kegg.jp/dbget-bin/www_bget?mya:MORIYA_3168",NA,"rn:R05646",NA,NA,NA,"line",NA,NA,"#99CCFF","#FFFFFF",0,"01100"
"entry5079","2700","mya:MORIYA_3163","gene","http://www.kegg.jp/dbget-bin/www_bget?mya:MORIYA_3163",NA,"rn:R04658",NA,NA,NA,"line",NA,NA,"#99CCFF","#FFFFFF",0,"01100"
"entry5080","2702","mya:MORIYA_3282","gene","http://www.kegg.jp/dbget-bin/www_bget?mya:MORIYA_3282",NA,"rn:R03193",NA,NA,NA,"line",NA,NA,"#99CCFF","#FFFFFF",0,"01100"
"entry5081","2703","mya:MORIYA_3279","gene","http://www.kegg.jp/dbget-bin/www_bget?mya:MORIYA_3279",NA,"rn:R02783",NA,NA,NA,"line",NA,NA,"#99CCFF","#FFFFFF",0,"01100"
"entry5082","2705","mya:MORIYA_3277","gene","http://www.kegg.jp/dbget-bin/www_bget?mya:MORIYA_3277",NA,"rn:R04573",NA,NA,NA,"line",NA,NA,"#99CCFF","#FFFFFF",0,"01100"
"entry5083","2706","mya:MORIYA_3278","gene","http://www.kegg.jp/dbget-bin/www_bget?mya:MORIYA_3278",NA,"rn:R05629",NA,NA,NA,"line",NA,NA,"#99CCFF","#FFFFFF",0,"01100"
"entry5084","2707","mya:MORIYA_3281","gene","http://www.kegg.jp/dbget-bin/www_bget?mya:MORIYA_3281",NA,"rn:R05662",NA,NA,NA,"line",NA,NA,"#99CCFF","#FFFFFF",0,"01100"
"entry5085","2710","mya:MORIYA_2395 / mya:MORIYA_3358","gene","http://www.kegg.jp/dbget-bin/www_bget?mya:MORIYA_2395+mya:MORIYA_3358",NA,NA,NA,NA,NA,"line",NA,NA,"#99CCFF","#FFFFFF",0,"01100"
"entry5086","2811","mya:MORIYA_0030 / mya:MORIYA_3181","gene","http://www.kegg.jp/dbget-bin/www_bget?mya:MORIYA_0030+mya:MORIYA_3181",NA,"rn:R05233",NA,NA,NA,"line",NA,NA,"#DA8E82","#FFFFFF",0,"01100"
"entry5087","2812","mya:MORIYA_0546","gene","http://www.kegg.jp/dbget-bin/www_bget?mya:MORIYA_0546",NA,"rn:R05237",NA,NA,NA,"line",NA,NA,"#DA8E82","#FFFFFF",0,"01100"
"entry5088","2815","mya:MORIYA_0030 / mya:MORIYA_3181","gene","http://www.kegg.jp/dbget-bin/www_bget?mya:MORIYA_0030+mya:MORIYA_3181",NA,"rn:R05234",NA,NA,NA,"line",NA,NA,"#DA8E82","#FFFFFF",0,"01100"
"entry5089","2816","mya:MORIYA_0546","gene","http://www.kegg.jp/dbget-bin/www_bget?mya:MORIYA_0546",NA,"rn:R05238",NA,NA,NA,"line",NA,NA,"#DA8E82","#FFFFFF",0,"01100"
"entry5090","2825","mya:MORIYA_0546","gene","http://www.kegg.jp/dbget-bin/www_bget?mya:MORIYA_0546",NA,"rn:R05286",NA,NA,NA,"line",NA,NA,"#DA8E82","#FFFFFF",0,"01100"
"entry5091","2897","mya:MORIYA_2554","gene","http://www.kegg.jp/dbget-bin/www_bget?mya:MORIYA_2554",NA,"rn:R03470",NA,NA,NA,"line",NA,NA,"#DA8E82","#FFFFFF",0,"01100"
"entry5092","2912","mya:MORIYA_4073","gene","http://www.kegg.jp/dbget-bin/www_bget?mya:MORIYA_4073",NA,"rn:R01708 rn:R01711",NA,NA,NA,"line",NA,NA,"#FFB3CC","#FFFFFF",0,"01100"
"entry5093","2913","mya:MORIYA_4073","gene","http://www.kegg.jp/dbget-bin/www_bget?mya:MORIYA_4073",NA,"rn:R01710",NA,NA,NA,"line",NA,NA,"#FFB3CC","#FFFFFF",0,"01100"
"entry5094","2915","mya:MORIYA_4073","gene","http://www.kegg.jp/dbget-bin/www_bget?mya:MORIYA_4073",NA,"rn:R00278",NA,NA,NA,"line",NA,NA,"#FFB3CC","#FFFFFF",0,"01100"
"entry5095","2916","mya:MORIYA_4073","gene","http://www.kegg.jp/dbget-bin/www_bget?mya:MORIYA_4073",NA,"rn:R00277",NA,NA,NA,"line",NA,NA,"#FFB3CC","#FFFFFF",0,"01100"
"entry5096","2919","mya:MORIYA_3861","gene","http://www.kegg.jp/dbget-bin/www_bget?mya:MORIYA_3861",NA,"rn:R01226",NA,NA,NA,"line",NA,NA,"#FFB3CC","#FFFFFF",0,"01100"
"entry5097","2920","mya:MORIYA_2378","gene","http://www.kegg.jp/dbget-bin/www_bget?mya:MORIYA_2378",NA,"rn:R02472",NA,NA,NA,"line",NA,NA,"#FFB3CC","#FFFFFF",0,"01100"
"entry5098","2921","mya:MORIYA_3258","gene","http://www.kegg.jp/dbget-bin/www_bget?mya:MORIYA_3258",NA,"rn:R03018",NA,NA,NA,"line",NA,NA,"#FFB3CC","#FFFFFF",0,"01100"
"entry5099","2922","mya:MORIYA_3153","gene","http://www.kegg.jp/dbget-bin/www_bget?mya:MORIYA_3153",NA,"rn:R04230 rn:R04231",NA,NA,NA,"line",NA,NA,"#FFB3CC","#FFFFFF",0,"01100"
"entry5100","2923","mya:MORIYA_3292","gene","http://www.kegg.jp/dbget-bin/www_bget?mya:MORIYA_3292",NA,"rn:R00130",NA,NA,NA,"line",NA,NA,"#FFB3CC","#FFFFFF",0,"01100"
"entry5101","2924","mya:MORIYA_3153","gene","http://www.kegg.jp/dbget-bin/www_bget?mya:MORIYA_3153",NA,"rn:R03269",NA,NA,NA,"line",NA,NA,"#FFB3CC","#FFFFFF",0,"01100"
"entry5102","2925","mya:MORIYA_1055","gene","http://www.kegg.jp/dbget-bin/www_bget?mya:MORIYA_1055",NA,"rn:R03231 rn:R10699",NA,NA,NA,"line",NA,NA,"#FFB3CC","#FFFFFF",0,"01100"
"entry5103","2927","mya:MORIYA_2755","gene","http://www.kegg.jp/dbget-bin/www_bget?mya:MORIYA_2755",NA,"rn:R01074",NA,NA,NA,"line",NA,NA,"#FFB3CC","#FFFFFF",0,"01100"
"entry5104","2928","mya:MORIYA_2755","gene","http://www.kegg.jp/dbget-bin/www_bget?mya:MORIYA_2755",NA,"rn:R05145",NA,NA,NA,"line",NA,NA,"#FFB3CC","#FFFFFF",0,"01100"
"entry5105","2929","mya:MORIYA_3513","gene","http://www.kegg.jp/dbget-bin/www_bget?mya:MORIYA_3513",NA,"rn:R03197",NA,NA,NA,"line",NA,NA,"#FFB3CC","#FFFFFF",0,"01100"
"entry5106","2930","mya:MORIYA_3075 / mya:MORIYA_3953","gene","http://www.kegg.jp/dbget-bin/www_bget?mya:MORIYA_3075+mya:MORIYA_3953",NA,"rn:R03220 rn:R06895",NA,NA,NA,"line",NA,NA,"#FFB3CC","#FFFFFF",0,"01100"
"entry5107","2931","mya:MORIYA_2958","gene","http://www.kegg.jp/dbget-bin/www_bget?mya:MORIYA_2958",NA,"rn:R03222 rn:R09489",NA,NA,NA,"line",NA,NA,"#FFB3CC","#FFFFFF",0,"01100"
"entry5108","2932","mya:MORIYA_0293","gene","http://www.kegg.jp/dbget-bin/www_bget?mya:MORIYA_0293",NA,"rn:R00310",NA,NA,NA,"line",NA,NA,"#FFB3CC","#FFFFFF",0,"01100"
"entry5109","2933","mya:MORIYA_3813","gene","http://www.kegg.jp/dbget-bin/www_bget?mya:MORIYA_3813",NA,"rn:R03877",NA,NA,NA,"line",NA,NA,"#FFB3CC","#FFFFFF",0,"01100"
"entry5110","2939","mya:MORIYA_2595 / mya:MORIYA_3042 / mya:MORIYA_3374","gene","http://www.kegg.jp/dbget-bin/www_bget?mya:MORIYA_2595+mya:MORIYA_3042+mya:MORIYA_3374",NA,"rn:R03194",NA,NA,NA,"line",NA,NA,"#FFB3CC","#FFFFFF",0,"01100"
"entry5111","2940","mya:MORIYA_3105 / mya:MORIYA_3831","gene","http://www.kegg.jp/dbget-bin/www_bget?mya:MORIYA_3105+mya:MORIYA_3831",NA,"rn:R05220",NA,NA,NA,"line",NA,NA,"#FFB3CC","#FFFFFF",0,"01100"
"entry5112","2941","mya:MORIYA_3808 / mya:MORIYA_3809 / mya:MORIYA_3914","gene","http://www.kegg.jp/dbget-bin/www_bget?mya:MORIYA_3808+mya:MORIYA_3809+mya:MORIYA_3914",NA,"rn:R05226 rn:R07302",NA,NA,NA,"line",NA,NA,"#FFB3CC","#FFFFFF",0,"01100"
"entry5113","2942","mya:MORIYA_3829","gene","http://www.kegg.jp/dbget-bin/www_bget?mya:MORIYA_3829",NA,"rn:R05221 rn:R06558",NA,NA,NA,"line",NA,NA,"#FFB3CC","#FFFFFF",0,"01100"
"entry5114","2943","mya:MORIYA_3829","gene","http://www.kegg.jp/dbget-bin/www_bget?mya:MORIYA_3829",NA,"rn:R05222",NA,NA,NA,"line",NA,NA,"#FFB3CC","#FFFFFF",0,"01100"
"entry5115","2944","mya:MORIYA_3830","gene","http://www.kegg.jp/dbget-bin/www_bget?mya:MORIYA_3830",NA,"rn:R04594",NA,NA,NA,"line",NA,NA,"#FFB3CC","#FFFFFF",0,"01100"
"entry5116","2945","mya:MORIYA_3827","gene","http://www.kegg.jp/dbget-bin/www_bget?mya:MORIYA_3827",NA,"rn:R04148",NA,NA,NA,"line",NA,NA,"#FFB3CC","#FFFFFF",0,"01100"
"entry5117","2946","mya:MORIYA_3159","gene","http://www.kegg.jp/dbget-bin/www_bget?mya:MORIYA_3159",NA,"rn:R03035 rn:R03036",NA,NA,NA,"line",NA,NA,"#FFB3CC","#FFFFFF",0,"01100"
"entry5118","2947","mya:MORIYA_3563","gene","http://www.kegg.jp/dbget-bin/www_bget?mya:MORIYA_3563",NA,"rn:R04109",NA,NA,NA,"line",NA,NA,"#FFB3CC","#FFFFFF",0,"01100"
"entry5119","2948","mya:MORIYA_3808 / mya:MORIYA_3809 / mya:MORIYA_3914","gene","http://www.kegg.jp/dbget-bin/www_bget?mya:MORIYA_3808+mya:MORIYA_3809+mya:MORIYA_3914",NA,"rn:R06529",NA,NA,NA,"line",NA,NA,"#FFB3CC","#FFFFFF",0,"01100"
"entry5120","2949","mya:MORIYA_1408","gene","http://www.kegg.jp/dbget-bin/www_bget?mya:MORIYA_1408",NA,"rn:R08166",NA,NA,NA,"line",NA,NA,"#FFB3CC","#FFFFFF",0,"01100"
"entry5121","2950","mya:MORIYA_1406","gene","http://www.kegg.jp/dbget-bin/www_bget?mya:MORIYA_1406",NA,"rn:R04031",NA,NA,NA,"line",NA,NA,"#FFB3CC","#FFFFFF",0,"01100"
"entry5122","2951","mya:MORIYA_1405","gene","http://www.kegg.jp/dbget-bin/www_bget?mya:MORIYA_1405",NA,"rn:R04030",NA,NA,NA,"line",NA,NA,"#FFB3CC","#FFFFFF",0,"01100"
"entry5123","2952","mya:MORIYA_1407","gene","http://www.kegg.jp/dbget-bin/www_bget?mya:MORIYA_1407",NA,"rn:R07263",NA,NA,NA,"line",NA,NA,"#FFB3CC","#FFFFFF",0,"01100"
"entry5124","2954","mya:MORIYA_0114","gene","http://www.kegg.jp/dbget-bin/www_bget?mya:MORIYA_0114",NA,"rn:R04210",NA,NA,NA,"line",NA,NA,"#FFB3CC","#FFFFFF",0,"01100"
"entry5125","2955","mya:MORIYA_0381 / mya:MORIYA_2856","gene","http://www.kegg.jp/dbget-bin/www_bget?mya:MORIYA_0381+mya:MORIYA_2856",NA,"rn:R05085",NA,NA,NA,"line",NA,NA,"#FFB3CC","#FFFFFF",0,"01100"
"entry5126","2956","mya:MORIYA_3619","gene","http://www.kegg.jp/dbget-bin/www_bget?mya:MORIYA_3619",NA,"rn:R05681",NA,NA,NA,"line",NA,NA,"#FFB3CC","#FFFFFF",0,"01100"
"entry5127","2958","mya:MORIYA_2537","gene","http://www.kegg.jp/dbget-bin/www_bget?mya:MORIYA_2537",NA,"rn:R05838",NA,NA,NA,"line",NA,NA,"#FFB3CC","#FFFFFF",0,"01100"
"entry5128","2965","mya:MORIYA_3720","gene","http://www.kegg.jp/dbget-bin/www_bget?mya:MORIYA_3720",NA,"rn:R02029",NA,NA,NA,"line",NA,NA,"#80CCB3","#FFFFFF",0,"01100"
"entry5129","2967","mya:MORIYA_0118 / mya:MORIYA_2601 / mya:MORIYA_2602 / mya:MORIYA_3606","gene","http://www.kegg.jp/dbget-bin/www_bget?mya:MORIYA_0118+mya:MORIYA_2601+mya:MORIYA_2602+mya:MORIYA_3606",NA,"rn:R00233 rn:R00353 rn:R00742",NA,NA,NA,"line",NA,NA,"#B3B3E6","#FFFFFF",0,"01100"
"entry5130","2968","mya:MORIYA_0258 / mya:MORIYA_1510 / mya:MORIYA_1511 / mya:MORIYA_1732","gene","http://www.kegg.jp/dbget-bin/www_bget?mya:MORIYA_0258+mya:MORIYA_1510+mya:MORIYA_1511+mya:MORIYA_1732",NA,"rn:R00315 rn:R00317 rn:R00320",NA,NA,NA,"line",NA,NA,"#B3B3E6","#FFFFFF",0,"01100"
"entry5131","2970","mya:MORIYA_0911 / mya:MORIYA_1650 / mya:MORIYA_2903 / mya:MORIYA_2962","gene","http://www.kegg.jp/dbget-bin/www_bget?mya:MORIYA_0911+mya:MORIYA_1650+mya:MORIYA_2903+mya:MORIYA_2962",NA,"rn:R00238",NA,NA,NA,"line",NA,NA,"#80CCCC","#FFFFFF",0,"01100"
"entry5132","2971","mya:MORIYA_3799 / mya:MORIYA_3835","gene","http://www.kegg.jp/dbget-bin/www_bget?mya:MORIYA_3799+mya:MORIYA_3835",NA,"rn:R00479",NA,NA,NA,"line",NA,NA,"#B3B3E6","#FFFFFF",0,"01100"
"entry5133","2972","mya:MORIYA_3200","gene","http://www.kegg.jp/dbget-bin/www_bget?mya:MORIYA_3200",NA,"rn:R01518",NA,NA,NA,"line",NA,NA,"#6C63F6","#FFFFFF",0,"01100"
"entry5134","2973","mya:MORIYA_2115","gene","http://www.kegg.jp/dbget-bin/www_bget?mya:MORIYA_2115",NA,"rn:R06171",NA,NA,NA,"line",NA,NA,"#FFCC66","#FFFFFF",0,"01100"
"entry5135","2974","mya:MORIYA_2071","gene","http://www.kegg.jp/dbget-bin/www_bget?mya:MORIYA_2071",NA,"rn:R03425",NA,NA,NA,"line",NA,NA,"#FFCC66","#FFFFFF",0,"01100"
"entry5136","2978","mya:MORIYA_2088","gene","http://www.kegg.jp/dbget-bin/www_bget?mya:MORIYA_2088",NA,"rn:R02568",NA,NA,NA,"line",NA,NA,"#B3B3E6","#FFFFFF",0,"01100"
"entry5137","2983","mya:MORIYA_1640","gene","http://www.kegg.jp/dbget-bin/www_bget?mya:MORIYA_1640",NA,"rn:R00465 rn:R00475 rn:R00476 rn:R00717",NA,NA,NA,"line",NA,NA,"#B3B3E6","#FFFFFF",0,"01100"
"entry5138","2984","mya:MORIYA_3369","gene","http://www.kegg.jp/dbget-bin/www_bget?mya:MORIYA_3369",NA,"rn:R01334",NA,NA,NA,"line",NA,NA,"#B3B3E6","#FFFFFF",0,"01100"
"entry5139","2985","mya:MORIYA_2587","gene","http://www.kegg.jp/dbget-bin/www_bget?mya:MORIYA_2587",NA,"rn:R00919 rn:R04432 rn:R10161 rn:R12356",NA,NA,NA,"line",NA,NA,"#B3B3E6","#FFFFFF",0,"01100"
"entry5140","2989","mya:MORIYA_2530","gene","http://www.kegg.jp/dbget-bin/www_bget?mya:MORIYA_2530",NA,"rn:R00658",NA,NA,NA,"line",NA,NA,"#6C63F6","#FFFFFF",0,"01100"
"entry5141","2991","mya:MORIYA_0294 / mya:MORIYA_2833","gene","http://www.kegg.jp/dbget-bin/www_bget?mya:MORIYA_0294+mya:MORIYA_2833",NA,"rn:R00259",NA,NA,NA,"line",NA,NA,"#FFCC66","#FFFFFF",0,"01100"
"entry5142","2992","mya:MORIYA_2124 / mya:MORIYA_2125","gene","http://www.kegg.jp/dbget-bin/www_bget?mya:MORIYA_2124+mya:MORIYA_2125",NA,"rn:R00575",NA,NA,NA,"line",NA,NA,"#FFCC66","#FFFFFF",0,"01100"
"entry5143","2993","mya:MORIYA_2919","gene","http://www.kegg.jp/dbget-bin/www_bget?mya:MORIYA_2919",NA,"rn:R04441",NA,NA,NA,"line",NA,NA,"#FFCC66","#FFFFFF",0,"01100"
"entry5144","2999","mya:MORIYA_0450","gene","http://www.kegg.jp/dbget-bin/www_bget?mya:MORIYA_0450",NA,"rn:R00841 rn:R00847",NA,NA,NA,"line",NA,NA,"#80CCB3","#FFFFFF",0,"01100"
"entry5145","3002","mya:MORIYA_0030","gene","http://www.kegg.jp/dbget-bin/www_bget?mya:MORIYA_0030",NA,"rn:R00228",NA,NA,NA,"line",NA,NA,"#B3B3E6","#FFFFFF",0,"01100"
"entry5146","3006","mya:MORIYA_0910 / mya:MORIYA_1649 / mya:MORIYA_2961","gene","http://www.kegg.jp/dbget-bin/www_bget?mya:MORIYA_0910+mya:MORIYA_1649+mya:MORIYA_2961",NA,"rn:R04203",NA,NA,NA,"line",NA,NA,"#FFCC66","#FFFFFF",0,"01100"
"entry5147","3007","mya:MORIYA_2691 / mya:MORIYA_2839","gene","http://www.kegg.jp/dbget-bin/www_bget?mya:MORIYA_2691+mya:MORIYA_2839",NA,"rn:R00341 rn:R00345 rn:R00346 rn:R00431 rn:R00726",NA,NA,NA,"line",NA,NA,"#B3B3E6","#FFFFFF",0,"01100"
"entry5148","3008","mya:MORIYA_2883 / mya:MORIYA_2884 / mya:MORIYA_2885","gene","http://www.kegg.jp/dbget-bin/www_bget?mya:MORIYA_2883+mya:MORIYA_2884+mya:MORIYA_2885",NA,"rn:R00217 rn:R00344 rn:R12212",NA,NA,NA,"line",NA,NA,"#B3B3E6","#FFFFFF",0,"01100"
"entry5149","3009","mya:MORIYA_3586 / mya:MORIYA_4311","gene","http://www.kegg.jp/dbget-bin/www_bget?mya:MORIYA_3586+mya:MORIYA_4311",NA,"rn:R01786 rn:R01788 rn:R02738 rn:R02189 rn:R09085",NA,NA,NA,"line",NA,NA,"#6C63F6","#FFFFFF",0,"01100"
"entry5150","3010","mya:MORIYA_3902","gene","http://www.kegg.jp/dbget-bin/www_bget?mya:MORIYA_3902",NA,"rn:R01827",NA,NA,NA,"line",NA,NA,"#6C63F6","#FFFFFF",0,"01100"
"entry5151","3012","mya:MORIYA_3858","gene","http://www.kegg.jp/dbget-bin/www_bget?mya:MORIYA_3858",NA,"rn:R01830",NA,NA,NA,"line",NA,NA,"#6C63F6","#FFFFFF",0,"01100"
"entry5152","3014","mya:MORIYA_3858","gene","http://www.kegg.jp/dbget-bin/www_bget?mya:MORIYA_3858",NA,"rn:R01641",NA,NA,NA,"line",NA,NA,"#8080F7","#FFFFFF",0,"01100"
"entry5153","3016","mya:MORIYA_2084","gene","http://www.kegg.jp/dbget-bin/www_bget?mya:MORIYA_2084",NA,"rn:R01056",NA,NA,NA,"line",NA,NA,"#6C63F6","#FFFFFF",0,"01100"
"entry5154","3017","mya:MORIYA_3368","gene","http://www.kegg.jp/dbget-bin/www_bget?mya:MORIYA_3368",NA,"rn:R01529",NA,NA,NA,"line",NA,NA,"#6C63F6","#FFFFFF",0,"01100"
"entry5155","3024","mya:MORIYA_3798","gene","http://www.kegg.jp/dbget-bin/www_bget?mya:MORIYA_3798",NA,"rn:R00472",NA,NA,NA,"line",NA,NA,"#B3B3E6","#FFFFFF",0,"01100"
"entry5156","3036","mya:MORIYA_2228","gene","http://www.kegg.jp/dbget-bin/www_bget?mya:MORIYA_2228",NA,"rn:R00966",NA,NA,NA,"line",NA,NA,"#FF8080","#FFFFFF",0,"01100"
"entry5157","3037","mya:MORIYA_0384","gene","http://www.kegg.jp/dbget-bin/www_bget?mya:MORIYA_0384",NA,"rn:R01665 rn:R01667",NA,NA,NA,"line",NA,NA,"#FF8080","#FFFFFF",0,"01100"
"entry5158","3042","mya:MORIYA_0345","gene","http://www.kegg.jp/dbget-bin/www_bget?mya:MORIYA_0345",NA,"rn:R01731 rn:R07276",NA,NA,NA,"line",NA,NA,"#FFCC66","#FFFFFF",0,"01100"
"entry5159","3044","mya:MORIYA_0345 / mya:MORIYA_0382 / mya:MORIYA_0844","gene","http://www.kegg.jp/dbget-bin/www_bget?mya:MORIYA_0345+mya:MORIYA_0382+mya:MORIYA_0844",NA,"rn:R00729 rn:R00734 rn:R09254 rn:R09830",NA,NA,NA,"line",NA,NA,"#FFCC66","#FFFFFF",0,"01100"
"entry5160","3058","mya:MORIYA_2304","gene","http://www.kegg.jp/dbget-bin/www_bget?mya:MORIYA_2304",NA,"rn:R02330 rn:R02331",NA,NA,NA,"line",NA,NA,"#FF8080","#FFFFFF",0,"01100"
"entry5161","3059","mya:MORIYA_3152","gene","http://www.kegg.jp/dbget-bin/www_bget?mya:MORIYA_3152",NA,"rn:R02100",NA,NA,NA,"line",NA,NA,"#FF8080","#FFFFFF",0,"01100"
"entry5162","3060","mya:MORIYA_0222 / mya:MORIYA_0960","gene","http://www.kegg.jp/dbget-bin/www_bget?mya:MORIYA_0222+mya:MORIYA_0960",NA,"rn:R02098",NA,NA,NA,"line",NA,NA,"#FF8080","#FFFFFF",0,"01100"
"entry5163","3061","mya:MORIYA_2906","gene","http://www.kegg.jp/dbget-bin/www_bget?mya:MORIYA_2906",NA,"rn:R04440 rn:R05071 rn:R04439",NA,NA,NA,"line",NA,NA,"#FFCC66","#FFFFFF",0,"01100"
"entry5164","3063","mya:MORIYA_0095","gene","http://www.kegg.jp/dbget-bin/www_bget?mya:MORIYA_0095",NA,"rn:R03652",NA,NA,NA,"line",NA,NA,"#FFCC66","#FFFFFF",0,"01100"
"entry5165","3065","mya:MORIYA_2669","gene","http://www.kegg.jp/dbget-bin/www_bget?mya:MORIYA_2669",NA,"rn:R00260",NA,NA,NA,"line",NA,NA,"#FF9900","#FFFFFF",0,"01100"
"entry5166","3066","mya:MORIYA_2354 / mya:MORIYA_2355 / mya:MORIYA_3315 / mya:MORIYA_3316","gene","http://www.kegg.jp/dbget-bin/www_bget?mya:MORIYA_2354+mya:MORIYA_2355+mya:MORIYA_3315+mya:MORIYA_3316",NA,"rn:R00529 rn:R00530 rn:R00531",NA,NA,NA,"line",NA,NA,"#CC99FF","#FFFFFF",0,"01100"
"entry5167","3068","mya:MORIYA_0546 / mya:MORIYA_1274","gene","http://www.kegg.jp/dbget-bin/www_bget?mya:MORIYA_0546+mya:MORIYA_1274",NA,"rn:R00710 rn:R00711",NA,NA,NA,"line",NA,NA,"#6C63F6","#FFFFFF",0,"01100"
"entry5168","3069","mya:MORIYA_0030 / mya:MORIYA_3181","gene","http://www.kegg.jp/dbget-bin/www_bget?mya:MORIYA_0030+mya:MORIYA_3181",NA,"rn:R00746 rn:R00754 rn:R05198 rn:R09127 rn:R09479",NA,NA,NA,"line",NA,NA,"#6C63F6","#FFFFFF",0,"01100"
"entry5169","3082","mya:MORIYA_3560","gene","http://www.kegg.jp/dbget-bin/www_bget?mya:MORIYA_3560",NA,"rn:R01049",NA,NA,NA,"line",NA,NA,"#6C63F6","#FFFFFF",0,"01100"
"entry5170","3083","mya:MORIYA_0635 / mya:MORIYA_1758 / mya:MORIYA_4012 / mya:MORIYA_4095","gene","http://www.kegg.jp/dbget-bin/www_bget?mya:MORIYA_0635+mya:MORIYA_1758+mya:MORIYA_4012+mya:MORIYA_4095",NA,"rn:R00199 rn:R00200 rn:R00206 rn:R02320",NA,NA,NA,"line",NA,NA,"#6C63F6","#FFFFFF",0,"01100"
"entry5171","3084","mya:MORIYA_2720","gene","http://www.kegg.jp/dbget-bin/www_bget?mya:MORIYA_2720",NA,"rn:R03321",NA,NA,NA,"line",NA,NA,"#6C63F6","#FFFFFF",0,"01100"
"entry5172","3085","mya:MORIYA_2720 / mya:MORIYA_4101","gene","http://www.kegg.jp/dbget-bin/www_bget?mya:MORIYA_2720+mya:MORIYA_4101",NA,"rn:R02739",NA,NA,NA,"line",NA,NA,"#6C63F6","#FFFFFF",0,"01100"
"entry5424","3912","mya:MORIYA_1043","gene","http://www.kegg.jp/dbget-bin/www_bget?mya:MORIYA_1043",NA,"rn:R03351",NA,NA,NA,"line",NA,NA,"#99CCFF","#FFFFFF",0,"01100"
"entry5425","3913","mya:MORIYA_3249","gene","http://www.kegg.jp/dbget-bin/www_bget?mya:MORIYA_3249",NA,"rn:R03350",NA,NA,NA,"line",NA,NA,"#99CCFF","#FFFFFF",0,"01100"
"entry5426","3914","mya:MORIYA_3568","gene","http://www.kegg.jp/dbget-bin/www_bget?mya:MORIYA_3568",NA,"rn:R03254",NA,NA,NA,"line",NA,NA,"#99CCFF","#FFFFFF",0,"01100"
"entry5481","4038","mya:MORIYA_0788","gene","http://www.kegg.jp/dbget-bin/www_bget?mya:MORIYA_0788",NA,"rn:R00959",NA,NA,NA,"line",NA,NA,"#6C63F6","#FFFFFF",0,"01100"
"entry5485","4046","mya:MORIYA_0734 / mya:MORIYA_3917 / mya:MORIYA_3918","gene","http://www.kegg.jp/dbget-bin/www_bget?mya:MORIYA_0734+mya:MORIYA_3917+mya:MORIYA_3918",NA,"rn:R00093 rn:R00114 rn:R00243 rn:R00248",NA,NA,NA,"line",NA,NA,"#FFCC66","#FFFFFF",0,"01100"
"entry5486","4047","mya:MORIYA_2547","gene","http://www.kegg.jp/dbget-bin/www_bget?mya:MORIYA_2547",NA,"rn:R00357",NA,NA,NA,"line",NA,NA,"#FFCC66","#FFFFFF",0,"01100"
"entry5487","4048","mya:MORIYA_0535","gene","http://www.kegg.jp/dbget-bin/www_bget?mya:MORIYA_0535",NA,"rn:R01449",NA,NA,NA,"line",NA,NA,"#B3B3E6","#FFFFFF",0,"01100"
"entry5491","4061","mya:MORIYA_1936","gene","http://www.kegg.jp/dbget-bin/www_bget?mya:MORIYA_1936",NA,"rn:R01714",NA,NA,NA,"line",NA,NA,"#FFCC66","#FFFFFF",0,"01100"
"entry5492","4063","mya:MORIYA_2409 / mya:MORIYA_2410","gene","http://www.kegg.jp/dbget-bin/www_bget?mya:MORIYA_2409+mya:MORIYA_2410",NA,"rn:R00858 rn:R00859 rn:R00861 rn:R10146",NA,NA,NA,"line",NA,NA,"#CC99FF","#FFFFFF",0,"01100"
"entry5496","4068","mya:MORIYA_3807","gene","http://www.kegg.jp/dbget-bin/www_bget?mya:MORIYA_3807",NA,"rn:R00782",NA,NA,NA,"line",NA,NA,"#FFCC66","#FFFFFF",0,"01100"
"entry5497","4073","mya:MORIYA_1418","gene","http://www.kegg.jp/dbget-bin/www_bget?mya:MORIYA_1418",NA,"rn:R01015",NA,NA,NA,"line",NA,NA,"#6C63F6","#FFFFFF",0,"01100"
"entry5499","4095","mya:MORIYA_3171","gene","http://www.kegg.jp/dbget-bin/www_bget?mya:MORIYA_3171",NA,"rn:R05000",NA,NA,NA,"line",NA,NA,"#FFB3CC","#FFFFFF",0,"01100"
"entry5500","4097","mya:MORIYA_3039 / mya:MORIYA_3651","gene","http://www.kegg.jp/dbget-bin/www_bget?mya:MORIYA_3039+mya:MORIYA_3651",NA,"rn:R04985",NA,NA,NA,"line",NA,NA,"#FFB3CC","#FFFFFF",0,"01100"
"entry5501","4098","mya:MORIYA_2076","gene","http://www.kegg.jp/dbget-bin/www_bget?mya:MORIYA_2076",NA,"rn:R08768",NA,NA,NA,"line",NA,NA,"#FFB3CC","#FFFFFF",0,"01100"
"entry5502","4101","mya:MORIYA_1176","gene","http://www.kegg.jp/dbget-bin/www_bget?mya:MORIYA_1176",NA,"rn:R08769",NA,NA,NA,"line",NA,NA,"#FFB3CC","#FFFFFF",0,"01100"
"entry5503","4102","mya:MORIYA_2077","gene","http://www.kegg.jp/dbget-bin/www_bget?mya:MORIYA_2077",NA,"rn:R08773",NA,NA,NA,"line",NA,NA,"#FFB3CC","#FFFFFF",0,"01100"
"entry5504","4103","mya:MORIYA_3025","gene","http://www.kegg.jp/dbget-bin/www_bget?mya:MORIYA_3025",NA,"rn:R08774",NA,NA,NA,"line",NA,NA,"#FFB3CC","#FFFFFF",0,"01100"
"entry5505","4104","mya:MORIYA_3556","gene","http://www.kegg.jp/dbget-bin/www_bget?mya:MORIYA_3556",NA,"rn:R08775",NA,NA,NA,"line",NA,NA,"#FFB3CC","#FFFFFF",0,"01100"
"entry5506","4105","mya:MORIYA_1176","gene","http://www.kegg.jp/dbget-bin/www_bget?mya:MORIYA_1176",NA,"rn:R08781",NA,NA,NA,"line",NA,NA,"#FFB3CC","#FFFFFF",0,"01100"
"entry5523","4158","mya:MORIYA_2720","gene","http://www.kegg.jp/dbget-bin/www_bget?mya:MORIYA_2720",NA,"rn:R02740",NA,NA,NA,"line",NA,NA,"#6C63F6","#FFFFFF",0,"01100"
"entry5524","4159","mya:MORIYA_2230","gene","http://www.kegg.jp/dbget-bin/www_bget?mya:MORIYA_2230",NA,"rn:R04325",NA,NA,NA,"line",NA,NA,"#FF8080","#FFFFFF",0,"01100"
"entry5525","4160","mya:MORIYA_2107","gene","http://www.kegg.jp/dbget-bin/www_bget?mya:MORIYA_2107",NA,"rn:R04463",NA,NA,NA,"line",NA,NA,"#FF8080","#FFFFFF",0,"01100"
"entry5526","4161","mya:MORIYA_2472","gene","http://www.kegg.jp/dbget-bin/www_bget?mya:MORIYA_2472",NA,"rn:R04144",NA,NA,NA,"line",NA,NA,"#FF8080","#FFFFFF",0,"01100"
"entry5529","4178","mya:MORIYA_2599","gene","http://www.kegg.jp/dbget-bin/www_bget?mya:MORIYA_2599",NA,"rn:R00229 rn:R00235",NA,NA,NA,"line",NA,NA,"#6C63F6","#FFFFFF",0,"01100"
"entry5531","4195","mya:MORIYA_3822","gene","http://www.kegg.jp/dbget-bin/www_bget?mya:MORIYA_3822",NA,"rn:R05180",NA,NA,NA,"line",NA,NA,"#FFB3CC","#FFFFFF",0,"01100"
"entry5532","4196","mya:MORIYA_3823","gene","http://www.kegg.jp/dbget-bin/www_bget?mya:MORIYA_3823",NA,"rn:R05181",NA,NA,NA,"line",NA,NA,"#FFB3CC","#FFFFFF",0,"01100"
"entry5533","4198","mya:MORIYA_3817","gene","http://www.kegg.jp/dbget-bin/www_bget?mya:MORIYA_3817",NA,"rn:R05150",NA,NA,NA,"line",NA,NA,"#FFB3CC","#FFFFFF",0,"01100"
"entry5534","4199","mya:MORIYA_3819","gene","http://www.kegg.jp/dbget-bin/www_bget?mya:MORIYA_3819",NA,"rn:R05149",NA,NA,NA,"line",NA,NA,"#FFB3CC","#FFFFFF",0,"01100"
"entry5535","4200","mya:MORIYA_3818","gene","http://www.kegg.jp/dbget-bin/www_bget?mya:MORIYA_3818",NA,"rn:R05177",NA,NA,NA,"line",NA,NA,"#FFB3CC","#FFFFFF",0,"01100"
"entry5536","4201","mya:MORIYA_3814","gene","http://www.kegg.jp/dbget-bin/www_bget?mya:MORIYA_3814",NA,"rn:R05224",NA,NA,NA,"line",NA,NA,"#FFB3CC","#FFFFFF",0,"01100"
"entry5537","4202","mya:MORIYA_3826","gene","http://www.kegg.jp/dbget-bin/www_bget?mya:MORIYA_3826",NA,"rn:R05227",NA,NA,NA,"line",NA,NA,"#FFB3CC","#FFFFFF",0,"01100"
"entry5538","4203","mya:MORIYA_3820","gene","http://www.kegg.jp/dbget-bin/www_bget?mya:MORIYA_3820",NA,"rn:R03948",NA,NA,NA,"line",NA,NA,"#FFB3CC","#FFFFFF",0,"01100"
"entry5539","4204","mya:MORIYA_2595 / mya:MORIYA_3495","gene","http://www.kegg.jp/dbget-bin/www_bget?mya:MORIYA_2595+mya:MORIYA_3495",NA,"rn:R03947",NA,NA,NA,"line",NA,NA,"#FFB3CC","#FFFFFF",0,"01100"
"entry5540","4205","mya:MORIYA_2595 / mya:MORIYA_3495","gene","http://www.kegg.jp/dbget-bin/www_bget?mya:MORIYA_2595+mya:MORIYA_3495",NA,"rn:R02864",NA,NA,NA,"line",NA,NA,"#FFB3CC","#FFFFFF",0,"01100"
"entry5541","4206","mya:MORIYA_3824","gene","http://www.kegg.jp/dbget-bin/www_bget?mya:MORIYA_3824",NA,"rn:R05807",NA,NA,NA,"line",NA,NA,"#FFB3CC","#FFFFFF",0,"01100"
"entry5542","4207","mya:MORIYA_3820","gene","http://www.kegg.jp/dbget-bin/www_bget?mya:MORIYA_3820",NA,"rn:R05808",NA,NA,NA,"line",NA,NA,"#FFB3CC","#FFFFFF",0,"01100"
"entry5543","4209","mya:MORIYA_3822","gene","http://www.kegg.jp/dbget-bin/www_bget?mya:MORIYA_3822",NA,"rn:R05809",NA,NA,NA,"line",NA,NA,"#FFB3CC","#FFFFFF",0,"01100"
"entry5544","4210","mya:MORIYA_3823","gene","http://www.kegg.jp/dbget-bin/www_bget?mya:MORIYA_3823",NA,"rn:R05810",NA,NA,NA,"line",NA,NA,"#FFB3CC","#FFFFFF",0,"01100"
"entry5545","4211","mya:MORIYA_3821","gene","http://www.kegg.jp/dbget-bin/www_bget?mya:MORIYA_3821",NA,"rn:R07772",NA,NA,NA,"line",NA,NA,"#FFB3CC","#FFFFFF",0,"01100"
"entry5546","4212","mya:MORIYA_3816","gene","http://www.kegg.jp/dbget-bin/www_bget?mya:MORIYA_3816",NA,"rn:R07773",NA,NA,NA,"line",NA,NA,"#FFB3CC","#FFFFFF",0,"01100"
"entry5547","4213","mya:MORIYA_3817","gene","http://www.kegg.jp/dbget-bin/www_bget?mya:MORIYA_3817",NA,"rn:R05812",NA,NA,NA,"line",NA,NA,"#FFB3CC","#FFFFFF",0,"01100"
"entry5548","4216","mya:MORIYA_3818","gene","http://www.kegg.jp/dbget-bin/www_bget?mya:MORIYA_3818",NA,"rn:R05814",NA,NA,NA,"line",NA,NA,"#FFB3CC","#FFFFFF",0,"01100"
"entry5549","4217","mya:MORIYA_3814","gene","http://www.kegg.jp/dbget-bin/www_bget?mya:MORIYA_3814",NA,"rn:R05815",NA,NA,NA,"line",NA,NA,"#FFB3CC","#FFFFFF",0,"01100"
"entry5577","4256","mya:MORIYA_3807","gene","http://www.kegg.jp/dbget-bin/www_bget?mya:MORIYA_3807",NA,"rn:R01286 rn:R01290 rn:R10305",NA,NA,NA,"line",NA,NA,"#FFCC66","#FFFFFF",0,"01100"
"entry5579","4310","mya:MORIYA_1650 / mya:MORIYA_2962","gene","http://www.kegg.jp/dbget-bin/www_bget?mya:MORIYA_1650+mya:MORIYA_2962",NA,"rn:R07895",NA,NA,NA,"line",NA,NA,"#80CCB3","#FFFFFF",0,"01100"
"entry5583","4328","mya:MORIYA_0588 / mya:MORIYA_3729 / mya:MORIYA_4219","gene","http://www.kegg.jp/dbget-bin/www_bget?mya:MORIYA_0588+mya:MORIYA_3729+mya:MORIYA_4219",NA,"rn:R02687",NA,NA,NA,"line",NA,NA,"#80CCB3","#FFFFFF",0,"01100"
"entry5586","4331","mya:MORIYA_4314","gene","http://www.kegg.jp/dbget-bin/www_bget?mya:MORIYA_4314",NA,"rn:R00897",NA,NA,NA,"line",NA,NA,"#FFCC66","#FFFFFF",0,"01100"
"entry5588","4355","mya:MORIYA_3330","gene","http://www.kegg.jp/dbget-bin/www_bget?mya:MORIYA_3330",NA,"rn:R01325",NA,NA,NA,"line",NA,NA,"#6C63F6","#FFFFFF",0,"01100"
"entry5589","4356","mya:MORIYA_4203","gene","http://www.kegg.jp/dbget-bin/www_bget?mya:MORIYA_4203",NA,"rn:R01899",NA,NA,NA,"line",NA,NA,"#6C63F6","#FFFFFF",0,"01100"
"entry5590","4357","mya:MORIYA_3422","gene","http://www.kegg.jp/dbget-bin/www_bget?mya:MORIYA_3422",NA,"rn:R00342 rn:R00361",NA,NA,NA,"line",NA,NA,"#6C63F6","#FFFFFF",0,"01100"
"entry5591","4358","mya:MORIYA_3572 / mya:MORIYA_4203","gene","http://www.kegg.jp/dbget-bin/www_bget?mya:MORIYA_3572+mya:MORIYA_4203",NA,"rn:R00267 rn:R00709",NA,NA,NA,"line",NA,NA,"#6C63F6","#FFFFFF",0,"01100"
"entry5592","4359","mya:MORIYA_3330","gene","http://www.kegg.jp/dbget-bin/www_bget?mya:MORIYA_3330",NA,"rn:R01900",NA,NA,NA,"line",NA,NA,"#6C63F6","#FFFFFF",0,"01100"
"entry5594","4361","mya:MORIYA_4203","gene","http://www.kegg.jp/dbget-bin/www_bget?mya:MORIYA_4203",NA,"rn:R00268",NA,NA,NA,"line",NA,NA,"#6C63F6","#FFFFFF",0,"01100"
"entry5597","4364","mya:MORIYA_1029 / mya:MORIYA_1030","gene","http://www.kegg.jp/dbget-bin/www_bget?mya:MORIYA_1029+mya:MORIYA_1030",NA,"rn:R00405 rn:R00432 rn:R00727 rn:R10343",NA,NA,NA,"line",NA,NA,"#6C63F6","#FFFFFF",0,"01100"
"entry5598","4365","mya:MORIYA_0578 / mya:MORIYA_1031 / mya:MORIYA_1032 / mya:MORIYA_3305 / mya:MORIYA_4305","gene","http://www.kegg.jp/dbget-bin/www_bget?mya:MORIYA_0578+mya:MORIYA_1031+mya:MORIYA_1032+mya:MORIYA_3305+mya:MORIYA_4305",NA,"rn:R08549 rn:R01197",NA,NA,NA,"line",NA,NA,"#6C63F6","#FFFFFF",0,"01100"
"entry5599","4366","mya:MORIYA_1296 / mya:MORIYA_4009","gene","http://www.kegg.jp/dbget-bin/www_bget?mya:MORIYA_1296+mya:MORIYA_4009",NA,"rn:R01082",NA,NA,NA,"line",NA,NA,"#6C63F6","#FFFFFF",0,"01100"
"entry5604","4377","mya:MORIYA_1419 / mya:MORIYA_1658 / mya:MORIYA_2759","gene","http://www.kegg.jp/dbget-bin/www_bget?mya:MORIYA_1419+mya:MORIYA_1658+mya:MORIYA_2759",NA,"rn:R04779 rn:R04780 rn:R09084 rn:R02073",NA,NA,NA,"line",NA,NA,"#6C63F6","#FFFFFF",0,"01100"
"entry5606","4389","mya:MORIYA_3181","gene","http://www.kegg.jp/dbget-bin/www_bget?mya:MORIYA_3181",NA,"rn:R02124 rn:R08379",NA,NA,NA,"line",NA,NA,"#FFB3CC","#FFFFFF",0,"01100"
"entry5612","4480","mya:MORIYA_0421 / mya:MORIYA_0422","gene","http://www.kegg.jp/dbget-bin/www_bget?mya:MORIYA_0421+mya:MORIYA_0422",NA,"rn:R03898",NA,NA,NA,"line",NA,NA,"#FFCC66","#FFFFFF",0,"01100"
"entry5613","4481","mya:MORIYA_2420","gene","http://www.kegg.jp/dbget-bin/www_bget?mya:MORIYA_2420",NA,"rn:R00994",NA,NA,NA,"line",NA,NA,"#FFCC66","#FFFFFF",0,"01100"
"entry5614","4482","mya:MORIYA_2914 / mya:MORIYA_4014 / mya:MORIYA_4046","gene","http://www.kegg.jp/dbget-bin/www_bget?mya:MORIYA_2914+mya:MORIYA_4014+mya:MORIYA_4046",NA,"rn:R00220",NA,NA,NA,"line",NA,NA,"#FFCC66","#FFFFFF",0,"01100"
"entry5615","4483","mya:MORIYA_2918 / mya:MORIYA_3210 / mya:MORIYA_4090","gene","http://www.kegg.jp/dbget-bin/www_bget?mya:MORIYA_2918+mya:MORIYA_3210+mya:MORIYA_4090",NA,"rn:R00258 rn:R00369 rn:R00396 rn:R00400",NA,NA,NA,"line",NA,NA,"#FFCC66","#FFFFFF",0,"01100"
"entry5617","4485","mya:MORIYA_3546","gene","http://www.kegg.jp/dbget-bin/www_bget?mya:MORIYA_3546",NA,"rn:R01541",NA,NA,NA,"line",NA,NA,"#6C63F6","#FFFFFF",0,"01100"
"entry5631","4544","mya:MORIYA_0113 / mya:MORIYA_0174 / mya:MORIYA_0177 / mya:MORIYA_0962","gene","http://www.kegg.jp/dbget-bin/www_bget?mya:MORIYA_0113+mya:MORIYA_0174+mya:MORIYA_0177+mya:MORIYA_0962",NA,"rn:R10119",NA,NA,NA,"line",NA,NA,"#FFB3CC","#FFFFFF",0,"01100"
"entry5633","4548","mya:MORIYA_3601","gene","http://www.kegg.jp/dbget-bin/www_bget?mya:MORIYA_3601",NA,"rn:R10117",NA,NA,NA,"line",NA,NA,"#FFB3CC","#FFFFFF",0,"01100"
"entry5634","4549","mya:MORIYA_0176 / mya:MORIYA_0964 / mya:MORIYA_0987","gene","http://www.kegg.jp/dbget-bin/www_bget?mya:MORIYA_0176+mya:MORIYA_0964+mya:MORIYA_0987",NA,"rn:R10116",NA,NA,NA,"line",NA,NA,"#FFB3CC","#FFFFFF",0,"01100"
"entry5635","4550","mya:MORIYA_0113 / mya:MORIYA_0174 / mya:MORIYA_0177 / mya:MORIYA_0962","gene","http://www.kegg.jp/dbget-bin/www_bget?mya:MORIYA_0113+mya:MORIYA_0174+mya:MORIYA_0177+mya:MORIYA_0962",NA,"rn:R10115",NA,NA,NA,"line",NA,NA,"#FFB3CC","#FFFFFF",0,"01100"
"entry5640","4557","mya:MORIYA_1052","gene","http://www.kegg.jp/dbget-bin/www_bget?mya:MORIYA_1052",NA,"rn:R09543",NA,NA,NA,"line",NA,NA,"#FFB3CC","#FFFFFF",0,"01100"
"entry5653","4613","mya:MORIYA_2115","gene","http://www.kegg.jp/dbget-bin/www_bget?mya:MORIYA_2115",NA,"rn:R00751",NA,NA,NA,"line",NA,NA,"#FFCC66","#FFFFFF",0,"01100"
"entry5654","4614","mya:MORIYA_0535 / mya:MORIYA_2599","gene","http://www.kegg.jp/dbget-bin/www_bget?mya:MORIYA_0535+mya:MORIYA_2599",NA,"rn:R00925 rn:R00920 rn:R00928",NA,NA,NA,"line",NA,NA,"#B3B3E6","#FFFFFF",0,"01100"
"entry5656","4618","mya:MORIYA_3587","gene","http://www.kegg.jp/dbget-bin/www_bget?mya:MORIYA_3587",NA,"rn:R04365",NA,NA,NA,"line",NA,NA,"#FFCC66","#FFFFFF",0,"01100"
"entry5657","4619","mya:MORIYA_2654","gene","http://www.kegg.jp/dbget-bin/www_bget?mya:MORIYA_2654",NA,"rn:R04475",NA,NA,NA,"line",NA,NA,"#FFCC66","#FFFFFF",0,"01100"
"entry5658","4620","mya:MORIYA_4291","gene","http://www.kegg.jp/dbget-bin/www_bget?mya:MORIYA_4291",NA,"rn:R02734",NA,NA,NA,"line",NA,NA,"#FFCC66","#FFFFFF",0,"01100"
"entry5677","4756","mya:MORIYA_3642","gene","http://www.kegg.jp/dbget-bin/www_bget?mya:MORIYA_3642",NA,"rn:R02294",NA,NA,NA,"line",NA,NA,"#FFB3CC","#FFFFFF",0,"01100"
"entry5678","4758","mya:MORIYA_1874 / mya:MORIYA_2388 / mya:MORIYA_2532","gene","http://www.kegg.jp/dbget-bin/www_bget?mya:MORIYA_1874+mya:MORIYA_2388+mya:MORIYA_2532",NA,"rn:R00103 rn:R00137",NA,NA,NA,"line",NA,NA,"#FFB3CC","#FFFFFF",0,"01100"
"entry5679","4760","mya:MORIYA_3642","gene","http://www.kegg.jp/dbget-bin/www_bget?mya:MORIYA_3642",NA,"rn:R02295",NA,NA,NA,"line",NA,NA,"#FFB3CC","#FFFFFF",0,"01100"
"entry5687","4781","mya:MORIYA_0546","gene","http://www.kegg.jp/dbget-bin/www_bget?mya:MORIYA_0546",NA,"rn:R02957",NA,NA,NA,"line",NA,NA,"#B3B3E6","#FFFFFF",0,"01100"
"entry5692","4801","mya:MORIYA_3054","gene","http://www.kegg.jp/dbget-bin/www_bget?mya:MORIYA_3054",NA,"rn:R00451",NA,NA,NA,"line",NA,NA,"#FFCC66","#FFFFFF",0,"01100"
"entry5695","4811","mya:MORIYA_3488","gene","http://www.kegg.jp/dbget-bin/www_bget?mya:MORIYA_3488",NA,"rn:R00707 rn:R00708",NA,NA,NA,"line",NA,NA,"#FFCC66","#FFFFFF",0,"01100"
"entry5697","4817","mya:MORIYA_2838","gene","http://www.kegg.jp/dbget-bin/www_bget?mya:MORIYA_2838",NA,"rn:R09107",NA,NA,NA,"line",NA,NA,"#FFCC66","#FFFFFF",0,"01100"
"entry5704","4934","mya:MORIYA_2838","gene","http://www.kegg.jp/dbget-bin/www_bget?mya:MORIYA_2838",NA,"rn:R00669 rn:R02282",NA,NA,NA,"line",NA,NA,"#FFCC66","#FFFFFF",0,"01100"
"entry5733","5105","mya:MORIYA_0689 / mya:MORIYA_1767 / mya:MORIYA_1768","gene","http://www.kegg.jp/dbget-bin/www_bget?mya:MORIYA_0689+mya:MORIYA_1767+mya:MORIYA_1768",NA,"rn:R02111",NA,NA,NA,"line",NA,NA,"#B3B3E6","#FFFFFF",0,"01100"
"entry5734","5108","mya:MORIYA_0690 / mya:MORIYA_1766","gene","http://www.kegg.jp/dbget-bin/www_bget?mya:MORIYA_0690+mya:MORIYA_1766",NA,"rn:R02110",NA,NA,NA,"line",NA,NA,"#B3B3E6","#FFFFFF",0,"01100"
"entry5735","5118","mya:MORIYA_3603","gene","http://www.kegg.jp/dbget-bin/www_bget?mya:MORIYA_3603",NA,"rn:R04606",NA,NA,NA,"line",NA,NA,"#99CCFF","#FFFFFF",0,"01100"
"entry5738","5141","mya:MORIYA_0845","gene","http://www.kegg.jp/dbget-bin/www_bget?mya:MORIYA_0845",NA,"rn:R03457",NA,NA,NA,"line",NA,NA,"#FFCC66","#FFFFFF",0,"01100"
"entry5739","5142","mya:MORIYA_0382 / mya:MORIYA_0844","gene","http://www.kegg.jp/dbget-bin/www_bget?mya:MORIYA_0382+mya:MORIYA_0844",NA,"rn:R03243",NA,NA,NA,"line",NA,NA,"#FFCC66","#FFFFFF",0,"01100"
"entry5744","5192","mya:MORIYA_3513","gene","http://www.kegg.jp/dbget-bin/www_bget?mya:MORIYA_3513",NA,"rn:R04972",NA,NA,NA,"line",NA,NA,"#FFB3CC","#FFFFFF",0,"01100"
"entry5745","5193","mya:MORIYA_3034","gene","http://www.kegg.jp/dbget-bin/www_bget?mya:MORIYA_3034",NA,"rn:R00036",NA,NA,NA,"line",NA,NA,"#FFB3CC","#FFFFFF",0,"01100"
"entry5747","5195","mya:MORIYA_3044","gene","http://www.kegg.jp/dbget-bin/www_bget?mya:MORIYA_3044",NA,"rn:R00084",NA,NA,NA,"line",NA,NA,"#FFB3CC","#FFFFFF",0,"01100"
"entry5759","5239","mya:MORIYA_2643","gene","http://www.kegg.jp/dbget-bin/www_bget?mya:MORIYA_2643",NA,"rn:R03816",NA,NA,NA,"line",NA,NA,"#FFB3CC","#FFFFFF",0,"01100"
"entry5760","5243","mya:MORIYA_3025","gene","http://www.kegg.jp/dbget-bin/www_bget?mya:MORIYA_3025",NA,"rn:R09736",NA,NA,NA,"line",NA,NA,"#FFB3CC","#FFFFFF",0,"01100"
"entry5764","5251","mya:MORIYA_2643","gene","http://www.kegg.jp/dbget-bin/www_bget?mya:MORIYA_2643",NA,"rn:R02964",NA,NA,NA,"line",NA,NA,"#FFB3CC","#FFFFFF",0,"01100"
"entry5777","5327","mya:MORIYA_3615","gene","http://www.kegg.jp/dbget-bin/www_bget?mya:MORIYA_3615",NA,"rn:R11765",NA,NA,NA,"line",NA,NA,"#FFB3CC","#FFFFFF",0,"01100"
"entry5778","5333","mya:MORIYA_3886","gene","http://www.kegg.jp/dbget-bin/www_bget?mya:MORIYA_3886",NA,"rn:R04734",NA,NA,NA,"line",NA,NA,"#FFB3CC","#FFFFFF",0,"01100"
"entry5779","5335","mya:MORIYA_3887","gene","http://www.kegg.jp/dbget-bin/www_bget?mya:MORIYA_3887",NA,"rn:R07211 rn:R07212 rn:R07213",NA,NA,NA,"line",NA,NA,"#FFB3CC","#FFFFFF",0,"01100"
"entry5780","5340","mya:MORIYA_2210","gene","http://www.kegg.jp/dbget-bin/www_bget?mya:MORIYA_2210",NA,"rn:R11581",NA,NA,NA,"line",NA,NA,"#FFB3CC","#FFFFFF",0,"01100"
"entry5782","5342","mya:MORIYA_3040","gene","http://www.kegg.jp/dbget-bin/www_bget?mya:MORIYA_3040",NA,"rn:R05707 rn:R09750",NA,NA,NA,"line",NA,NA,"#FFB3CC","#FFFFFF",0,"01100"
"entry5783","5345","mya:MORIYA_1009","gene","http://www.kegg.jp/dbget-bin/www_bget?mya:MORIYA_1009",NA,"rn:R11372",NA,NA,NA,"line",NA,NA,"#FFB3CC","#FFFFFF",0,"01100"
"entry5784","5346","mya:MORIYA_3717","gene","http://www.kegg.jp/dbget-bin/www_bget?mya:MORIYA_3717",NA,"rn:R04457",NA,NA,NA,"line",NA,NA,"#FFB3CC","#FFFFFF",0,"01100"
"entry5785","5349","mya:MORIYA_0324 / mya:MORIYA_0673 / mya:MORIYA_0949 / mya:MORIYA_3735","gene","http://www.kegg.jp/dbget-bin/www_bget?mya:MORIYA_0324+mya:MORIYA_0673+mya:MORIYA_0949+mya:MORIYA_3735",NA,"rn:R01227 rn:R01228",NA,NA,NA,"line",NA,NA,"#FF8080","#FFFFFF",0,"01100"
"entry5786","5350","mya:MORIYA_0413 / mya:MORIYA_3642","gene","http://www.kegg.jp/dbget-bin/www_bget?mya:MORIYA_0413+mya:MORIYA_3642",NA,"rn:R01677 rn:R02147",NA,NA,NA,"line",NA,NA,"#FF8080","#FFFFFF",0,"01100"
"entry5787","5351","mya:MORIYA_1645","gene","http://www.kegg.jp/dbget-bin/www_bget?mya:MORIYA_1645",NA,"rn:R02014 rn:R11634",NA,NA,NA,"line",NA,NA,"#FF8080","#FFFFFF",0,"01100"
"entry5788","5352","mya:MORIYA_0287","gene","http://www.kegg.jp/dbget-bin/www_bget?mya:MORIYA_0287",NA,"rn:R00428",NA,NA,NA,"line",NA,NA,"#FFB3CC","#FFFFFF",0,"01100"
"entry5789","5353","mya:MORIYA_3491 / mya:MORIYA_3716","gene","http://www.kegg.jp/dbget-bin/www_bget?mya:MORIYA_3491+mya:MORIYA_3716",NA,"rn:R00425",NA,NA,NA,"line",NA,NA,"#FFB3CC","#FFFFFF",0,"01100"
"entry5790","5354","mya:MORIYA_3642","gene","http://www.kegg.jp/dbget-bin/www_bget?mya:MORIYA_3642",NA,"rn:R02557",NA,NA,NA,"line",NA,NA,"#FF8080","#FFFFFF",0,"01100"
"entry5791","5359","mya:MORIYA_2404 / mya:MORIYA_3653","gene","http://www.kegg.jp/dbget-bin/www_bget?mya:MORIYA_2404+mya:MORIYA_3653",NA,"rn:R02142",NA,NA,NA,"line",NA,NA,"#FF8080","#FFFFFF",0,"01100"
"entry5792","5360","mya:MORIYA_0413 / mya:MORIYA_3642","gene","http://www.kegg.jp/dbget-bin/www_bget?mya:MORIYA_0413+mya:MORIYA_3642",NA,"rn:R01245 rn:R01561",NA,NA,NA,"line",NA,NA,"#FF8080","#FFFFFF",0,"01100"
"entry5793","5362","mya:MORIYA_1177 / mya:MORIYA_1178","gene","http://www.kegg.jp/dbget-bin/www_bget?mya:MORIYA_1177+mya:MORIYA_1178",NA,"rn:R02017",NA,NA,NA,"line",NA,NA,"#FF8080","#FFFFFF",0,"01100"
"entry5794","5367","mya:MORIYA_0324 / mya:MORIYA_0673 / mya:MORIYA_0949 / mya:MORIYA_3735","gene","http://www.kegg.jp/dbget-bin/www_bget?mya:MORIYA_0324+mya:MORIYA_0673+mya:MORIYA_0949+mya:MORIYA_3735",NA,"rn:R01126 rn:R01131",NA,NA,NA,"line",NA,NA,"#FF8080","#FFFFFF",0,"01100"
"entry5795","5368","mya:MORIYA_0413 / mya:MORIYA_3642","gene","http://www.kegg.jp/dbget-bin/www_bget?mya:MORIYA_0413+mya:MORIYA_3642",NA,"rn:R01770 rn:R01863",NA,NA,NA,"line",NA,NA,"#FF8080","#FFFFFF",0,"01100"
"entry5796","5369","mya:MORIYA_3653","gene","http://www.kegg.jp/dbget-bin/www_bget?mya:MORIYA_3653",NA,"rn:R01128 rn:R01132",NA,NA,NA,"line",NA,NA,"#FF8080","#FFFFFF",0,"01100"
"entry5797","5370","mya:MORIYA_2453","gene","http://www.kegg.jp/dbget-bin/www_bget?mya:MORIYA_2453",NA,"rn:R01135",NA,NA,NA,"line",NA,NA,"#FF8080","#FFFFFF",0,"01100"
"entry5798","5371","mya:MORIYA_4197","gene","http://www.kegg.jp/dbget-bin/www_bget?mya:MORIYA_4197",NA,"rn:R01083",NA,NA,NA,"line",NA,NA,"#FF8080","#FFFFFF",0,"01100"
"entry5799","5372","mya:MORIYA_0673 / mya:MORIYA_0949 / mya:MORIYA_3735","gene","http://www.kegg.jp/dbget-bin/www_bget?mya:MORIYA_0673+mya:MORIYA_0949+mya:MORIYA_3735",NA,"rn:R00183 rn:R00185",NA,NA,NA,"line",NA,NA,"#FF8080","#FFFFFF",0,"01100"
"entry5800","5373","mya:MORIYA_1459 / mya:MORIYA_3574","gene","http://www.kegg.jp/dbget-bin/www_bget?mya:MORIYA_1459+mya:MORIYA_3574",NA,"rn:R00182 rn:R00190",NA,NA,NA,"line",NA,NA,"#FF8080","#FFFFFF",0,"01100"
"entry5801","5374","mya:MORIYA_0292","gene","http://www.kegg.jp/dbget-bin/www_bget?mya:MORIYA_0292",NA,"rn:R00122 rn:R00127",NA,NA,NA,"line",NA,NA,"#FF8080","#FFFFFF",0,"01100"
"entry5802","5375","mya:MORIYA_0673 / mya:MORIYA_0949 / mya:MORIYA_3735","gene","http://www.kegg.jp/dbget-bin/www_bget?mya:MORIYA_0673+mya:MORIYA_0949+mya:MORIYA_3735",NA,"rn:R02719",NA,NA,NA,"line",NA,NA,"#FF8080","#FFFFFF",0,"01100"
"entry5803","5376","mya:MORIYA_0413 / mya:MORIYA_3642","gene","http://www.kegg.jp/dbget-bin/www_bget?mya:MORIYA_0413+mya:MORIYA_3642",NA,"rn:R02143 rn:R02297",NA,NA,NA,"line",NA,NA,"#FF8080","#FFFFFF",0,"01100"
"entry5804","5377","mya:MORIYA_1177 / mya:MORIYA_1178","gene","http://www.kegg.jp/dbget-bin/www_bget?mya:MORIYA_1177+mya:MORIYA_1178",NA,"rn:R02019",NA,NA,NA,"line",NA,NA,"#FF8080","#FFFFFF",0,"01100"
"entry5805","5378","mya:MORIYA_1645","gene","http://www.kegg.jp/dbget-bin/www_bget?mya:MORIYA_1645",NA,"rn:R02020 rn:R11633",NA,NA,NA,"line",NA,NA,"#FF8080","#FFFFFF",0,"01100"
"entry5806","5386","mya:MORIYA_3767","gene","http://www.kegg.jp/dbget-bin/www_bget?mya:MORIYA_3767",NA,"rn:R03067",NA,NA,NA,"line",NA,NA,"#FFB3CC","#FFFFFF",0,"01100"
"entry5807","5388","mya:MORIYA_3714","gene","http://www.kegg.jp/dbget-bin/www_bget?mya:MORIYA_3714",NA,"rn:R03459",NA,NA,NA,"line",NA,NA,"#FFB3CC","#FFFFFF",0,"01100"
"entry5808","5389","mya:MORIYA_3714","gene","http://www.kegg.jp/dbget-bin/www_bget?mya:MORIYA_3714",NA,"rn:R03458",NA,NA,NA,"line",NA,NA,"#FFB3CC","#FFFFFF",0,"01100"
"entry5809","5390","mya:MORIYA_3058","gene","http://www.kegg.jp/dbget-bin/www_bget?mya:MORIYA_3058",NA,"rn:R07280",NA,NA,NA,"line",NA,NA,"#FFB3CC","#FFFFFF",0,"01100"
"entry5810","5391","mya:MORIYA_0925 / mya:MORIYA_3715","gene","http://www.kegg.jp/dbget-bin/www_bget?mya:MORIYA_0925+mya:MORIYA_3715",NA,"rn:R00066",NA,NA,NA,"line",NA,NA,"#FFB3CC","#FFFFFF",0,"01100"
"entry5811","5392","mya:MORIYA_2493 / mya:MORIYA_3058","gene","http://www.kegg.jp/dbget-bin/www_bget?mya:MORIYA_2493+mya:MORIYA_3058",NA,"rn:R00548 rn:R00549 rn:R00550 rn:R08574",NA,NA,NA,"line",NA,NA,"#FFB3CC","#FFFFFF",0,"01100"
"entry5812","5393","mya:MORIYA_2493","gene","http://www.kegg.jp/dbget-bin/www_bget?mya:MORIYA_2493",NA,"rn:R00160 rn:R00161",NA,NA,NA,"line",NA,NA,"#FFB3CC","#FFFFFF",0,"01100"
"entry5813","5394","mya:MORIYA_0287","gene","http://www.kegg.jp/dbget-bin/www_bget?mya:MORIYA_0287",NA,"rn:R05046",NA,NA,NA,"line",NA,NA,"#FFB3CC","#FFFFFF",0,"01100"
"entry5814","5395","mya:MORIYA_0287","gene","http://www.kegg.jp/dbget-bin/www_bget?mya:MORIYA_0287",NA,"rn:R05048",NA,NA,NA,"line",NA,NA,"#FFB3CC","#FFFFFF",0,"01100"
"entry5815","5396","mya:MORIYA_0287","gene","http://www.kegg.jp/dbget-bin/www_bget?mya:MORIYA_0287",NA,"rn:R04639",NA,NA,NA,"line",NA,NA,"#FFB3CC","#FFFFFF",0,"01100"
"entry5816","5397","mya:MORIYA_1135","gene","http://www.kegg.jp/dbget-bin/www_bget?mya:MORIYA_1135",NA,"rn:R04620",NA,NA,NA,"line",NA,NA,"#FFB3CC","#FFFFFF",0,"01100"
"entry5817","5398","mya:MORIYA_2468","gene","http://www.kegg.jp/dbget-bin/www_bget?mya:MORIYA_2468",NA,"rn:R03504",NA,NA,NA,"line",NA,NA,"#FFB3CC","#FFFFFF",0,"01100"
"entry5818","5399","mya:MORIYA_2467 / mya:MORIYA_3862","gene","http://www.kegg.jp/dbget-bin/www_bget?mya:MORIYA_2467+mya:MORIYA_3862",NA,"rn:R03503",NA,NA,NA,"line",NA,NA,"#FFB3CC","#FFFFFF",0,"01100"
"entry5819","5400","mya:MORIYA_0119","gene","http://www.kegg.jp/dbget-bin/www_bget?mya:MORIYA_0119",NA,"rn:R02237",NA,NA,NA,"line",NA,NA,"#FFB3CC","#FFFFFF",0,"01100"
"entry5820","5401","mya:MORIYA_3615","gene","http://www.kegg.jp/dbget-bin/www_bget?mya:MORIYA_3615",NA,"rn:R00936 rn:R00939",NA,NA,NA,"line",NA,NA,"#FFB3CC","#FFFFFF",0,"01100"
"entry5821","5402","mya:MORIYA_3615","gene","http://www.kegg.jp/dbget-bin/www_bget?mya:MORIYA_3615",NA,"rn:R02235 rn:R02236",NA,NA,NA,"line",NA,NA,"#FFB3CC","#FFFFFF",0,"01100"
"entry5822","5403","mya:MORIYA_3615","gene","http://www.kegg.jp/dbget-bin/www_bget?mya:MORIYA_3615",NA,"rn:R00937 rn:R00940",NA,NA,NA,"line",NA,NA,"#FFB3CC","#FFFFFF",0,"01100"
"entry5823","5404","mya:MORIYA_3767","gene","http://www.kegg.jp/dbget-bin/www_bget?mya:MORIYA_3767",NA,"rn:R03066",NA,NA,NA,"line",NA,NA,"#FFB3CC","#FFFFFF",0,"01100"
"entry5824","5406","mya:MORIYA_2317 / mya:MORIYA_2840","gene","http://www.kegg.jp/dbget-bin/www_bget?mya:MORIYA_2317+mya:MORIYA_2840",NA,"rn:R01217 rn:R01224 rn:R07168",NA,NA,NA,"line",NA,NA,"#FFB3CC","#FFFFFF",0,"01100"
"entry5825","5410","mya:MORIYA_2083","gene","http://www.kegg.jp/dbget-bin/www_bget?mya:MORIYA_2083",NA,"rn:R02301",NA,NA,NA,"line",NA,NA,"#FFB3CC","#FFFFFF",0,"01100"
"entry5826","5411","mya:MORIYA_2073 / mya:MORIYA_3711","gene","http://www.kegg.jp/dbget-bin/www_bget?mya:MORIYA_2073+mya:MORIYA_3711",NA,"rn:R00945 rn:R01669 rn:R01225 rn:R04125 rn:R06613",NA,NA,NA,"line",NA,NA,"#FFB3CC","#FFFFFF",0,"01100"
"entry5827","5412","mya:MORIYA_1686 / mya:MORIYA_2230 / mya:MORIYA_2471","gene","http://www.kegg.jp/dbget-bin/www_bget?mya:MORIYA_1686+mya:MORIYA_2230+mya:MORIYA_2471",NA,"rn:R00943 rn:R04325 rn:R04560",NA,NA,NA,"line",NA,NA,"#FFB3CC","#FFFFFF",0,"01100"
"entry5828","5413","mya:MORIYA_0127","gene","http://www.kegg.jp/dbget-bin/www_bget?mya:MORIYA_0127",NA,"rn:R01655",NA,NA,NA,"line",NA,NA,"#FFB3CC","#FFFFFF",0,"01100"
"entry5829","5414","mya:MORIYA_0127","gene","http://www.kegg.jp/dbget-bin/www_bget?mya:MORIYA_0127",NA,"rn:R01218 rn:R01220",NA,NA,NA,"line",NA,NA,"#FFB3CC","#FFFFFF",0,"01100"
"entry5830","5415","mya:MORIYA_0292","gene","http://www.kegg.jp/dbget-bin/www_bget?mya:MORIYA_0292",NA,"rn:R01547",NA,NA,NA,"line",NA,NA,"#FF8080","#FFFFFF",0,"01100"
"entry5831","5416","mya:MORIYA_3642","gene","http://www.kegg.jp/dbget-bin/www_bget?mya:MORIYA_3642",NA,"rn:R02748",NA,NA,NA,"line",NA,NA,"#FF8080","#FFFFFF",0,"01100"
"entry5832","5417","mya:MORIYA_3096","gene","http://www.kegg.jp/dbget-bin/www_bget?mya:MORIYA_3096",NA,"rn:R02090",NA,NA,NA,"line",NA,NA,"#FF8080","#FFFFFF",0,"01100"
"entry5833","5418","mya:MORIYA_0673 / mya:MORIYA_0949 / mya:MORIYA_3735","gene","http://www.kegg.jp/dbget-bin/www_bget?mya:MORIYA_0673+mya:MORIYA_0949+mya:MORIYA_3735",NA,"rn:R01967 rn:R01968",NA,NA,NA,"line",NA,NA,"#FF8080","#FFFFFF",0,"01100"
"entry5879","5476","mya:MORIYA_2230","gene","http://www.kegg.jp/dbget-bin/www_bget?mya:MORIYA_2230",NA,"rn:R04326",NA,NA,NA,"line",NA,NA,"#FFB3CC","#FFFFFF",0,"01100"
"entry5883","5480","mya:MORIYA_2229","gene","http://www.kegg.jp/dbget-bin/www_bget?mya:MORIYA_2229",NA,"rn:R04208",NA,NA,NA,"line",NA,NA,"#FF8080","#FFFFFF",0,"01100"
"entry5884","5481","mya:MORIYA_2471","gene","http://www.kegg.jp/dbget-bin/www_bget?mya:MORIYA_2471",NA,"rn:R04560 rn:R06975",NA,NA,NA,"line",NA,NA,"#FF8080","#FFFFFF",0,"01100"
"entry5889","5487","mya:MORIYA_2862","gene","http://www.kegg.jp/dbget-bin/www_bget?mya:MORIYA_2862",NA,"rn:R07405",NA,NA,NA,"line",NA,NA,"#FF8080","#FFFFFF",0,"01100"
"entry5894","5497","mya:MORIYA_0921","gene","http://www.kegg.jp/dbget-bin/www_bget?mya:MORIYA_0921",NA,"rn:R10002",NA,NA,NA,"line",NA,NA,"#FFB3CC","#FFFFFF",0,"01100"
"entry5895","5498","mya:MORIYA_1630","gene","http://www.kegg.jp/dbget-bin/www_bget?mya:MORIYA_1630",NA,"rn:R09978",NA,NA,NA,"line",NA,NA,"#FFB3CC","#FFFFFF",0,"01100"
"entry5896","5499","mya:MORIYA_3577","gene","http://www.kegg.jp/dbget-bin/www_bget?mya:MORIYA_3577",NA,"rn:R07605",NA,NA,NA,"line",NA,NA,"#FFB3CC","#FFFFFF",0,"01100"
"entry5901","5506","mya:MORIYA_1007","gene","http://www.kegg.jp/dbget-bin/www_bget?mya:MORIYA_1007",NA,"rn:R09395",NA,NA,NA,"line",NA,NA,"#FFB3CC","#FFFFFF",0,"01100"
"entry5902","5507","mya:MORIYA_0899 / mya:MORIYA_1010","gene","http://www.kegg.jp/dbget-bin/www_bget?mya:MORIYA_0899+mya:MORIYA_1010",NA,"rn:R09726",NA,NA,NA,"line",NA,NA,"#FFB3CC","#FFFFFF",0,"01100"
"entry5903","5508","mya:MORIYA_0286 / mya:MORIYA_2211","gene","http://www.kegg.jp/dbget-bin/www_bget?mya:MORIYA_0286+mya:MORIYA_2211",NA,"rn:R09735",NA,NA,NA,"line",NA,NA,"#FFB3CC","#FFFFFF",0,"01100"
"entry5915","5539","mya:MORIYA_1887","gene","http://www.kegg.jp/dbget-bin/www_bget?mya:MORIYA_1887",NA,"rn:R02058 rn:R02059",NA,NA,NA,"line",NA,NA,"#B3B3E6","#FFFFFF",0,"01100"
"entry5916","5540","mya:MORIYA_1138","gene","http://www.kegg.jp/dbget-bin/www_bget?mya:MORIYA_1138",NA,"rn:R08555",NA,NA,NA,"line",NA,NA,"#B3B3E6","#FFFFFF",0,"01100"
"entry5917","5541","mya:MORIYA_3768","gene","http://www.kegg.jp/dbget-bin/www_bget?mya:MORIYA_3768",NA,"rn:R02060",NA,NA,NA,"line",NA,NA,"#B3B3E6","#FFFFFF",0,"01100"
"entry5926","5575","mya:MORIYA_0276","gene","http://www.kegg.jp/dbget-bin/www_bget?mya:MORIYA_0276",NA,"rn:R02736 rn:R10907",NA,NA,NA,"line",NA,NA,"#6C63F6","#FFFFFF",0,"01100"
"entry5933","5622","mya:MORIYA_3422","gene","http://www.kegg.jp/dbget-bin/www_bget?mya:MORIYA_3422",NA,"rn:R00342 rn:R00343",NA,NA,NA,"line",NA,NA,"#CC99FF","#FFFFFF",0,"01100"
"entry5938","5633","mya:MORIYA_1033 / mya:MORIYA_1034 / mya:MORIYA_1035 / mya:MORIYA_1036 / mya:MORIYA_1691 / mya:MORIYA_1692 / mya:MORIYA_1693","gene","http://www.kegg.jp/dbget-bin/www_bget?mya:MORIYA_1033+mya:MORIYA_1034+mya:MORIYA_1035+mya:MORIYA_1036+mya:MORIYA_1691+mya:MORIYA_1692+mya:MORIYA_1693",NA,"rn:R02164 rn:R00402 rn:R10660",NA,NA,NA,"line",NA,NA,"#6C63F6","#FFFFFF",0,"01100"
"entry5962","5686","mya:MORIYA_3745","gene","http://www.kegg.jp/dbget-bin/www_bget?mya:MORIYA_3745",NA,"rn:R02750",NA,NA,NA,"line",NA,NA,"#6C63F6","#FFFFFF",0,"01100"
"entry5965","5689","mya:MORIYA_1495 / mya:MORIYA_4102 / mya:MORIYA_4105","gene","http://www.kegg.jp/dbget-bin/www_bget?mya:MORIYA_1495+mya:MORIYA_4102+mya:MORIYA_4105",NA,"rn:R01061 rn:R01063",NA,NA,NA,"line",NA,NA,"#6C63F6","#FFFFFF",0,"01100"
"entry5986","5779","mya:MORIYA_2532","gene","http://www.kegg.jp/dbget-bin/www_bget?mya:MORIYA_2532",NA,"rn:R00426",NA,NA,NA,"line",NA,NA,"#FF8080","#FFFFFF",0,"01100"
"entry5988","5781","mya:MORIYA_3035","gene","http://www.kegg.jp/dbget-bin/www_bget?mya:MORIYA_3035",NA,"rn:R03409",NA,NA,NA,"line",NA,NA,"#FF8080","#FFFFFF",0,"01100"
"entry6010","5866","mya:MORIYA_3055","gene","http://www.kegg.jp/dbget-bin/www_bget?mya:MORIYA_3055",NA,"rn:R02735",NA,NA,NA,"line",NA,NA,"#FFCC66","#FFFFFF",0,"01100"
"entry6013","5877","mya:MORIYA_0421 / mya:MORIYA_0422","gene","http://www.kegg.jp/dbget-bin/www_bget?mya:MORIYA_0421+mya:MORIYA_0422",NA,"rn:R03896",NA,NA,NA,"line",NA,NA,"#FFCC66","#FFFFFF",0,"01100"
"entry6024","5908","mya:MORIYA_1266","gene","http://www.kegg.jp/dbget-bin/www_bget?mya:MORIYA_1266",NA,"rn:R00143 rn:R00148",NA,NA,NA,"line",NA,NA,"#CC99FF","#FFFFFF",0,"01100"
"entry6025","5911","mya:MORIYA_0150","gene","http://www.kegg.jp/dbget-bin/www_bget?mya:MORIYA_0150",NA,"rn:R02804",NA,NA,NA,"line",NA,NA,"#CC99FF","#FFFFFF",0,"01100"
"entry6028","5919","mya:MORIYA_0581 / mya:MORIYA_0694 / mya:MORIYA_0695 / mya:MORIYA_3372 / mya:MORIYA_3373","gene","http://www.kegg.jp/dbget-bin/www_bget?mya:MORIYA_0581+mya:MORIYA_0694+mya:MORIYA_0695+mya:MORIYA_3372+mya:MORIYA_3373",NA,"rn:R00787 rn:R00789 rn:R00790 rn:R05712",NA,NA,NA,"line",NA,NA,"#CC99FF","#FFFFFF",0,"01100"
"entry6031","5927","mya:MORIYA_1014 / mya:MORIYA_1015 / mya:MORIYA_4213","gene","http://www.kegg.jp/dbget-bin/www_bget?mya:MORIYA_1014+mya:MORIYA_1015+mya:MORIYA_4213",NA,"rn:R00791 rn:R00792 rn:R00796 rn:R00798 rn:R03071 rn:R09497",NA,NA,NA,"line",NA,NA,"#CC99FF","#FFFFFF",0,"01100"
"entry6037","5939","mya:MORIYA_0546","gene","http://www.kegg.jp/dbget-bin/www_bget?mya:MORIYA_0546",NA,"rn:R03869 rn:R03871 rn:R03872",NA,NA,NA,"line",NA,NA,"#FFCC66","#FFFFFF",0,"01100"
"entry6049","5995","mya:MORIYA_0546","gene","http://www.kegg.jp/dbget-bin/www_bget?mya:MORIYA_0546",NA,"rn:R05050",NA,NA,NA,"line",NA,NA,"#FFCC66","#FFFFFF",0,"01100"
"entry6052","6000","mya:MORIYA_3391","gene","http://www.kegg.jp/dbget-bin/www_bget?mya:MORIYA_3391",NA,"rn:R03291 rn:R03293 rn:R03295",NA,NA,NA,"line",NA,NA,"#FFCC66","#FFFFFF",0,"01100"
"entry6053","6001","mya:MORIYA_3391 / mya:MORIYA_3488","gene","http://www.kegg.jp/dbget-bin/www_bget?mya:MORIYA_3391+mya:MORIYA_3488",NA,"rn:R01248 rn:R01251 rn:R01253 rn:R10507",NA,NA,NA,"line",NA,NA,"#FFCC66","#FFFFFF",0,"01100"
"entry6068","6040","mya:MORIYA_1409","gene","http://www.kegg.jp/dbget-bin/www_bget?mya:MORIYA_1409",NA,"rn:R08165",NA,NA,NA,"line",NA,NA,"#FFB3CC","#FFFFFF",0,"01100"
"entry6070","6042","mya:MORIYA_1410","gene","http://www.kegg.jp/dbget-bin/www_bget?mya:MORIYA_1410",NA,"rn:R01717",NA,NA,NA,"line",NA,NA,"#FFB3CC","#FFFFFF",0,"01100"
"entry6076","6073","mya:MORIYA_3115","gene","http://www.kegg.jp/dbget-bin/www_bget?mya:MORIYA_3115",NA,"rn:R01372",NA,NA,NA,"line",NA,NA,"#FFCC66","#FFFFFF",0,"01100"
"entry6087","6148","mya:MORIYA_0115","gene","http://www.kegg.jp/dbget-bin/www_bget?mya:MORIYA_0115",NA,"rn:R02291",NA,NA,NA,"line",NA,NA,"#FFCC66","#FFFFFF",0,"01100"
"entry6104","6235","mya:MORIYA_1038","gene","http://www.kegg.jp/dbget-bin/www_bget?mya:MORIYA_1038",NA,"rn:R00351 rn:R00352",NA,NA,NA,"line",NA,NA,"#6C63F6","#FFFFFF",0,"01100"
"entry6123","6726","mya:MORIYA_3439","gene","http://www.kegg.jp/dbget-bin/www_bget?mya:MORIYA_3439",NA,"rn:R00401",NA,NA,NA,"line",NA,NA,"#FF9900","#FFFFFF",0,"01100"
"entry6126","6741","mya:MORIYA_3406","gene","http://www.kegg.jp/dbget-bin/www_bget?mya:MORIYA_3406",NA,"rn:R12193",NA,NA,NA,"line",NA,NA,"#99CCFF","#FFFFFF",0,"01100"
"entry6129","6786","mya:MORIYA_1322 / mya:MORIYA_1323 / mya:MORIYA_1324 / mya:MORIYA_1325 / mya:MORIYA_1329 / mya:MORIYA_1330 / mya:MORIYA_1331 / mya:MORIYA_1332 / mya:MORIYA_1333 / mya:MORIYA_1334 / mya:MORIYA_1335 / mya:MORIYA_1336 / mya:MORIYA_1337","gene","http://www.kegg.jp/dbget-bin/www_bget?mya:MORIYA_1322+mya:MORIYA_1323+mya:MORIYA_1324+mya:MORIYA_1325+mya:MORIYA_1329+mya:MORIYA_1330+mya:MORIYA_1331+mya:MORIYA_1332+mya:MORIYA_1333+mya:MORIYA_1334+mya:MORIYA_1335+mya:MORIYA_1336+mya:MORIYA_1337",NA,NA,NA,NA,NA,"line",NA,NA,"#CC99FF","#FFFFFF",0,"01100"
"entry6130","6790","mya:MORIYA_4047 / mya:MORIYA_4048 / mya:MORIYA_4053","gene","http://www.kegg.jp/dbget-bin/www_bget?mya:MORIYA_4047+mya:MORIYA_4048+mya:MORIYA_4053",NA,NA,NA,NA,NA,"line",NA,NA,"#CC99FF","#FFFFFF",0,"01100"
"entry6131","6793","mya:MORIYA_0789 / mya:MORIYA_0790 / mya:MORIYA_0791 / mya:MORIYA_0792 / mya:MORIYA_1192 / mya:MORIYA_1193 / mya:MORIYA_1194 / mya:MORIYA_1195 / mya:MORIYA_1196 / mya:MORIYA_4047 / mya:MORIYA_4052 / mya:MORIYA_4054 / mya:MORIYA_4055","gene","http://www.kegg.jp/dbget-bin/www_bget?mya:MORIYA_0789+mya:MORIYA_0790+mya:MORIYA_0791+mya:MORIYA_0792+mya:MORIYA_1192+mya:MORIYA_1193+mya:MORIYA_1194+mya:MORIYA_1195+mya:MORIYA_1196+mya:MORIYA_4047+mya:MORIYA_4052+mya:MORIYA_4054+mya:MORIYA_4055",NA,NA,NA,NA,NA,"line",NA,NA,"#CC99FF","#FFFFFF",0,"01100"
"entry6132","6813","mya:MORIYA_3000 / mya:MORIYA_3001 / mya:MORIYA_3002 / mya:MORIYA_3003 / mya:MORIYA_3004 / mya:MORIYA_3005 / mya:MORIYA_3006 / mya:MORIYA_3007","gene","http://www.kegg.jp/dbget-bin/www_bget?mya:MORIYA_3000+mya:MORIYA_3001+mya:MORIYA_3002+mya:MORIYA_3003+mya:MORIYA_3004+mya:MORIYA_3005+mya:MORIYA_3006+mya:MORIYA_3007",NA,NA,NA,NA,NA,"line",NA,NA,"#CC99FF","#FFFFFF",0,"01100"
"entry6133","6820","mya:MORIYA_3000 / mya:MORIYA_3001 / mya:MORIYA_3002 / mya:MORIYA_3003 / mya:MORIYA_3004 / mya:MORIYA_3005 / mya:MORIYA_3006 / mya:MORIYA_3007","gene","http://www.kegg.jp/dbget-bin/www_bget?mya:MORIYA_3000+mya:MORIYA_3001+mya:MORIYA_3002+mya:MORIYA_3003+mya:MORIYA_3004+mya:MORIYA_3005+mya:MORIYA_3006+mya:MORIYA_3007",NA,NA,NA,NA,NA,"line",NA,NA,"#CC99FF","#FFFFFF",0,"01100"
"entry6134","6822","mya:MORIYA_3263 / mya:MORIYA_3264 / mya:MORIYA_3265","gene","http://www.kegg.jp/dbget-bin/www_bget?mya:MORIYA_3263+mya:MORIYA_3264+mya:MORIYA_3265",NA,NA,NA,NA,NA,"line",NA,NA,"#CC99FF","#FFFFFF",0,"01100"
"entry6135","6832","mya:MORIYA_2768 / mya:MORIYA_2769 / mya:MORIYA_4308 / mya:MORIYA_4309","gene","http://www.kegg.jp/dbget-bin/www_bget?mya:MORIYA_2768+mya:MORIYA_2769+mya:MORIYA_4308+mya:MORIYA_4309",NA,"rn:R05623 rn:R02560",NA,NA,NA,"line",NA,NA,"#CC99FF","#FFFFFF",0,"01100"
"entry6164","2134","mya:MORIYA_0848","gene","http://www.kegg.jp/dbget-bin/www_bget?mya:MORIYA_0848",NA,"rn:R04035",NA,NA,NA,"line",NA,NA,"#FFCC66","#FFFFFF",0,"01100"
"entry6165","2135","mya:MORIYA_0848","gene","http://www.kegg.jp/dbget-bin/www_bget?mya:MORIYA_0848",NA,"rn:R04037",NA,NA,NA,"line",NA,NA,"#FFCC66","#FFFFFF",0,"01100"
"entry6166","2136","mya:MORIYA_0503","gene","http://www.kegg.jp/dbget-bin/www_bget?mya:MORIYA_0503",NA,"rn:R04640",NA,NA,NA,"line",NA,NA,"#FFCC66","#FFFFFF",0,"01100"
"entry6171","6938","mya:MORIYA_0546","gene","http://www.kegg.jp/dbget-bin/www_bget?mya:MORIYA_0546",NA,"rn:R03283",NA,NA,NA,"line",NA,NA,"#FFCC66","#FFFFFF",0,"01100"
