"","entryID","name","type","link","component","reaction","map","x","y","graphicalType","width","height","fgcolor","bgcolor","freq","pathway"
"entry3754","6960","mpah:110327739 / mpah:110328763","gene","http://www.kegg.jp/dbget-bin/www_bget?mpah:110327739+mpah:110328763",NA,NA,NA,NA,NA,"line",NA,NA,"#99CCFF","#FFFFFF",0,"01100"
"entry3755","2664","mpah:110317719","gene","http://www.kegg.jp/dbget-bin/www_bget?mpah:110317719",NA,"rn:R06722",NA,NA,NA,"line",NA,NA,"#99CCFF","#FFFFFF",0,"01100"
"entry3756","6961","mpah:110319841 / mpah:110323014 / mpah:110326269","gene","http://www.kegg.jp/dbget-bin/www_bget?mpah:110319841+mpah:110323014+mpah:110326269",NA,"rn:R12479",NA,NA,NA,"line",NA,NA,"#99CCFF","#FFFFFF",0,"01100"
"entry3758","1655","mpah:110326344","gene","http://www.kegg.jp/dbget-bin/www_bget?mpah:110326344",NA,"rn:R07770",NA,NA,NA,"line",NA,NA,"#FFB3CC","#FFFFFF",0,"01100"
"entry3759","6921","mpah:110330581","gene","http://www.kegg.jp/dbget-bin/www_bget?mpah:110330581",NA,"rn:R12423",NA,NA,NA,"line",NA,NA,"#FFB3CC","#FFFFFF",0,"01100"
"entry3760","6922","mpah:110330581","gene","http://www.kegg.jp/dbget-bin/www_bget?mpah:110330581",NA,"rn:R12424",NA,NA,NA,"line",NA,NA,"#FFB3CC","#FFFFFF",0,"01100"
"entry3761","6923","mpah:110321880","gene","http://www.kegg.jp/dbget-bin/www_bget?mpah:110321880",NA,"rn:R12432",NA,NA,NA,"line",NA,NA,"#FFB3CC","#FFFFFF",0,"01100"
"entry3762","6925","mpah:110321880","gene","http://www.kegg.jp/dbget-bin/www_bget?mpah:110321880",NA,"rn:R12427",NA,NA,NA,"line",NA,NA,"#FFB3CC","#FFFFFF",0,"01100"
"entry3763","6926","mpah:110335369","gene","http://www.kegg.jp/dbget-bin/www_bget?mpah:110335369",NA,"rn:R12428",NA,NA,NA,"line",NA,NA,"#FFB3CC","#FFFFFF",0,"01100"
"entry3764","2485","mpah:110316014 / mpah:110322204 / mpah:110334224 / mpah:110334735","gene","http://www.kegg.jp/dbget-bin/www_bget?mpah:110316014+mpah:110322204+mpah:110334224+mpah:110334735",NA,"rn:R01468",NA,NA,NA,"line",NA,NA,"#80CCB3","#FFFFFF",0,"01100"
"entry3765","6929","mpah:110326438","gene","http://www.kegg.jp/dbget-bin/www_bget?mpah:110326438",NA,"rn:R02464",NA,NA,NA,"line",NA,NA,"#80CCB3","#FFFFFF",0,"01100"
"entry3766","6904","mpah:110316208","gene","http://www.kegg.jp/dbget-bin/www_bget?mpah:110316208",NA,"rn:R05731",NA,NA,NA,"line",NA,NA,"#80CCCC","#FFFFFF",0,"01100"
"entry3767","6907","mpah:110336636","gene","http://www.kegg.jp/dbget-bin/www_bget?mpah:110336636",NA,"rn:R12403",NA,NA,NA,"line",NA,NA,"#80CCCC","#FFFFFF",0,"01100"
"entry3768","6908","mpah:110313833","gene","http://www.kegg.jp/dbget-bin/www_bget?mpah:110313833",NA,"rn:R12404",NA,NA,NA,"line",NA,NA,"#80CCCC","#FFFFFF",0,"01100"
"entry3769","6909","mpah:110322416 / mpah:110322603 / mpah:110335722 / mpah:110338307","gene","http://www.kegg.jp/dbget-bin/www_bget?mpah:110322416+mpah:110322603+mpah:110335722+mpah:110338307",NA,"rn:R04018",NA,NA,NA,"line",NA,NA,"#80CCB3","#FFFFFF",0,"01100"
"entry3770","21","mpah:110325615","gene","http://www.kegg.jp/dbget-bin/www_bget?mpah:110325615",NA,"rn:R02768 rn:R04355",NA,NA,NA,"line",NA,NA,"#80CCCC","#FFFFFF",0,"01100"
"entry3771","22","mpah:110332500 / mpah:110335005","gene","http://www.kegg.jp/dbget-bin/www_bget?mpah:110332500+mpah:110335005",NA,"rn:R01626",NA,NA,NA,"line",NA,NA,"#80CCCC","#FFFFFF",0,"01100"
"entry3772","23","mpah:110335682 / mpah:110336964","gene","http://www.kegg.jp/dbget-bin/www_bget?mpah:110335682+mpah:110336964",NA,"rn:R02767",NA,NA,NA,"line",NA,NA,"#80CCCC","#FFFFFF",0,"01100"
"entry3773","25","mpah:110323410","gene","http://www.kegg.jp/dbget-bin/www_bget?mpah:110323410",NA,"rn:R01404",NA,NA,NA,"line",NA,NA,"#80CCCC","#FFFFFF",0,"01100"
"entry3774","34","mpah:110324272 / mpah:110338268","gene","http://www.kegg.jp/dbget-bin/www_bget?mpah:110324272+mpah:110338268",NA,"rn:R00551",NA,NA,NA,"line",NA,NA,"#FFCC66","#FFFFFF",0,"01100"
"entry3775","38","mpah:110337582","gene","http://www.kegg.jp/dbget-bin/www_bget?mpah:110337582",NA,"rn:R12300",NA,NA,NA,"line",NA,NA,"#80CCCC","#FFFFFF",0,"01100"
"entry3776","42","mpah:110322178 / mpah:110323139 / mpah:110324197 / mpah:110328112 / mpah:110328746","gene","http://www.kegg.jp/dbget-bin/www_bget?mpah:110322178+mpah:110323139+mpah:110324197+mpah:110328112+mpah:110328746",NA,NA,NA,NA,NA,"line",NA,NA,"#CC99FF","#FFFFFF",0,"01100"
"entry3777","45","mpah:110318657 / mpah:110320405 / mpah:110320651","gene","http://www.kegg.jp/dbget-bin/www_bget?mpah:110318657+mpah:110320405+mpah:110320651",NA,"rn:R09366",NA,NA,NA,"line",NA,NA,"#FF9900","#FFFFFF",0,"01100"
"entry3778","49","mpah:110323963","gene","http://www.kegg.jp/dbget-bin/www_bget?mpah:110323963",NA,"rn:R01394",NA,NA,NA,"line",NA,NA,"#B3B3E6","#FFFFFF",0,"01100"
"entry3779","54","mpah:110324206 / mpah:110325026 / mpah:110330110","gene","http://www.kegg.jp/dbget-bin/www_bget?mpah:110324206+mpah:110325026+mpah:110330110",NA,"rn:R06942",NA,NA,NA,"line",NA,NA,"#DA8E82","#FFFFFF",0,"01100"
"entry3780","55","mpah:110320141 / mpah:110330110","gene","http://www.kegg.jp/dbget-bin/www_bget?mpah:110320141+mpah:110330110",NA,"rn:R06941",NA,NA,NA,"line",NA,NA,"#DA8E82","#FFFFFF",0,"01100"
"entry3781","61","mpah:110318305 / mpah:110324304","gene","http://www.kegg.jp/dbget-bin/www_bget?mpah:110318305+mpah:110324304",NA,"rn:R07620",NA,NA,NA,"line",NA,NA,"#99CCFF","#FFFFFF",0,"01100"
"entry3782","63","mpah:110324550","gene","http://www.kegg.jp/dbget-bin/www_bget?mpah:110324550",NA,"rn:R02921",NA,NA,NA,"line",NA,NA,"#99CCFF","#FFFFFF",0,"01100"
"entry3783","65","mpah:110323376","gene","http://www.kegg.jp/dbget-bin/www_bget?mpah:110323376",NA,"rn:R12294",NA,NA,NA,"line",NA,NA,"#99CCFF","#FFFFFF",0,"01100"
"entry3784","70","mpah:110328034 / mpah:110335495","gene","http://www.kegg.jp/dbget-bin/www_bget?mpah:110328034+mpah:110335495",NA,"rn:R07945 rn:R07977",NA,NA,NA,"line",NA,NA,"#F06292","#FFFFFF",0,"01100"
"entry3785","119","mpah:110318918 / mpah:110326837 / mpah:110334906 / mpah:110337958","gene","http://www.kegg.jp/dbget-bin/www_bget?mpah:110318918+mpah:110326837+mpah:110334906+mpah:110337958",NA,"rn:R00173",NA,NA,NA,"line",NA,NA,"#FFB3CC","#FFFFFF",0,"01100"
"entry3786","134","mpah:110321544 / mpah:110328018","gene","http://www.kegg.jp/dbget-bin/www_bget?mpah:110321544+mpah:110328018",NA,"rn:R00883 rn:R00885",NA,NA,NA,"line",NA,NA,"#B3B3E6","#FFFFFF",0,"01100"
"entry3787","137","mpah:110318545","gene","http://www.kegg.jp/dbget-bin/www_bget?mpah:110318545",NA,"rn:R02030",NA,NA,NA,"line",NA,NA,"#80CCB3","#FFFFFF",0,"01100"
"entry3788","139","mpah:110320262 / mpah:110323226 / mpah:110324672 / mpah:110331978","gene","http://www.kegg.jp/dbget-bin/www_bget?mpah:110320262+mpah:110323226+mpah:110324672+mpah:110331978",NA,"rn:R02051",NA,NA,NA,"line",NA,NA,"#80CCB3","#FFFFFF",0,"01100"
"entry3789","147","mpah:110328215","gene","http://www.kegg.jp/dbget-bin/www_bget?mpah:110328215",NA,"rn:R09959",NA,NA,NA,"line",NA,NA,"#FFB3CC","#FFFFFF",0,"01100"
"entry3790","381","mpah:110325453","gene","http://www.kegg.jp/dbget-bin/www_bget?mpah:110325453",NA,"rn:R06513",NA,NA,NA,"line",NA,NA,"#9EE284","#FFFFFF",0,"01100"
"entry3792","568","mpah:110330595","gene","http://www.kegg.jp/dbget-bin/www_bget?mpah:110330595",NA,"rn:R01072",NA,NA,NA,"line",NA,NA,"#FF8080","#FFFFFF",0,"01100"
"entry3793","601","mpah:110324154","gene","http://www.kegg.jp/dbget-bin/www_bget?mpah:110324154",NA,"rn:R07618",NA,NA,NA,"line",NA,NA,"#FFCC66","#FFFFFF",0,"01100"
"entry3794","602","mpah:110327310 / mpah:110336437","gene","http://www.kegg.jp/dbget-bin/www_bget?mpah:110327310+mpah:110336437",NA,"rn:R01702 rn:R07601 rn:R07602",NA,NA,NA,"line",NA,NA,"#FFCC66","#FFFFFF",0,"01100"
"entry3795","604","mpah:110320152","gene","http://www.kegg.jp/dbget-bin/www_bget?mpah:110320152",NA,"rn:R04097",NA,NA,NA,"line",NA,NA,"#FFCC66","#FFFFFF",0,"01100"
"entry3797","607","mpah:110320435","gene","http://www.kegg.jp/dbget-bin/www_bget?mpah:110320435",NA,"rn:R10804",NA,NA,NA,"line",NA,NA,"#80CCB3","#FFFFFF",0,"01100"
"entry3798","608","mpah:110330858","gene","http://www.kegg.jp/dbget-bin/www_bget?mpah:110330858",NA,"rn:R10805",NA,NA,NA,"line",NA,NA,"#80CCB3","#FFFFFF",0,"01100"
"entry3799","612","mpah:110322460","gene","http://www.kegg.jp/dbget-bin/www_bget?mpah:110322460",NA,"rn:R03814",NA,NA,NA,"line",NA,NA,"#80CCCC","#FFFFFF",0,"01100"
"entry3800","613","mpah:110318386 / mpah:110318642 / mpah:110322451 / mpah:110323573 / mpah:110327330 / mpah:110327686 / mpah:110329705 / mpah:110333993 / mpah:110337246","gene","http://www.kegg.jp/dbget-bin/www_bget?mpah:110318386+mpah:110318642+mpah:110322451+mpah:110323573+mpah:110327330+mpah:110327686+mpah:110329705+mpah:110333993+mpah:110337246",NA,NA,NA,NA,NA,"line",NA,NA,"#80CCCC","#FFFFFF",0,"01100"
"entry3801","614","mpah:110323135 / mpah:110327492 / mpah:110328451 / mpah:110330653 / mpah:110331272 / mpah:110332881","gene","http://www.kegg.jp/dbget-bin/www_bget?mpah:110323135+mpah:110327492+mpah:110328451+mpah:110330653+mpah:110331272+mpah:110332881",NA,"rn:R07950 rn:R07951 rn:R07952 rn:R07953",NA,NA,NA,"line",NA,NA,"#80CCCC","#FFFFFF",0,"01100"
"entry3802","615","mpah:110318386 / mpah:110318642 / mpah:110323573 / mpah:110327686 / mpah:110328059 / mpah:110329705 / mpah:110337246","gene","http://www.kegg.jp/dbget-bin/www_bget?mpah:110318386+mpah:110318642+mpah:110323573+mpah:110327686+mpah:110328059+mpah:110329705+mpah:110337246",NA,NA,NA,NA,NA,"line",NA,NA,"#80CCCC","#FFFFFF",0,"01100"
"entry3803","616","mpah:110322460","gene","http://www.kegg.jp/dbget-bin/www_bget?mpah:110322460",NA,NA,NA,NA,NA,"line",NA,NA,"#80CCCC","#FFFFFF",0,"01100"
"entry3804","617","mpah:110318386 / mpah:110318642 / mpah:110323573 / mpah:110327330 / mpah:110327686 / mpah:110329705 / mpah:110333993 / mpah:110337246","gene","http://www.kegg.jp/dbget-bin/www_bget?mpah:110318386+mpah:110318642+mpah:110323573+mpah:110327330+mpah:110327686+mpah:110329705+mpah:110333993+mpah:110337246",NA,NA,NA,NA,NA,"line",NA,NA,"#80CCCC","#FFFFFF",0,"01100"
"entry3805","618","mpah:110323135 / mpah:110327492 / mpah:110328451 / mpah:110330653 / mpah:110331272 / mpah:110332881","gene","http://www.kegg.jp/dbget-bin/www_bget?mpah:110323135+mpah:110327492+mpah:110328451+mpah:110330653+mpah:110331272+mpah:110332881",NA,"rn:R07934 rn:R07935 rn:R07936 rn:R07937",NA,NA,NA,"line",NA,NA,"#80CCCC","#FFFFFF",0,"01100"
"entry3806","619","mpah:110318386 / mpah:110318642 / mpah:110323573 / mpah:110327686 / mpah:110328059 / mpah:110329705 / mpah:110337246","gene","http://www.kegg.jp/dbget-bin/www_bget?mpah:110318386+mpah:110318642+mpah:110323573+mpah:110327686+mpah:110328059+mpah:110329705+mpah:110337246",NA,NA,NA,NA,NA,"line",NA,NA,"#80CCCC","#FFFFFF",0,"01100"
"entry3807","620","mpah:110318386 / mpah:110318642 / mpah:110320278 / mpah:110323573 / mpah:110324270 / mpah:110324546 / mpah:110326664 / mpah:110327686 / mpah:110329705 / mpah:110330349 / mpah:110334618 / mpah:110337246","gene","http://www.kegg.jp/dbget-bin/www_bget?mpah:110318386+mpah:110318642+mpah:110320278+mpah:110323573+mpah:110324270+mpah:110324546+mpah:110326664+mpah:110327686+mpah:110329705+mpah:110330349+mpah:110334618+mpah:110337246",NA,NA,NA,NA,NA,"line",NA,NA,"#80CCCC","#FFFFFF",0,"01100"
"entry3809","623","mpah:110321557","gene","http://www.kegg.jp/dbget-bin/www_bget?mpah:110321557",NA,"rn:R01011",NA,NA,NA,"line",NA,NA,"#CC99FF","#FFFFFF",0,"01100"
"entry3810","624","mpah:110312743 / mpah:110323452 / mpah:110331449","gene","http://www.kegg.jp/dbget-bin/www_bget?mpah:110312743+mpah:110323452+mpah:110331449",NA,"rn:R01068",NA,NA,NA,"line",NA,NA,"#CC99FF","#FFFFFF",0,"01100"
"entry3811","629","mpah:110327870","gene","http://www.kegg.jp/dbget-bin/www_bget?mpah:110327870",NA,"rn:R08572",NA,NA,NA,"line",NA,NA,"#CC99FF","#FFFFFF",0,"01100"
"entry3812","635","mpah:110326232 / mpah:110331359","gene","http://www.kegg.jp/dbget-bin/www_bget?mpah:110326232+mpah:110331359",NA,"rn:R00945",NA,NA,NA,"line",NA,NA,"#FFCC66","#FFFFFF",0,"01100"
"entry3813","637","mpah:110327854","gene","http://www.kegg.jp/dbget-bin/www_bget?mpah:110327854",NA,"rn:R04125",NA,NA,NA,"line",NA,NA,"#FFCC66","#FFFFFF",0,"01100"
"entry3814","645","mpah:110323320","gene","http://www.kegg.jp/dbget-bin/www_bget?mpah:110323320",NA,"rn:R07168",NA,NA,NA,"line",NA,NA,"#CC99FF","#FFFFFF",0,"01100"
"entry3816","652","mpah:110312952 / mpah:110322334 / mpah:110328982","gene","http://www.kegg.jp/dbget-bin/www_bget?mpah:110312952+mpah:110322334+mpah:110328982",NA,"rn:R00364 rn:R00366 rn:R00372",NA,NA,NA,"line",NA,NA,"#B3B3E6","#FFFFFF",0,"01100"
"entry3817","654","mpah:110322334","gene","http://www.kegg.jp/dbget-bin/www_bget?mpah:110322334",NA,"rn:R00585 rn:R00588",NA,NA,NA,"line",NA,NA,"#FFCC66","#FFFFFF",0,"01100"
"entry3818","656","mpah:110320152","gene","http://www.kegg.jp/dbget-bin/www_bget?mpah:110320152",NA,"rn:R10998",NA,NA,NA,"line",NA,NA,"#B3B3E6","#FFFFFF",0,"01100"
"entry3819","663","mpah:110327367","gene","http://www.kegg.jp/dbget-bin/www_bget?mpah:110327367",NA,"rn:R07807",NA,NA,NA,"line",NA,NA,"#99CCFF","#FFFFFF",0,"01100"
"entry3820","667","mpah:110324512 / mpah:110332415 / mpah:110334944","gene","http://www.kegg.jp/dbget-bin/www_bget?mpah:110324512+mpah:110332415+mpah:110334944",NA,"rn:R08360 rn:R08363",NA,NA,NA,"line",NA,NA,"#FF9900","#FFFFFF",0,"01100"
"entry3821","671","mpah:110316996 / mpah:110317036 / mpah:110317199 / mpah:110317390 / mpah:110317397 / mpah:110319755 / mpah:110319963 / mpah:110320060 / mpah:110320061 / mpah:110320062 / mpah:110320064 / mpah:110320222 / mpah:110320468 / mpah:110320770 / mpah:110322134 / mpah:110322139 / mpah:110322363 / mpah:110326404 / mpah:110326405 / mpah:110326406 / mpah:110326652 / mpah:110327672 / mpah:110328389","gene","http://www.kegg.jp/dbget-bin/www_bget?mpah:110316996+mpah:110317036+mpah:110317199+mpah:110317390+mpah:110317397+mpah:110319755+mpah:110319963+mpah:110320060+mpah:110320061+mpah:110320062+mpah:110320064+mpah:110320222+mpah:110320468+mpah:110320770+mpah:110322134+mpah:110322139+mpah:110322363+mpah:110326404+mpah:110326405+mpah:110326406+mpah:110326652+mpah:110327672+mpah:110328389",NA,"rn:R03522",NA,NA,NA,"line",NA,NA,"#FF9900","#FFFFFF",0,"01100"
"entry3822","672","mpah:110317825 / mpah:110326963 / mpah:110326989 / mpah:110332670","gene","http://www.kegg.jp/dbget-bin/www_bget?mpah:110317825+mpah:110326963+mpah:110326989+mpah:110332670",NA,"rn:R03916",NA,NA,NA,"line",NA,NA,"#FF9900","#FFFFFF",0,"01100"
"entry3823","673","mpah:110328996 / mpah:110330274","gene","http://www.kegg.jp/dbget-bin/www_bget?mpah:110328996+mpah:110330274",NA,"rn:R04951",NA,NA,NA,"line",NA,NA,"#FF9900","#FFFFFF",0,"01100"
"entry3824","674","mpah:110316573 / mpah:110316574 / mpah:110317018 / mpah:110317030 / mpah:110317113 / mpah:110317171","gene","http://www.kegg.jp/dbget-bin/www_bget?mpah:110316573+mpah:110316574+mpah:110317018+mpah:110317030+mpah:110317113+mpah:110317171",NA,"rn:R04950",NA,NA,NA,"line",NA,NA,"#FF9900","#FFFFFF",0,"01100"
"entry3825","675","mpah:110323125 / mpah:110323454 / mpah:110324341 / mpah:110326696 / mpah:110327909 / mpah:110329021 / mpah:110332058 / mpah:110333985 / mpah:110334041 / mpah:110336357","gene","http://www.kegg.jp/dbget-bin/www_bget?mpah:110323125+mpah:110323454+mpah:110324341+mpah:110326696+mpah:110327909+mpah:110329021+mpah:110332058+mpah:110333985+mpah:110334041+mpah:110336357",NA,"rn:R00115 rn:R00120 rn:R00274 rn:R01108 rn:R01109 rn:R01110 rn:R01111 rn:R01875 rn:R02824 rn:R03167 rn:R03915 rn:R03984 rn:R04039",NA,NA,NA,"line",NA,NA,"#FF9900","#FFFFFF",0,"01100"
"entry3826","681","mpah:110324645","gene","http://www.kegg.jp/dbget-bin/www_bget?mpah:110324645",NA,"rn:R01583",NA,NA,NA,"line",NA,NA,"#FF9900","#FFFFFF",0,"01100"
"entry3827","682","mpah:110334755","gene","http://www.kegg.jp/dbget-bin/www_bget?mpah:110334755",NA,"rn:R00251",NA,NA,NA,"line",NA,NA,"#FF9900","#FFFFFF",0,"01100"
"entry3828","683","mpah:110321223 / mpah:110321391 / mpah:110326593","gene","http://www.kegg.jp/dbget-bin/www_bget?mpah:110321223+mpah:110321391+mpah:110326593",NA,"rn:R00253 rn:R00256",NA,NA,NA,"line",NA,NA,"#FFCC66","#FFFFFF",0,"01100"
"entry3829","716","mpah:110322190 / mpah:110326608","gene","http://www.kegg.jp/dbget-bin/www_bget?mpah:110322190+mpah:110326608",NA,"rn:R04773",NA,NA,NA,"line",NA,NA,"#FF9900","#FFFFFF",0,"01100"
"entry3830","718","mpah:110330681","gene","http://www.kegg.jp/dbget-bin/www_bget?mpah:110330681",NA,"rn:R08219 rn:R08224",NA,NA,NA,"line",NA,NA,"#FF9900","#FFFFFF",0,"01100"
"entry3831","720","mpah:110318657 / mpah:110320405","gene","http://www.kegg.jp/dbget-bin/www_bget?mpah:110318657+mpah:110320405",NA,"rn:R04941",NA,NA,NA,"line",NA,NA,"#FF9900","#FFFFFF",0,"01100"
"entry3832","721","mpah:110334254","gene","http://www.kegg.jp/dbget-bin/www_bget?mpah:110334254",NA,"rn:R09365",NA,NA,NA,"line",NA,NA,"#FF9900","#FFFFFF",0,"01100"
"entry3833","722","mpah:110320651","gene","http://www.kegg.jp/dbget-bin/www_bget?mpah:110320651",NA,"rn:R04770",NA,NA,NA,"line",NA,NA,"#FF9900","#FFFFFF",0,"01100"
"entry3834","725","mpah:110321872","gene","http://www.kegg.jp/dbget-bin/www_bget?mpah:110321872",NA,"rn:R03599",NA,NA,NA,"line",NA,NA,"#FF9900","#FFFFFF",0,"01100"
"entry3835","741","mpah:110336527","gene","http://www.kegg.jp/dbget-bin/www_bget?mpah:110336527",NA,"rn:R00910 rn:R00911",NA,NA,NA,"line",NA,NA,"#FF9900","#FFFFFF",0,"01100"
"entry3836","742","mpah:110313054 / mpah:110316784 / mpah:110321543 / mpah:110323147 / mpah:110325520 / mpah:110325535 / mpah:110327470 / mpah:110331656 / mpah:110331990 / mpah:110333007","gene","http://www.kegg.jp/dbget-bin/www_bget?mpah:110313054+mpah:110316784+mpah:110321543+mpah:110323147+mpah:110325520+mpah:110325535+mpah:110327470+mpah:110331656+mpah:110331990+mpah:110333007",NA,"rn:R00904",NA,NA,NA,"line",NA,NA,"#FF9900","#FFFFFF",0,"01100"
"entry3837","743","mpah:110332162 / mpah:110332463","gene","http://www.kegg.jp/dbget-bin/www_bget?mpah:110332162+mpah:110332463",NA,"rn:R03139",NA,NA,NA,"line",NA,NA,"#FF9900","#FFFFFF",0,"01100"
"entry3838","753","mpah:110326639","gene","http://www.kegg.jp/dbget-bin/www_bget?mpah:110326639",NA,"rn:R01795",NA,NA,NA,"line",NA,NA,"#FFCC66","#FFFFFF",0,"01100"
"entry3839","762","mpah:110322932 / mpah:110330516","gene","http://www.kegg.jp/dbget-bin/www_bget?mpah:110322932+mpah:110330516",NA,"rn:R08639",NA,NA,NA,"line",NA,NA,"#B3B3E6","#FFFFFF",0,"01100"
"entry3840","763","mpah:110314383 / mpah:110319257 / mpah:110326557 / mpah:110326866 / mpah:110332154 / mpah:110332429 / mpah:110334200","gene","http://www.kegg.jp/dbget-bin/www_bget?mpah:110314383+mpah:110319257+mpah:110326557+mpah:110326866+mpah:110332154+mpah:110332429+mpah:110334200",NA,"rn:R00299 rn:R00303",NA,NA,NA,"line",NA,NA,"#B3B3E6","#FFFFFF",0,"01100"
"entry3841","764","mpah:110312812 / mpah:110319750 / mpah:110323448 / mpah:110324300 / mpah:110327251","gene","http://www.kegg.jp/dbget-bin/www_bget?mpah:110312812+mpah:110319750+mpah:110323448+mpah:110324300+mpah:110327251",NA,"rn:R04513 rn:R04545",NA,NA,NA,"line",NA,NA,"#B3B3E6","#FFFFFF",0,"01100"
"entry3842","765","mpah:110321564 / mpah:110329610","gene","http://www.kegg.jp/dbget-bin/www_bget?mpah:110321564+mpah:110329610",NA,"rn:R09827",NA,NA,NA,"line",NA,NA,"#B3B3E6","#FFFFFF",0,"01100"
"entry3843","766","mpah:110319827 / mpah:110320392 / mpah:110327212 / mpah:110328461 / mpah:110329476 / mpah:110330647","gene","http://www.kegg.jp/dbget-bin/www_bget?mpah:110319827+mpah:110320392+mpah:110327212+mpah:110328461+mpah:110329476+mpah:110330647",NA,"rn:R03361 rn:R11680",NA,NA,NA,"line",NA,NA,"#B3B3E6","#FFFFFF",0,"01100"
"entry3844","767","mpah:110313510 / mpah:110316115 / mpah:110318558 / mpah:110319247 / mpah:110320843 / mpah:110322930 / mpah:110326224 / mpah:110329565 / mpah:110338390","gene","http://www.kegg.jp/dbget-bin/www_bget?mpah:110313510+mpah:110316115+mpah:110318558+mpah:110319247+mpah:110320843+mpah:110322930+mpah:110326224+mpah:110329565+mpah:110338390",NA,"rn:R03469 rn:R04404",NA,NA,NA,"line",NA,NA,"#B3B3E6","#FFFFFF",0,"01100"
"entry3845","768","mpah:110321244 / mpah:110337280","gene","http://www.kegg.jp/dbget-bin/www_bget?mpah:110321244+mpah:110337280",NA,"rn:R07299",NA,NA,NA,"line",NA,NA,"#B3B3E6","#FFFFFF",0,"01100"
"entry3846","769","mpah:110316706 / mpah:110322135 / mpah:110324799","gene","http://www.kegg.jp/dbget-bin/www_bget?mpah:110316706+mpah:110322135+mpah:110324799",NA,"rn:R05795",NA,NA,NA,"line",NA,NA,"#B3B3E6","#FFFFFF",0,"01100"
"entry3847","770","mpah:110313431 / mpah:110313466 / mpah:110314623 / mpah:110325485 / mpah:110327213 / mpah:110330391 / mpah:110331200 / mpah:110332837 / mpah:110336350","gene","http://www.kegg.jp/dbget-bin/www_bget?mpah:110313431+mpah:110313466+mpah:110314623+mpah:110325485+mpah:110327213+mpah:110330391+mpah:110331200+mpah:110332837+mpah:110336350",NA,"rn:R03362 rn:R03363",NA,NA,NA,"line",NA,NA,"#B3B3E6","#FFFFFF",0,"01100"
"entry3848","771","mpah:110326626","gene","http://www.kegg.jp/dbget-bin/www_bget?mpah:110326626",NA,"rn:R05801",NA,NA,NA,"line",NA,NA,"#B3B3E6","#FFFFFF",0,"01100"
"entry3849","774","mpah:110324479","gene","http://www.kegg.jp/dbget-bin/www_bget?mpah:110324479",NA,"rn:R03479",NA,NA,NA,"line",NA,NA,"#B3B3E6","#FFFFFF",0,"01100"
"entry3850","775","mpah:110326626","gene","http://www.kegg.jp/dbget-bin/www_bget?mpah:110326626",NA,"rn:R05800",NA,NA,NA,"line",NA,NA,"#B3B3E6","#FFFFFF",0,"01100"
"entry3851","776","mpah:110321148 / mpah:110326347","gene","http://www.kegg.jp/dbget-bin/www_bget?mpah:110321148+mpah:110326347",NA,"rn:R05802 rn:R12124",NA,NA,NA,"line",NA,NA,"#B3B3E6","#FFFFFF",0,"01100"
"entry3852","777","mpah:110313431 / mpah:110313466 / mpah:110314623 / mpah:110325485 / mpah:110327213 / mpah:110330391 / mpah:110331200 / mpah:110336350","gene","http://www.kegg.jp/dbget-bin/www_bget?mpah:110313431+mpah:110313466+mpah:110314623+mpah:110325485+mpah:110327213+mpah:110330391+mpah:110331200+mpah:110336350",NA,"rn:R10928",NA,NA,NA,"line",NA,NA,"#B3B3E6","#FFFFFF",0,"01100"
"entry3853","778","mpah:110318289 / mpah:110326235 / mpah:110331896","gene","http://www.kegg.jp/dbget-bin/www_bget?mpah:110318289+mpah:110326235+mpah:110331896",NA,"rn:R05803",NA,NA,NA,"line",NA,NA,"#B3B3E6","#FFFFFF",0,"01100"
"entry3854","779","mpah:110317052 / mpah:110317815 / mpah:110318415 / mpah:110319646 / mpah:110319649 / mpah:110320362 / mpah:110320363 / mpah:110322413 / mpah:110323034 / mpah:110328624 / mpah:110331704 / mpah:110336671 / mpah:110337392","gene","http://www.kegg.jp/dbget-bin/www_bget?mpah:110317052+mpah:110317815+mpah:110318415+mpah:110319646+mpah:110319649+mpah:110320362+mpah:110320363+mpah:110322413+mpah:110323034+mpah:110328624+mpah:110331704+mpah:110336671+mpah:110337392",NA,"rn:R03435",NA,NA,NA,"line",NA,NA,"#B3B3E6","#FFFFFF",0,"01100"
"entry3855","780","mpah:110320177 / mpah:110330530 / mpah:110331673","gene","http://www.kegg.jp/dbget-bin/www_bget?mpah:110320177+mpah:110330530+mpah:110331673",NA,"rn:R03394",NA,NA,NA,"line",NA,NA,"#B3B3E6","#FFFFFF",0,"01100"
"entry3856","781","mpah:110322195","gene","http://www.kegg.jp/dbget-bin/www_bget?mpah:110322195",NA,"rn:R03393",NA,NA,NA,"line",NA,NA,"#B3B3E6","#FFFFFF",0,"01100"
"entry3857","782","mpah:110320241 / mpah:110333216 / mpah:110338776","gene","http://www.kegg.jp/dbget-bin/www_bget?mpah:110320241+mpah:110333216+mpah:110338776",NA,"rn:R01187 rn:R07279",NA,NA,NA,"line",NA,NA,"#B3B3E6","#FFFFFF",0,"01100"
"entry3858","783","mpah:110321244 / mpah:110337280","gene","http://www.kegg.jp/dbget-bin/www_bget?mpah:110321244+mpah:110337280",NA,"rn:R04372",NA,NA,NA,"line",NA,NA,"#B3B3E6","#FFFFFF",0,"01100"
"entry3859","784","mpah:110322195","gene","http://www.kegg.jp/dbget-bin/www_bget?mpah:110322195",NA,"rn:R03427",NA,NA,NA,"line",NA,NA,"#B3B3E6","#FFFFFF",0,"01100"
"entry3860","785","mpah:110320177 / mpah:110324479 / mpah:110330530 / mpah:110331673","gene","http://www.kegg.jp/dbget-bin/www_bget?mpah:110320177+mpah:110324479+mpah:110330530+mpah:110331673",NA,"rn:R03428 rn:R03430",NA,NA,NA,"line",NA,NA,"#B3B3E6","#FFFFFF",0,"01100"
"entry3861","786","mpah:110319506 / mpah:110321516 / mpah:110323978 / mpah:110329076","gene","http://www.kegg.jp/dbget-bin/www_bget?mpah:110319506+mpah:110321516+mpah:110323978+mpah:110329076",NA,"rn:R03433 rn:R03434",NA,NA,NA,"line",NA,NA,"#B3B3E6","#FFFFFF",0,"01100"
"entry3862","787","mpah:110324479","gene","http://www.kegg.jp/dbget-bin/www_bget?mpah:110324479",NA,"rn:R03429",NA,NA,NA,"line",NA,NA,"#B3B3E6","#FFFFFF",0,"01100"
"entry3863","788","mpah:110334164","gene","http://www.kegg.jp/dbget-bin/www_bget?mpah:110334164",NA,"rn:R05202",NA,NA,NA,"line",NA,NA,"#B3B3E6","#FFFFFF",0,"01100"
"entry3864","789","mpah:110326626","gene","http://www.kegg.jp/dbget-bin/www_bget?mpah:110326626",NA,"rn:R03478",NA,NA,NA,"line",NA,NA,"#B3B3E6","#FFFFFF",0,"01100"
"entry3865","790","mpah:110320411","gene","http://www.kegg.jp/dbget-bin/www_bget?mpah:110320411",NA,"rn:R01802",NA,NA,NA,"line",NA,NA,"#80CCB3","#FFFFFF",0,"01100"
"entry3866","792","mpah:110320241 / mpah:110333216 / mpah:110338776","gene","http://www.kegg.jp/dbget-bin/www_bget?mpah:110320241+mpah:110333216+mpah:110338776",NA,"rn:R01185",NA,NA,NA,"line",NA,NA,"#B3B3E6","#FFFFFF",0,"01100"
"entry3867","793","mpah:110320241 / mpah:110333216 / mpah:110338776","gene","http://www.kegg.jp/dbget-bin/www_bget?mpah:110320241+mpah:110333216+mpah:110338776",NA,"rn:R01186",NA,NA,NA,"line",NA,NA,"#B3B3E6","#FFFFFF",0,"01100"
"entry3868","796","mpah:110313452 / mpah:110313782","gene","http://www.kegg.jp/dbget-bin/www_bget?mpah:110313452+mpah:110313782",NA,"rn:R02908",NA,NA,NA,"line",NA,NA,"#FFCC66","#FFFFFF",0,"01100"
"entry3869","799","mpah:110319293","gene","http://www.kegg.jp/dbget-bin/www_bget?mpah:110319293",NA,"rn:R02670",NA,NA,NA,"line",NA,NA,"#FFCC66","#FFFFFF",0,"01100"
"entry3870","816","mpah:110313452 / mpah:110313782 / mpah:110316605 / mpah:110316610 / mpah:110317089 / mpah:110317172","gene","http://www.kegg.jp/dbget-bin/www_bget?mpah:110313452+mpah:110313782+mpah:110316605+mpah:110316610+mpah:110317089+mpah:110317172",NA,"rn:R02173",NA,NA,NA,"line",NA,NA,"#FFCC66","#FFFFFF",0,"01100"
"entry3871","821","mpah:110318657 / mpah:110320405 / mpah:110336979","gene","http://www.kegg.jp/dbget-bin/www_bget?mpah:110318657+mpah:110320405+mpah:110336979",NA,"rn:R01956",NA,NA,NA,"line",NA,NA,"#FFCC66","#FFFFFF",0,"01100"
"entry3872","823","mpah:110318887","gene","http://www.kegg.jp/dbget-bin/www_bget?mpah:110318887",NA,"rn:R03936",NA,NA,NA,"line",NA,NA,"#FFCC66","#FFFFFF",0,"01100"
"entry3873","824","mpah:110332394","gene","http://www.kegg.jp/dbget-bin/www_bget?mpah:110332394",NA,"rn:R00988",NA,NA,NA,"line",NA,NA,"#FFCC66","#FFFFFF",0,"01100"
"entry3874","826","mpah:110330601","gene","http://www.kegg.jp/dbget-bin/www_bget?mpah:110330601",NA,"rn:R00685",NA,NA,NA,"line",NA,NA,"#FFCC66","#FFFFFF",0,"01100"
"entry3875","828","mpah:110333589 / mpah:110334444","gene","http://www.kegg.jp/dbget-bin/www_bget?mpah:110333589+mpah:110334444",NA,"rn:R02452",NA,NA,NA,"line",NA,NA,"#FFCC66","#FFFFFF",0,"01100"
"entry3876","844","mpah:110326780","gene","http://www.kegg.jp/dbget-bin/www_bget?mpah:110326780",NA,"rn:R01378",NA,NA,NA,"line",NA,NA,"#FFCC66","#FFFFFF",0,"01100"
"entry3877","857","mpah:110330601","gene","http://www.kegg.jp/dbget-bin/www_bget?mpah:110330601",NA,"rn:R00699",NA,NA,NA,"line",NA,NA,"#FFCC66","#FFFFFF",0,"01100"
"entry3878","858","mpah:110313452 / mpah:110313782 / mpah:110332162 / mpah:110332463","gene","http://www.kegg.jp/dbget-bin/www_bget?mpah:110313452+mpah:110313782+mpah:110332162+mpah:110332463",NA,"rn:R02612",NA,NA,NA,"line",NA,NA,"#FFCC66","#FFFFFF",0,"01100"
"entry3880","870","mpah:110313452 / mpah:110313782 / mpah:110332162 / mpah:110332463","gene","http://www.kegg.jp/dbget-bin/www_bget?mpah:110313452+mpah:110313782+mpah:110332162+mpah:110332463",NA,"rn:R02382",NA,NA,NA,"line",NA,NA,"#FFCC66","#FFFFFF",0,"01100"
"entry3881","871","mpah:110316784 / mpah:110325520 / mpah:110325535 / mpah:110327470 / mpah:110331990","gene","http://www.kegg.jp/dbget-bin/www_bget?mpah:110316784+mpah:110325520+mpah:110325535+mpah:110327470+mpah:110331990",NA,"rn:R02695 rn:R02697",NA,NA,NA,"line",NA,NA,"#FFCC66","#FFFFFF",0,"01100"
"entry3882","884","mpah:110326780","gene","http://www.kegg.jp/dbget-bin/www_bget?mpah:110326780",NA,"rn:R03342",NA,NA,NA,"line",NA,NA,"#FFCC66","#FFFFFF",0,"01100"
"entry3883","888","mpah:110333472 / mpah:110336527","gene","http://www.kegg.jp/dbget-bin/www_bget?mpah:110333472+mpah:110336527",NA,"rn:R03286 rn:R03288",NA,NA,NA,"line",NA,NA,"#FF9900","#FFFFFF",0,"01100"
"entry3884","890","mpah:110331667","gene","http://www.kegg.jp/dbget-bin/www_bget?mpah:110331667",NA,"rn:R02144",NA,NA,NA,"line",NA,NA,"#FFCC66","#FFFFFF",0,"01100"
"entry3885","894","mpah:110319128","gene","http://www.kegg.jp/dbget-bin/www_bget?mpah:110319128",NA,"rn:R02155",NA,NA,NA,"line",NA,NA,"#FFCC66","#FFFFFF",0,"01100"
"entry3886","895","mpah:110313452 / mpah:110313782","gene","http://www.kegg.jp/dbget-bin/www_bget?mpah:110313452+mpah:110313782",NA,"rn:R04674",NA,NA,NA,"line",NA,NA,"#FFCC66","#FFFFFF",0,"01100"
"entry3887","896","mpah:110316784 / mpah:110325520 / mpah:110325535 / mpah:110327470 / mpah:110331990","gene","http://www.kegg.jp/dbget-bin/www_bget?mpah:110316784+mpah:110325520+mpah:110325535+mpah:110327470+mpah:110331990",NA,"rn:R04996",NA,NA,NA,"line",NA,NA,"#FFCC66","#FFFFFF",0,"01100"
"entry3888","900","mpah:110313054 / mpah:110321543 / mpah:110323147 / mpah:110331656 / mpah:110333007","gene","http://www.kegg.jp/dbget-bin/www_bget?mpah:110313054+mpah:110321543+mpah:110323147+mpah:110331656+mpah:110333007",NA,"rn:R04065",NA,NA,NA,"line",NA,NA,"#FFCC66","#FFFFFF",0,"01100"
"entry3889","901","mpah:110316605 / mpah:110316610 / mpah:110317089 / mpah:110317172","gene","http://www.kegg.jp/dbget-bin/www_bget?mpah:110316605+mpah:110316610+mpah:110317089+mpah:110317172",NA,"rn:R02150",NA,NA,NA,"line",NA,NA,"#FFCC66","#FFFFFF",0,"01100"
"entry3890","902","mpah:110332490","gene","http://www.kegg.jp/dbget-bin/www_bget?mpah:110332490",NA,"rn:R00526",NA,NA,NA,"line",NA,NA,"#FFCC66","#FFFFFF",0,"01100"
"entry3891","906","mpah:110330274","gene","http://www.kegg.jp/dbget-bin/www_bget?mpah:110330274",NA,"rn:R00135",NA,NA,NA,"line",NA,NA,"#FFCC66","#FFFFFF",0,"01100"
"entry3892","908","mpah:110320920","gene","http://www.kegg.jp/dbget-bin/www_bget?mpah:110320920",NA,"rn:R05051",NA,NA,NA,"line",NA,NA,"#FFCC66","#FFFFFF",0,"01100"
"entry3893","910","mpah:110318211","gene","http://www.kegg.jp/dbget-bin/www_bget?mpah:110318211",NA,"rn:R01989 rn:R01990",NA,NA,NA,"line",NA,NA,"#FFCC66","#FFFFFF",0,"01100"
"entry3894","911","mpah:110332928 / mpah:110333472 / mpah:110336527","gene","http://www.kegg.jp/dbget-bin/www_bget?mpah:110332928+mpah:110333472+mpah:110336527",NA,"rn:R01991 rn:R01992",NA,NA,NA,"line",NA,NA,"#FFCC66","#FFFFFF",0,"01100"
"entry3895","913","mpah:110312952","gene","http://www.kegg.jp/dbget-bin/www_bget?mpah:110312952",NA,"rn:R11428",NA,NA,NA,"line",NA,NA,"#FFCC66","#FFFFFF",0,"01100"
"entry3896","916","mpah:110334327","gene","http://www.kegg.jp/dbget-bin/www_bget?mpah:110334327",NA,"rn:R00481 rn:R07407 rn:R07410",NA,NA,NA,"line",NA,NA,"#FFB3CC","#FFFFFF",0,"01100"
"entry3897","924","mpah:110312876 / mpah:110315110 / mpah:110331408","gene","http://www.kegg.jp/dbget-bin/www_bget?mpah:110312876+mpah:110315110+mpah:110331408",NA,"rn:R00558 rn:R11033 rn:R11712",NA,NA,NA,"line",NA,NA,"#FFCC66","#FFFFFF",0,"01100"
"entry3898","925","mpah:110312876 / mpah:110315110 / mpah:110331408","gene","http://www.kegg.jp/dbget-bin/www_bget?mpah:110312876+mpah:110315110+mpah:110331408",NA,"rn:R00111 rn:R11713",NA,NA,NA,"line",NA,NA,"#FFCC66","#FFFFFF",0,"01100"
"entry3899","926","mpah:110322887","gene","http://www.kegg.jp/dbget-bin/www_bget?mpah:110322887",NA,"rn:R00245",NA,NA,NA,"line",NA,NA,"#FFCC66","#FFFFFF",0,"01100"
"entry3900","953","mpah:110332162 / mpah:110332463","gene","http://www.kegg.jp/dbget-bin/www_bget?mpah:110332162+mpah:110332463",NA,"rn:R06740 rn:R12214",NA,NA,NA,"line",NA,NA,"#FFCC66","#FFFFFF",0,"01100"
"entry3901","970","mpah:110329563","gene","http://www.kegg.jp/dbget-bin/www_bget?mpah:110329563",NA,"rn:R04187 rn:R04188",NA,NA,NA,"line",NA,NA,"#FFCC66","#FFFFFF",0,"01100"
"entry3902","971","mpah:110337582","gene","http://www.kegg.jp/dbget-bin/www_bget?mpah:110337582",NA,"rn:R03383",NA,NA,NA,"line",NA,NA,"#FFCC66","#FFFFFF",0,"01100"
"entry3903","972","mpah:110324206 / mpah:110325026 / mpah:110330110","gene","http://www.kegg.jp/dbget-bin/www_bget?mpah:110324206+mpah:110325026+mpah:110330110",NA,"rn:R04137",NA,NA,NA,"line",NA,NA,"#FFCC66","#FFFFFF",0,"01100"
"entry3904","977","mpah:110324844","gene","http://www.kegg.jp/dbget-bin/www_bget?mpah:110324844",NA,"rn:R00484 rn:R01397",NA,NA,NA,"line",NA,NA,"#FF8080","#FFFFFF",0,"01100"
"entry3905","983","mpah:110313393 / mpah:110327340","gene","http://www.kegg.jp/dbget-bin/www_bget?mpah:110313393+mpah:110327340",NA,"rn:R00830",NA,NA,NA,"line",NA,NA,"#FFB3CC","#FFFFFF",0,"01100"
"entry3906","984","mpah:110329563","gene","http://www.kegg.jp/dbget-bin/www_bget?mpah:110329563",NA,"rn:R00907 rn:R00908",NA,NA,NA,"line",NA,NA,"#FF8080","#FFFFFF",0,"01100"
"entry3907","985","mpah:110317636 / mpah:110317896 / mpah:110318146 / mpah:110326820 / mpah:110328115","gene","http://www.kegg.jp/dbget-bin/www_bget?mpah:110317636+mpah:110317896+mpah:110318146+mpah:110326820+mpah:110328115",NA,"rn:R00489",NA,NA,NA,"line",NA,NA,"#FF8080","#FFFFFF",0,"01100"
"entry3908","988","mpah:110321548 / mpah:110337421","gene","http://www.kegg.jp/dbget-bin/www_bget?mpah:110321548+mpah:110337421",NA,"rn:R02433",NA,NA,NA,"line",NA,NA,"#FFCC66","#FFFFFF",0,"01100"
"entry3909","990","mpah:110313073 / mpah:110313088","gene","http://www.kegg.jp/dbget-bin/www_bget?mpah:110313073+mpah:110313088",NA,"rn:R00590",NA,NA,NA,"line",NA,NA,"#FFCC66","#FFFFFF",0,"01100"
"entry3910","993","mpah:110315945 / mpah:110326699 / mpah:110326856 / mpah:110328267 / mpah:110333827 / mpah:110338173 / mpah:110338443","gene","http://www.kegg.jp/dbget-bin/www_bget?mpah:110315945+mpah:110326699+mpah:110326856+mpah:110328267+mpah:110333827+mpah:110338173+mpah:110338443",NA,"rn:R03104",NA,NA,NA,"line",NA,NA,"#FFCC66","#FFFFFF",0,"01100"
"entry3911","1000","mpah:110318657 / mpah:110320405 / mpah:110320651","gene","http://www.kegg.jp/dbget-bin/www_bget?mpah:110318657+mpah:110320405+mpah:110320651",NA,"rn:R02408",NA,NA,NA,"line",NA,NA,"#FFCC66","#FFFFFF",0,"01100"
"entry3912","1002","mpah:110325835","gene","http://www.kegg.jp/dbget-bin/www_bget?mpah:110325835",NA,"rn:R01465",NA,NA,NA,"line",NA,NA,"#FFCC66","#FFFFFF",0,"01100"
"entry3913","1003","mpah:110334791","gene","http://www.kegg.jp/dbget-bin/www_bget?mpah:110334791",NA,"rn:R00371",NA,NA,NA,"line",NA,NA,"#FFCC66","#FFFFFF",0,"01100"
"entry3914","1004","mpah:110313452 / mpah:110313782 / mpah:110332162 / mpah:110332463","gene","http://www.kegg.jp/dbget-bin/www_bget?mpah:110313452+mpah:110313782+mpah:110332162+mpah:110332463",NA,"rn:R02529",NA,NA,NA,"line",NA,NA,"#FFCC66","#FFFFFF",0,"01100"
"entry3915","1009","mpah:110318605","gene","http://www.kegg.jp/dbget-bin/www_bget?mpah:110318605",NA,"rn:R00497",NA,NA,NA,"line",NA,NA,"#FF9900","#FFFFFF",0,"01100"
"entry3916","1011","mpah:110328996 / mpah:110330274","gene","http://www.kegg.jp/dbget-bin/www_bget?mpah:110328996+mpah:110330274",NA,"rn:R00899",NA,NA,NA,"line",NA,NA,"#FF9900","#FFFFFF",0,"01100"
"entry3917","1019","mpah:110329676","gene","http://www.kegg.jp/dbget-bin/www_bget?mpah:110329676",NA,"rn:R00269",NA,NA,NA,"line",NA,NA,"#FFCC66","#FFFFFF",0,"01100"
"entry3918","1020","mpah:110326814","gene","http://www.kegg.jp/dbget-bin/www_bget?mpah:110326814",NA,"rn:R00359",NA,NA,NA,"line",NA,NA,"#FFCC66","#FFFFFF",0,"01100"
"entry3919","1022","mpah:110329676","gene","http://www.kegg.jp/dbget-bin/www_bget?mpah:110329676",NA,"rn:R00348",NA,NA,NA,"line",NA,NA,"#FFCC66","#FFFFFF",0,"01100"
"entry3920","1025","mpah:110321198 / mpah:110328839","gene","http://www.kegg.jp/dbget-bin/www_bget?mpah:110321198+mpah:110328839",NA,"rn:R05578",NA,NA,NA,"line",NA,NA,"#FFB3CC","#FFFFFF",0,"01100"
"entry3921","1028","mpah:110316419 / mpah:110321294 / mpah:110328982","gene","http://www.kegg.jp/dbget-bin/www_bget?mpah:110316419+mpah:110321294+mpah:110328982",NA,"rn:R10991 rn:R10992",NA,NA,NA,"line",NA,NA,"#FFCC66","#FFFFFF",0,"01100"
"entry3922","1029","mpah:110328355","gene","http://www.kegg.jp/dbget-bin/www_bget?mpah:110328355",NA,"rn:R03165",NA,NA,NA,"line",NA,NA,"#FFB3CC","#FFFFFF",0,"01100"
"entry3923","1030","mpah:110314791 / mpah:110314880 / mpah:110315628 / mpah:110322609 / mpah:110322610 / mpah:110330272 / mpah:110330325 / mpah:110330329 / mpah:110330368 / mpah:110330401 / mpah:110330746 / mpah:110330748","gene","http://www.kegg.jp/dbget-bin/www_bget?mpah:110314791+mpah:110314880+mpah:110315628+mpah:110322609+mpah:110322610+mpah:110330272+mpah:110330325+mpah:110330329+mpah:110330368+mpah:110330401+mpah:110330746+mpah:110330748",NA,"rn:R02389",NA,NA,NA,"line",NA,NA,"#FFB3CC","#FFFFFF",0,"01100"
"entry3924","1047","mpah:110338907","gene","http://www.kegg.jp/dbget-bin/www_bget?mpah:110338907",NA,"rn:R00969",NA,NA,NA,"line",NA,NA,"#FF8080","#FFFFFF",0,"01100"
"entry3925","1049","mpah:110324512 / mpah:110332415 / mpah:110334944","gene","http://www.kegg.jp/dbget-bin/www_bget?mpah:110324512+mpah:110332415+mpah:110334944",NA,"rn:R02018",NA,NA,NA,"line",NA,NA,"#FF8080","#FFFFFF",0,"01100"
"entry3926","1060","mpah:110337984 / mpah:110338036","gene","http://www.kegg.jp/dbget-bin/www_bget?mpah:110337984+mpah:110338036",NA,"rn:R00515",NA,NA,NA,"line",NA,NA,"#FF8080","#FFFFFF",0,"01100"
"entry3927","1062","mpah:110337984 / mpah:110338036","gene","http://www.kegg.jp/dbget-bin/www_bget?mpah:110337984+mpah:110338036",NA,"rn:R11323",NA,NA,NA,"line",NA,NA,"#FF8080","#FFFFFF",0,"01100"
"entry3928","1063","mpah:110317774 / mpah:110325500 / mpah:110330877 / mpah:110334605","gene","http://www.kegg.jp/dbget-bin/www_bget?mpah:110317774+mpah:110325500+mpah:110330877+mpah:110334605",NA,"rn:R02484",NA,NA,NA,"line",NA,NA,"#FF8080","#FFFFFF",0,"01100"
"entry3929","1064","mpah:110316175 / mpah:110318801 / mpah:110323494 / mpah:110324394 / mpah:110328204 / mpah:110328789 / mpah:110330622 / mpah:110331628 / mpah:110331972 / mpah:110332192","gene","http://www.kegg.jp/dbget-bin/www_bget?mpah:110316175+mpah:110318801+mpah:110323494+mpah:110324394+mpah:110328204+mpah:110328789+mpah:110330622+mpah:110331628+mpah:110331972+mpah:110332192",NA,"rn:R01664 rn:R01666",NA,NA,NA,"line",NA,NA,"#FF8080","#FFFFFF",0,"01100"
"entry3930","1065","mpah:110316175 / mpah:110318801 / mpah:110323494 / mpah:110324394 / mpah:110328204 / mpah:110328789 / mpah:110331628 / mpah:110331972 / mpah:110332144 / mpah:110332192 / mpah:110337444","gene","http://www.kegg.jp/dbget-bin/www_bget?mpah:110316175+mpah:110318801+mpah:110323494+mpah:110324394+mpah:110328204+mpah:110328789+mpah:110331628+mpah:110331972+mpah:110332144+mpah:110332192+mpah:110337444",NA,"rn:R02102 rn:R02099",NA,NA,NA,"line",NA,NA,"#FF8080","#FFFFFF",0,"01100"
"entry3931","1066","mpah:110323774","gene","http://www.kegg.jp/dbget-bin/www_bget?mpah:110323774",NA,"rn:R02485",NA,NA,NA,"line",NA,NA,"#FF8080","#FFFFFF",0,"01100"
"entry3932","1067","mpah:110334818","gene","http://www.kegg.jp/dbget-bin/www_bget?mpah:110334818",NA,"rn:R02269",NA,NA,NA,"line",NA,NA,"#FF8080","#FFFFFF",0,"01100"
"entry3933","1068","mpah:110326870","gene","http://www.kegg.jp/dbget-bin/www_bget?mpah:110326870",NA,"rn:R00905",NA,NA,NA,"line",NA,NA,"#FF8080","#FFFFFF",0,"01100"
"entry3934","1069","mpah:110329597","gene","http://www.kegg.jp/dbget-bin/www_bget?mpah:110329597",NA,"rn:R01870",NA,NA,NA,"line",NA,NA,"#FF8080","#FFFFFF",0,"01100"
"entry3935","1071","mpah:110319482 / mpah:110321840 / mpah:110326188 / mpah:110328569","gene","http://www.kegg.jp/dbget-bin/www_bget?mpah:110319482+mpah:110321840+mpah:110326188+mpah:110328569",NA,"rn:R02092 rn:R02094",NA,NA,NA,"line",NA,NA,"#FF8080","#FFFFFF",0,"01100"
"entry3936","1077","mpah:110338907","gene","http://www.kegg.jp/dbget-bin/www_bget?mpah:110338907",NA,"rn:R00184",NA,NA,NA,"line",NA,NA,"#FF8080","#FFFFFF",0,"01100"
"entry3937","1079","mpah:110325606 / mpah:110335895","gene","http://www.kegg.jp/dbget-bin/www_bget?mpah:110325606+mpah:110335895",NA,"rn:R00187",NA,NA,NA,"line",NA,NA,"#FF8080","#FFFFFF",0,"01100"
"entry3938","1080","mpah:110316238 / mpah:110317395 / mpah:110317705 / mpah:110317785 / mpah:110318244 / mpah:110320144 / mpah:110320154 / mpah:110320990 / mpah:110322756 / mpah:110328717 / mpah:110328970 / mpah:110329132 / mpah:110334502 / mpah:110336418 / mpah:110337875 / mpah:110337910","gene","http://www.kegg.jp/dbget-bin/www_bget?mpah:110316238+mpah:110317395+mpah:110317705+mpah:110317785+mpah:110318244+mpah:110320144+mpah:110320154+mpah:110320990+mpah:110322756+mpah:110328717+mpah:110328970+mpah:110329132+mpah:110334502+mpah:110336418+mpah:110337875+mpah:110337910",NA,"rn:R00191",NA,NA,NA,"line",NA,NA,"#FF8080","#FFFFFF",0,"01100"
"entry3939","1081","mpah:110321722 / mpah:110324646 / mpah:110325439 / mpah:110328764 / mpah:110329393 / mpah:110329624 / mpah:110330584 / mpah:110334500 / mpah:110334612 / mpah:110337453","gene","http://www.kegg.jp/dbget-bin/www_bget?mpah:110321722+mpah:110324646+mpah:110325439+mpah:110328764+mpah:110329393+mpah:110329624+mpah:110330584+mpah:110334500+mpah:110334612+mpah:110337453",NA,"rn:R00089",NA,NA,NA,"line",NA,NA,"#FF8080","#FFFFFF",0,"01100"
"entry3940","1083","mpah:110337984 / mpah:110338036","gene","http://www.kegg.jp/dbget-bin/www_bget?mpah:110337984+mpah:110338036",NA,"rn:R00087",NA,NA,NA,"line",NA,NA,"#FF8080","#FFFFFF",0,"01100"
"entry3941","1084","mpah:110338907","gene","http://www.kegg.jp/dbget-bin/www_bget?mpah:110338907",NA,"rn:R02805",NA,NA,NA,"line",NA,NA,"#FF8080","#FFFFFF",0,"01100"
"entry3942","1085","mpah:110318848","gene","http://www.kegg.jp/dbget-bin/www_bget?mpah:110318848",NA,"rn:R02720",NA,NA,NA,"line",NA,NA,"#FF8080","#FFFFFF",0,"01100"
"entry3943","1086","mpah:110319482 / mpah:110321496 / mpah:110325635 / mpah:110326188 / mpah:110326724 / mpah:110328147 / mpah:110328569 / mpah:110329056 / mpah:110331266 / mpah:110338000 / mpah:110338177","gene","http://www.kegg.jp/dbget-bin/www_bget?mpah:110319482+mpah:110321496+mpah:110325635+mpah:110326188+mpah:110326724+mpah:110328147+mpah:110328569+mpah:110329056+mpah:110331266+mpah:110338000+mpah:110338177",NA,"rn:R00719 rn:R00722",NA,NA,NA,"line",NA,NA,"#FF8080","#FFFFFF",0,"01100"
"entry3944","1088","mpah:110318176 / mpah:110319482 / mpah:110324875 / mpah:110325109 / mpah:110326188 / mpah:110328254 / mpah:110328480 / mpah:110328569 / mpah:110331475","gene","http://www.kegg.jp/dbget-bin/www_bget?mpah:110318176+mpah:110319482+mpah:110324875+mpah:110325109+mpah:110326188+mpah:110328254+mpah:110328480+mpah:110328569+mpah:110331475",NA,"rn:R00961",NA,NA,NA,"line",NA,NA,"#FF8080","#FFFFFF",0,"01100"
"entry3945","1089","mpah:110318848","gene","http://www.kegg.jp/dbget-bin/www_bget?mpah:110318848",NA,"rn:R00720",NA,NA,NA,"line",NA,NA,"#FF8080","#FFFFFF",0,"01100"
"entry3946","1090","mpah:110325202 / mpah:110333806","gene","http://www.kegg.jp/dbget-bin/www_bget?mpah:110325202+mpah:110333806",NA,"rn:R01134",NA,NA,NA,"line",NA,NA,"#FF8080","#FFFFFF",0,"01100"
"entry3947","1091","mpah:110338907","gene","http://www.kegg.jp/dbget-bin/www_bget?mpah:110338907",NA,"rn:R01232",NA,NA,NA,"line",NA,NA,"#FF8080","#FFFFFF",0,"01100"
"entry3948","1092","mpah:110335456","gene","http://www.kegg.jp/dbget-bin/www_bget?mpah:110335456",NA,"rn:R09394",NA,NA,NA,"line",NA,NA,"#FF8080","#FFFFFF",0,"01100"
"entry3949","1093","mpah:110333176","gene","http://www.kegg.jp/dbget-bin/www_bget?mpah:110333176",NA,"rn:R00336",NA,NA,NA,"line",NA,NA,"#FF8080","#FFFFFF",0,"01100"
"entry3950","1094","mpah:110316238 / mpah:110317179 / mpah:110317395 / mpah:110317705 / mpah:110317785 / mpah:110319823 / mpah:110320144 / mpah:110320990 / mpah:110321820 / mpah:110325063 / mpah:110330245 / mpah:110332472 / mpah:110333044 / mpah:110334502 / mpah:110337875 / mpah:110338338","gene","http://www.kegg.jp/dbget-bin/www_bget?mpah:110316238+mpah:110317179+mpah:110317395+mpah:110317705+mpah:110317785+mpah:110319823+mpah:110320144+mpah:110320990+mpah:110321820+mpah:110325063+mpah:110330245+mpah:110332472+mpah:110333044+mpah:110334502+mpah:110337875+mpah:110338338",NA,"rn:R01234",NA,NA,NA,"line",NA,NA,"#FF8080","#FFFFFF",0,"01100"
"entry3951","1095","mpah:110313863 / mpah:110316487 / mpah:110320110 / mpah:110320296 / mpah:110320830 / mpah:110321722 / mpah:110324646 / mpah:110325439 / mpah:110325783 / mpah:110327749 / mpah:110328764 / mpah:110329393 / mpah:110329624 / mpah:110330114 / mpah:110330584 / mpah:110332384 / mpah:110334500 / mpah:110334612 / mpah:110334709 / mpah:110337453 / mpah:110338739","gene","http://www.kegg.jp/dbget-bin/www_bget?mpah:110313863+mpah:110316487+mpah:110320110+mpah:110320296+mpah:110320830+mpah:110321722+mpah:110324646+mpah:110325439+mpah:110325783+mpah:110327749+mpah:110328764+mpah:110329393+mpah:110329624+mpah:110330114+mpah:110330584+mpah:110332384+mpah:110334500+mpah:110334612+mpah:110334709+mpah:110337453+mpah:110338739",NA,"rn:R00434",NA,NA,NA,"line",NA,NA,"#FF8080","#FFFFFF",0,"01100"
"entry3952","1097","mpah:110318848","gene","http://www.kegg.jp/dbget-bin/www_bget?mpah:110318848",NA,"rn:R01855",NA,NA,NA,"line",NA,NA,"#FF8080","#FFFFFF",0,"01100"
"entry3953","1106","mpah:110320533","gene","http://www.kegg.jp/dbget-bin/www_bget?mpah:110320533",NA,"rn:R02106 rn:R09514",NA,NA,NA,"line",NA,NA,"#FF8080","#FFFFFF",0,"01100"
"entry3954","1107","mpah:110335495","gene","http://www.kegg.jp/dbget-bin/www_bget?mpah:110335495",NA,"rn:R02103 rn:R02107",NA,NA,NA,"line",NA,NA,"#FF8080","#FFFFFF",0,"01100"
"entry3955","1115","mpah:110318945","gene","http://www.kegg.jp/dbget-bin/www_bget?mpah:110318945",NA,"rn:R02556",NA,NA,NA,"line",NA,NA,"#FF8080","#FFFFFF",0,"01100"
"entry3956","1116","mpah:110320360 / mpah:110321496 / mpah:110325635 / mpah:110326724 / mpah:110328147 / mpah:110328209 / mpah:110329056 / mpah:110331266 / mpah:110338000 / mpah:110338177","gene","http://www.kegg.jp/dbget-bin/www_bget?mpah:110320360+mpah:110321496+mpah:110325635+mpah:110326724+mpah:110328147+mpah:110328209+mpah:110329056+mpah:110331266+mpah:110338000+mpah:110338177",NA,"rn:R01857 rn:R01858",NA,NA,NA,"line",NA,NA,"#FF8080","#FFFFFF",0,"01100"
"entry3957","1117","mpah:110319482 / mpah:110320360 / mpah:110321496 / mpah:110325635 / mpah:110326188 / mpah:110326724 / mpah:110328147 / mpah:110328209 / mpah:110328569 / mpah:110329056 / mpah:110331266 / mpah:110338000 / mpah:110338177","gene","http://www.kegg.jp/dbget-bin/www_bget?mpah:110319482+mpah:110320360+mpah:110321496+mpah:110325635+mpah:110326188+mpah:110326724+mpah:110328147+mpah:110328209+mpah:110328569+mpah:110329056+mpah:110331266+mpah:110338000+mpah:110338177",NA,"rn:R00330 rn:R00335 rn:R00430",NA,NA,NA,"line",NA,NA,"#FF8080","#FFFFFF",0,"01100"
"entry3958","1118","mpah:110318176 / mpah:110319482 / mpah:110324875 / mpah:110325109 / mpah:110326188 / mpah:110328569 / mpah:110331305 / mpah:110331475","gene","http://www.kegg.jp/dbget-bin/www_bget?mpah:110318176+mpah:110319482+mpah:110324875+mpah:110325109+mpah:110326188+mpah:110328569+mpah:110331305+mpah:110331475",NA,"rn:R00332 rn:R00328",NA,NA,NA,"line",NA,NA,"#FF8080","#FFFFFF",0,"01100"
"entry3959","1119","mpah:110325500","gene","http://www.kegg.jp/dbget-bin/www_bget?mpah:110325500",NA,"rn:R01969",NA,NA,NA,"line",NA,NA,"#FF8080","#FFFFFF",0,"01100"
"entry3960","1120","mpah:110324611","gene","http://www.kegg.jp/dbget-bin/www_bget?mpah:110324611",NA,"rn:R01676",NA,NA,NA,"line",NA,NA,"#FF8080","#FFFFFF",0,"01100"
"entry3961","1121","mpah:110319843","gene","http://www.kegg.jp/dbget-bin/www_bget?mpah:110319843",NA,"rn:R01230 rn:R01231",NA,NA,NA,"line",NA,NA,"#FF8080","#FFFFFF",0,"01100"
"entry3962","1122","mpah:110313454 / mpah:110337592","gene","http://www.kegg.jp/dbget-bin/www_bget?mpah:110313454+mpah:110337592",NA,"rn:R01229",NA,NA,NA,"line",NA,NA,"#FF8080","#FFFFFF",0,"01100"
"entry3963","1123","mpah:110315933 / mpah:110327179","gene","http://www.kegg.jp/dbget-bin/www_bget?mpah:110315933+mpah:110327179",NA,"rn:R01130",NA,NA,NA,"line",NA,NA,"#FF8080","#FFFFFF",0,"01100"
"entry3964","1124","mpah:110335495","gene","http://www.kegg.jp/dbget-bin/www_bget?mpah:110335495",NA,"rn:R01768 rn:R01769",NA,NA,NA,"line",NA,NA,"#FF8080","#FFFFFF",0,"01100"
"entry3965","1125","mpah:110321552","gene","http://www.kegg.jp/dbget-bin/www_bget?mpah:110321552",NA,"rn:R01127",NA,NA,NA,"line",NA,NA,"#FF8080","#FFFFFF",0,"01100"
"entry3966","1127","mpah:110319127 / mpah:110319482 / mpah:110320360 / mpah:110321496 / mpah:110325635 / mpah:110326188 / mpah:110326724 / mpah:110328147 / mpah:110328209 / mpah:110328569 / mpah:110329056 / mpah:110331266 / mpah:110337707 / mpah:110338000 / mpah:110338177","gene","http://www.kegg.jp/dbget-bin/www_bget?mpah:110319127+mpah:110319482+mpah:110320360+mpah:110321496+mpah:110325635+mpah:110326188+mpah:110326724+mpah:110328147+mpah:110328209+mpah:110328569+mpah:110329056+mpah:110331266+mpah:110337707+mpah:110338000+mpah:110338177",NA,"rn:R00086 rn:R00124 rn:R00200",NA,NA,NA,"line",NA,NA,"#FF8080","#FFFFFF",0,"01100"
"entry3967","1128","mpah:110320360 / mpah:110321496 / mpah:110325635 / mpah:110326724 / mpah:110328147 / mpah:110328209 / mpah:110329056 / mpah:110331266 / mpah:110338000 / mpah:110338177","gene","http://www.kegg.jp/dbget-bin/www_bget?mpah:110320360+mpah:110321496+mpah:110325635+mpah:110326724+mpah:110328147+mpah:110328209+mpah:110329056+mpah:110331266+mpah:110338000+mpah:110338177",NA,"rn:R01137 rn:R01138",NA,NA,NA,"line",NA,NA,"#FF8080","#FFFFFF",0,"01100"
"entry3968","1129","mpah:110316175 / mpah:110318801 / mpah:110323494 / mpah:110324394 / mpah:110328204 / mpah:110328789 / mpah:110331628 / mpah:110331972 / mpah:110332192","gene","http://www.kegg.jp/dbget-bin/www_bget?mpah:110316175+mpah:110318801+mpah:110323494+mpah:110324394+mpah:110328204+mpah:110328789+mpah:110331628+mpah:110331972+mpah:110332192",NA,"rn:R02088 rn:R02089",NA,NA,NA,"line",NA,NA,"#FF8080","#FFFFFF",0,"01100"
"entry3969","1130","mpah:110318945","gene","http://www.kegg.jp/dbget-bin/www_bget?mpah:110318945",NA,"rn:R01560",NA,NA,NA,"line",NA,NA,"#FF8080","#FFFFFF",0,"01100"
"entry3970","1131","mpah:110337592","gene","http://www.kegg.jp/dbget-bin/www_bget?mpah:110337592",NA,"rn:R04378",NA,NA,NA,"line",NA,NA,"#FF8080","#FFFFFF",0,"01100"
"entry3971","1132","mpah:110334688","gene","http://www.kegg.jp/dbget-bin/www_bget?mpah:110334688",NA,"rn:R04559",NA,NA,NA,"line",NA,NA,"#FF8080","#FFFFFF",0,"01100"
"entry3972","1133","mpah:110330578","gene","http://www.kegg.jp/dbget-bin/www_bget?mpah:110330578",NA,"rn:R04591",NA,NA,NA,"line",NA,NA,"#FF8080","#FFFFFF",0,"01100"
"entry3973","1134","mpah:110330578","gene","http://www.kegg.jp/dbget-bin/www_bget?mpah:110330578",NA,"rn:R04209",NA,NA,NA,"line",NA,NA,"#FF8080","#FFFFFF",0,"01100"
"entry3974","1138","mpah:110330582 / mpah:110332174 / mpah:110333951","gene","http://www.kegg.jp/dbget-bin/www_bget?mpah:110330582+mpah:110332174+mpah:110333951",NA,"rn:R01054",NA,NA,NA,"line",NA,NA,"#FF8080","#FFFFFF",0,"01100"
"entry3975","1144","mpah:110320842","gene","http://www.kegg.jp/dbget-bin/www_bget?mpah:110320842",NA,"rn:R01851",NA,NA,NA,"line",NA,NA,"#CC99FF","#FFFFFF",0,"01100"
"entry3976","1154","mpah:110334949 / mpah:110335016","gene","http://www.kegg.jp/dbget-bin/www_bget?mpah:110334949+mpah:110335016",NA,"rn:R01931",NA,NA,NA,"line",NA,NA,"#CC99FF","#FFFFFF",0,"01100"
"entry3977","1158","mpah:110313968 / mpah:110320003 / mpah:110320114 / mpah:110320215 / mpah:110320402 / mpah:110320471 / mpah:110323739 / mpah:110328106 / mpah:110330024 / mpah:110332647 / mpah:110337563 / mpah:110337624 / mpah:110338834 / mpah:110338859","gene","http://www.kegg.jp/dbget-bin/www_bget?mpah:110313968+mpah:110320003+mpah:110320114+mpah:110320215+mpah:110320402+mpah:110320471+mpah:110323739+mpah:110328106+mpah:110330024+mpah:110332647+mpah:110337563+mpah:110337624+mpah:110338834+mpah:110338859",NA,"rn:R10092",NA,NA,NA,"line",NA,NA,"#CC99FF","#FFFFFF",0,"01100"
"entry3978","1167","mpah:110332484","gene","http://www.kegg.jp/dbget-bin/www_bget?mpah:110332484",NA,"rn:R01844",NA,NA,NA,"line",NA,NA,"#CC99FF","#FFFFFF",0,"01100"
"entry3979","1185","mpah:110312755 / mpah:110330437","gene","http://www.kegg.jp/dbget-bin/www_bget?mpah:110312755+mpah:110330437",NA,"rn:R07136 rn:R07137",NA,NA,NA,"line",NA,NA,"#CC99FF","#FFFFFF",0,"01100"
"entry3980","1209","mpah:110319844","gene","http://www.kegg.jp/dbget-bin/www_bget?mpah:110319844",NA,"rn:R06983",NA,NA,NA,"line",NA,NA,"#CC99FF","#FFFFFF",0,"01100"
"entry3981","1210","mpah:110325421","gene","http://www.kegg.jp/dbget-bin/www_bget?mpah:110325421",NA,"rn:R00527",NA,NA,NA,"line",NA,NA,"#CC99FF","#FFFFFF",0,"01100"
"entry3982","1212","mpah:110326232 / mpah:110331359","gene","http://www.kegg.jp/dbget-bin/www_bget?mpah:110326232+mpah:110331359",NA,"rn:R09099",NA,NA,NA,"line",NA,NA,"#CC99FF","#FFFFFF",0,"01100"
"entry3983","1219","mpah:110316421","gene","http://www.kegg.jp/dbget-bin/www_bget?mpah:110316421",NA,"rn:R01066",NA,NA,NA,"line",NA,NA,"#6C63F6","#FFFFFF",0,"01100"
"entry3984","1220","mpah:110330516","gene","http://www.kegg.jp/dbget-bin/www_bget?mpah:110330516",NA,"rn:R02749",NA,NA,NA,"line",NA,NA,"#6C63F6","#FFFFFF",0,"01100"
"entry3985","1221","mpah:110324592","gene","http://www.kegg.jp/dbget-bin/www_bget?mpah:110324592",NA,"rn:R01051",NA,NA,NA,"line",NA,NA,"#6C63F6","#FFFFFF",0,"01100"
"entry3986","1222","mpah:110322932 / mpah:110330516","gene","http://www.kegg.jp/dbget-bin/www_bget?mpah:110322932+mpah:110330516",NA,"rn:R01057",NA,NA,NA,"line",NA,NA,"#6C63F6","#FFFFFF",0,"01100"
"entry3987","1230","mpah:110325897","gene","http://www.kegg.jp/dbget-bin/www_bget?mpah:110325897",NA,"rn:R02243",NA,NA,NA,"line",NA,NA,"#B3B3E6","#FFFFFF",0,"01100"
"entry3988","1252","mpah:110324754","gene","http://www.kegg.jp/dbget-bin/www_bget?mpah:110324754",NA,"rn:R03534",NA,NA,NA,"line",NA,NA,"#B3B3E6","#FFFFFF",0,"01100"
"entry3989","1259","mpah:110322868 / mpah:110328779 / mpah:110339181","gene","http://www.kegg.jp/dbget-bin/www_bget?mpah:110322868+mpah:110328779+mpah:110339181",NA,"rn:R00410 rn:R01357 rn:R01358 rn:R01359",NA,NA,NA,"line",NA,NA,"#B3B3E6","#FFFFFF",0,"01100"
"entry3990","1267","mpah:110327310 / mpah:110336437","gene","http://www.kegg.jp/dbget-bin/www_bget?mpah:110327310+mpah:110336437",NA,"rn:R10997",NA,NA,NA,"line",NA,NA,"#B3B3E6","#FFFFFF",0,"01100"
"entry3991","1268","mpah:110327310 / mpah:110336437","gene","http://www.kegg.jp/dbget-bin/www_bget?mpah:110327310+mpah:110336437",NA,"rn:R10996",NA,NA,NA,"line",NA,NA,"#B3B3E6","#FFFFFF",0,"01100"
"entry3992","1278","mpah:110333903","gene","http://www.kegg.jp/dbget-bin/www_bget?mpah:110333903",NA,"rn:R00470",NA,NA,NA,"line",NA,NA,"#B3B3E6","#FFFFFF",0,"01100"
"entry3993","1287","mpah:110333808","gene","http://www.kegg.jp/dbget-bin/www_bget?mpah:110333808",NA,"rn:R09979",NA,NA,NA,"line",NA,NA,"#B3B3E6","#FFFFFF",0,"01100"
"entry3994","1301","mpah:110317693 / mpah:110318095","gene","http://www.kegg.jp/dbget-bin/www_bget?mpah:110317693+mpah:110318095",NA,"rn:R00316",NA,NA,NA,"line",NA,NA,"#B3B3E6","#FFFFFF",0,"01100"
"entry3995","1304","mpah:110337660","gene","http://www.kegg.jp/dbget-bin/www_bget?mpah:110337660",NA,"rn:R00197 rn:R00198 rn:R00704 rn:R11591 rn:R11593",NA,NA,NA,"line",NA,NA,"#B3B3E6","#FFFFFF",0,"01100"
"entry3996","1306","mpah:110338833","gene","http://www.kegg.jp/dbget-bin/www_bget?mpah:110338833",NA,"rn:R02527",NA,NA,NA,"line",NA,NA,"#B3B3E6","#FFFFFF",0,"01100"
"entry3997","1307","mpah:110338159","gene","http://www.kegg.jp/dbget-bin/www_bget?mpah:110338159",NA,"rn:R02530",NA,NA,NA,"line",NA,NA,"#B3B3E6","#FFFFFF",0,"01100"
"entry3998","1309","mpah:110338183","gene","http://www.kegg.jp/dbget-bin/www_bget?mpah:110338183",NA,"rn:R01736",NA,NA,NA,"line",NA,NA,"#B3B3E6","#FFFFFF",0,"01100"
"entry4000","1319","mpah:110317693 / mpah:110318095","gene","http://www.kegg.jp/dbget-bin/www_bget?mpah:110317693+mpah:110318095",NA,"rn:R00236",NA,NA,NA,"line",NA,NA,"#B3B3E6","#FFFFFF",0,"01100"
"entry4001","1320","mpah:110328781","gene","http://www.kegg.jp/dbget-bin/www_bget?mpah:110328781",NA,"rn:R00227 rn:R00928 rn:R10343",NA,NA,NA,"line",NA,NA,"#B3B3E6","#FFFFFF",0,"01100"
"entry4002","1321","mpah:110313431","gene","http://www.kegg.jp/dbget-bin/www_bget?mpah:110313431",NA,"rn:R03330",NA,NA,NA,"line",NA,NA,"#B3B3E6","#FFFFFF",0,"01100"
"entry4003","1328","mpah:110335024","gene","http://www.kegg.jp/dbget-bin/www_bget?mpah:110335024",NA,"rn:R01184",NA,NA,NA,"line",NA,NA,"#B3B3E6","#FFFFFF",0,"01100"
"entry4004","1373","mpah:110313667","gene","http://www.kegg.jp/dbget-bin/www_bget?mpah:110313667",NA,"rn:R01207",NA,NA,NA,"line",NA,NA,"#B3B3E6","#FFFFFF",0,"01100"
"entry4005","1383","mpah:110324649","gene","http://www.kegg.jp/dbget-bin/www_bget?mpah:110324649",NA,"rn:R00949 rn:R01660",NA,NA,NA,"line",NA,NA,"#B3B3E6","#FFFFFF",0,"01100"
"entry4006","1400","mpah:110314791 / mpah:110314880 / mpah:110315628 / mpah:110322609 / mpah:110322610 / mpah:110330272 / mpah:110330325 / mpah:110330329 / mpah:110330368 / mpah:110330401 / mpah:110330746 / mpah:110330748","gene","http://www.kegg.jp/dbget-bin/www_bget?mpah:110314791+mpah:110314880+mpah:110315628+mpah:110322609+mpah:110322610+mpah:110330272+mpah:110330325+mpah:110330329+mpah:110330368+mpah:110330401+mpah:110330746+mpah:110330748",NA,"rn:R08615",NA,NA,NA,"line",NA,NA,"#B3B3E6","#FFFFFF",0,"01100"
"entry4007","1415","mpah:110313589","gene","http://www.kegg.jp/dbget-bin/www_bget?mpah:110313589",NA,"rn:R01101",NA,NA,NA,"line",NA,NA,"#B3B3E6","#FFFFFF",0,"01100"
"entry4008","1416","mpah:110313589","gene","http://www.kegg.jp/dbget-bin/www_bget?mpah:110313589",NA,"rn:R01103",NA,NA,NA,"line",NA,NA,"#B3B3E6","#FFFFFF",0,"01100"
"entry4009","1418","mpah:110313589","gene","http://www.kegg.jp/dbget-bin/www_bget?mpah:110313589",NA,"rn:R03418 rn:R03634",NA,NA,NA,"line",NA,NA,"#B3B3E6","#FFFFFF",0,"01100"
"entry4010","1420","mpah:110313589","gene","http://www.kegg.jp/dbget-bin/www_bget?mpah:110313589",NA,"rn:R05549",NA,NA,NA,"line",NA,NA,"#B3B3E6","#FFFFFF",0,"01100"
"entry4011","1429","mpah:110318614 / mpah:110319143 / mpah:110320744","gene","http://www.kegg.jp/dbget-bin/www_bget?mpah:110318614+mpah:110319143+mpah:110320744",NA,"rn:R01009",NA,NA,NA,"line",NA,NA,"#99CCFF","#FFFFFF",0,"01100"
"entry4012","1441","mpah:110313288 / mpah:110317115 / mpah:110322593 / mpah:110334209","gene","http://www.kegg.jp/dbget-bin/www_bget?mpah:110313288+mpah:110317115+mpah:110322593+mpah:110334209",NA,"rn:R02731 rn:R02732",NA,NA,NA,"line",NA,NA,"#B3B3E6","#FFFFFF",0,"01100"
"entry4013","1446","mpah:110332500","gene","http://www.kegg.jp/dbget-bin/www_bget?mpah:110332500",NA,"rn:R01624",NA,NA,NA,"line",NA,NA,"#80CCCC","#FFFFFF",0,"01100"
"entry4014","1448","mpah:110324296 / mpah:110327492 / mpah:110328451 / mpah:110333199","gene","http://www.kegg.jp/dbget-bin/www_bget?mpah:110324296+mpah:110327492+mpah:110328451+mpah:110333199",NA,"rn:R03991",NA,NA,NA,"line",NA,NA,"#80CCCC","#FFFFFF",0,"01100"
"entry4015","1450","mpah:110312771 / mpah:110331113","gene","http://www.kegg.jp/dbget-bin/www_bget?mpah:110312771+mpah:110331113",NA,"rn:R00742",NA,NA,NA,"line",NA,NA,"#80CCCC","#FFFFFF",0,"01100"
"entry4016","1452","mpah:110324630","gene","http://www.kegg.jp/dbget-bin/www_bget?mpah:110324630",NA,"rn:R00866 rn:R03232",NA,NA,NA,"line",NA,NA,"#B3B3E6","#FFFFFF",0,"01100"
"entry4017","1478","mpah:110337709","gene","http://www.kegg.jp/dbget-bin/www_bget?mpah:110337709",NA,"rn:R01429 rn:R01430",NA,NA,NA,"line",NA,NA,"#B3B3E6","#FFFFFF",0,"01100"
"entry4018","1489","mpah:110321654 / mpah:110327443","gene","http://www.kegg.jp/dbget-bin/www_bget?mpah:110321654+mpah:110327443",NA,NA,NA,NA,NA,"line",NA,NA,"#99CCFF","#FFFFFF",0,"01100"
"entry4019","1490","mpah:110328262 / mpah:110338862","gene","http://www.kegg.jp/dbget-bin/www_bget?mpah:110328262+mpah:110338862",NA,NA,NA,NA,NA,"line",NA,NA,"#99CCFF","#FFFFFF",0,"01100"
"entry4020","1491","mpah:110321654 / mpah:110327443","gene","http://www.kegg.jp/dbget-bin/www_bget?mpah:110321654+mpah:110327443",NA,NA,NA,NA,NA,"line",NA,NA,"#99CCFF","#FFFFFF",0,"01100"
"entry4021","1492","mpah:110328262 / mpah:110338862","gene","http://www.kegg.jp/dbget-bin/www_bget?mpah:110328262+mpah:110338862",NA,"rn:R06095",NA,NA,NA,"line",NA,NA,"#99CCFF","#FFFFFF",0,"01100"
"entry4022","1493","mpah:110328262 / mpah:110338862","gene","http://www.kegg.jp/dbget-bin/www_bget?mpah:110328262+mpah:110338862",NA,"rn:R06025",NA,NA,NA,"line",NA,NA,"#99CCFF","#FFFFFF",0,"01100"
"entry4023","1494","mpah:110312862 / mpah:110330666 / mpah:110337004","gene","http://www.kegg.jp/dbget-bin/www_bget?mpah:110312862+mpah:110330666+mpah:110337004",NA,"rn:R05975",NA,NA,NA,"line",NA,NA,"#99CCFF","#FFFFFF",0,"01100"
"entry4024","1495","mpah:110333783","gene","http://www.kegg.jp/dbget-bin/www_bget?mpah:110333783",NA,"rn:R06189",NA,NA,NA,"line",NA,NA,"#99CCFF","#FFFFFF",0,"01100"
"entry4025","1496","mpah:110336647","gene","http://www.kegg.jp/dbget-bin/www_bget?mpah:110336647",NA,"rn:R06128",NA,NA,NA,"line",NA,NA,"#99CCFF","#FFFFFF",0,"01100"
"entry4026","1497","mpah:110314507 / mpah:110320664 / mpah:110321026","gene","http://www.kegg.jp/dbget-bin/www_bget?mpah:110314507+mpah:110320664+mpah:110321026",NA,"rn:R05970",NA,NA,NA,"line",NA,NA,"#99CCFF","#FFFFFF",0,"01100"
"entry4027","1498","mpah:110329829 / mpah:110329984","gene","http://www.kegg.jp/dbget-bin/www_bget?mpah:110329829+mpah:110329984",NA,"rn:R05972",NA,NA,NA,"line",NA,NA,"#99CCFF","#FFFFFF",0,"01100"
"entry4028","1500","mpah:110323013","gene","http://www.kegg.jp/dbget-bin/www_bget?mpah:110323013",NA,"rn:R05973",NA,NA,NA,"line",NA,NA,"#99CCFF","#FFFFFF",0,"01100"
"entry4029","1501","mpah:110336647","gene","http://www.kegg.jp/dbget-bin/www_bget?mpah:110336647",NA,"rn:R06127",NA,NA,NA,"line",NA,NA,"#99CCFF","#FFFFFF",0,"01100"
"entry4030","1502","mpah:110320371","gene","http://www.kegg.jp/dbget-bin/www_bget?mpah:110320371",NA,"rn:R01005 rn:R01006",NA,NA,NA,"line",NA,NA,"#99CCFF","#FFFFFF",0,"01100"
"entry4031","1504","mpah:110321430 / mpah:110331274 / mpah:110337626","gene","http://www.kegg.jp/dbget-bin/www_bget?mpah:110321430+mpah:110331274+mpah:110337626",NA,"rn:R05987",NA,NA,NA,"line",NA,NA,"#99CCFF","#FFFFFF",0,"01100"
"entry4032","1505","mpah:110321291 / mpah:110331691","gene","http://www.kegg.jp/dbget-bin/www_bget?mpah:110321291+mpah:110331691",NA,"rn:R05991",NA,NA,NA,"line",NA,NA,"#99CCFF","#FFFFFF",0,"01100"
"entry4033","1506","mpah:110332580","gene","http://www.kegg.jp/dbget-bin/www_bget?mpah:110332580",NA,"rn:R05983",NA,NA,NA,"line",NA,NA,"#99CCFF","#FFFFFF",0,"01100"
"entry4034","1507","mpah:110324280","gene","http://www.kegg.jp/dbget-bin/www_bget?mpah:110324280",NA,"rn:R05985",NA,NA,NA,"line",NA,NA,"#99CCFF","#FFFFFF",0,"01100"
"entry4035","1508","mpah:110334992","gene","http://www.kegg.jp/dbget-bin/www_bget?mpah:110334992",NA,"rn:R05986",NA,NA,NA,"line",NA,NA,"#99CCFF","#FFFFFF",0,"01100"
"entry4036","1513","mpah:110327161","gene","http://www.kegg.jp/dbget-bin/www_bget?mpah:110327161",NA,"rn:R07204",NA,NA,NA,"line",NA,NA,"#80CCCC","#FFFFFF",0,"01100"
"entry4037","1516","mpah:110313131","gene","http://www.kegg.jp/dbget-bin/www_bget?mpah:110313131",NA,"rn:R00771",NA,NA,NA,"line",NA,NA,"#B3B3E6","#FFFFFF",0,"01100"
"entry4038","1517","mpah:110314383 / mpah:110326557 / mpah:110326866 / mpah:110334200","gene","http://www.kegg.jp/dbget-bin/www_bget?mpah:110314383+mpah:110326557+mpah:110326866+mpah:110334200",NA,"rn:R00760",NA,NA,NA,"line",NA,NA,"#B3B3E6","#FFFFFF",0,"01100"
"entry4039","1529","mpah:110320278 / mpah:110322772 / mpah:110327330 / mpah:110328059 / mpah:110329039 / mpah:110333993 / mpah:110334812","gene","http://www.kegg.jp/dbget-bin/www_bget?mpah:110320278+mpah:110322772+mpah:110327330+mpah:110328059+mpah:110329039+mpah:110333993+mpah:110334812",NA,"rn:R10825",NA,NA,NA,"line",NA,NA,"#80CCCC","#FFFFFF",0,"01100"
"entry4040","1530","mpah:110318386","gene","http://www.kegg.jp/dbget-bin/www_bget?mpah:110318386",NA,"rn:R10826",NA,NA,NA,"line",NA,NA,"#80CCCC","#FFFFFF",0,"01100"
"entry4041","1531","mpah:110318642 / mpah:110323573 / mpah:110327686 / mpah:110329705","gene","http://www.kegg.jp/dbget-bin/www_bget?mpah:110318642+mpah:110323573+mpah:110327686+mpah:110329705",NA,"rn:R10827",NA,NA,NA,"line",NA,NA,"#80CCCC","#FFFFFF",0,"01100"
"entry4042","1532","mpah:110337246","gene","http://www.kegg.jp/dbget-bin/www_bget?mpah:110337246",NA,"rn:R10828",NA,NA,NA,"line",NA,NA,"#80CCCC","#FFFFFF",0,"01100"
"entry4043","1552","mpah:110327492 / mpah:110328451","gene","http://www.kegg.jp/dbget-bin/www_bget?mpah:110327492+mpah:110328451",NA,"rn:R07895",NA,NA,NA,"line",NA,NA,"#99CCFF","#FFFFFF",0,"01100"
"entry4044","1556","mpah:110314162 / mpah:110318254 / mpah:110320742 / mpah:110324154 / mpah:110325242 / mpah:110327523 / mpah:110336778","gene","http://www.kegg.jp/dbget-bin/www_bget?mpah:110314162+mpah:110318254+mpah:110320742+mpah:110324154+mpah:110325242+mpah:110327523+mpah:110336778",NA,"rn:R00209 rn:R00212 rn:R01196 rn:R10866",NA,NA,NA,"line",NA,NA,"#6C63F6","#FFFFFF",0,"01100"
"entry4045","1557","mpah:110316454","gene","http://www.kegg.jp/dbget-bin/www_bget?mpah:110316454",NA,NA,NA,NA,NA,"line",NA,NA,"#99CCFF","#FFFFFF",0,"01100"
"entry4046","1558","mpah:110323213","gene","http://www.kegg.jp/dbget-bin/www_bget?mpah:110323213",NA,"rn:R11320",NA,NA,NA,"line",NA,NA,"#99CCFF","#FFFFFF",0,"01100"
"entry4047","1559","mpah:110320437","gene","http://www.kegg.jp/dbget-bin/www_bget?mpah:110320437",NA,"rn:R11321",NA,NA,NA,"line",NA,NA,"#99CCFF","#FFFFFF",0,"01100"
"entry4048","1560","mpah:110319298","gene","http://www.kegg.jp/dbget-bin/www_bget?mpah:110319298",NA,"rn:R11322",NA,NA,NA,"line",NA,NA,"#99CCFF","#FFFFFF",0,"01100"
"entry4049","1561","mpah:110318407","gene","http://www.kegg.jp/dbget-bin/www_bget?mpah:110318407",NA,"rn:R07628",NA,NA,NA,"line",NA,NA,"#99CCFF","#FFFFFF",0,"01100"
"entry4050","1562","mpah:110317825 / mpah:110326963 / mpah:110326989 / mpah:110332670","gene","http://www.kegg.jp/dbget-bin/www_bget?mpah:110317825+mpah:110326963+mpah:110326989+mpah:110332670",NA,"rn:R01262",NA,NA,NA,"line",NA,NA,"#FF9900","#FFFFFF",0,"01100"
"entry4051","1563","mpah:110316963","gene","http://www.kegg.jp/dbget-bin/www_bget?mpah:110316963",NA,"rn:R03749",NA,NA,NA,"line",NA,NA,"#FF9900","#FFFFFF",0,"01100"
"entry4052","1564","mpah:110316963","gene","http://www.kegg.jp/dbget-bin/www_bget?mpah:110316963",NA,"rn:R02743",NA,NA,NA,"line",NA,NA,"#FF9900","#FFFFFF",0,"01100"
"entry4053","1566","mpah:110319367 / mpah:110330760","gene","http://www.kegg.jp/dbget-bin/www_bget?mpah:110319367+mpah:110330760",NA,"rn:R11861",NA,NA,NA,"line",NA,NA,"#FF9900","#FFFFFF",0,"01100"
"entry4054","1579","mpah:110315970 / mpah:110316775 / mpah:110316776 / mpah:110318291 / mpah:110320350 / mpah:110331633","gene","http://www.kegg.jp/dbget-bin/www_bget?mpah:110315970+mpah:110316775+mpah:110316776+mpah:110318291+mpah:110320350+mpah:110331633",NA,"rn:R00801",NA,NA,NA,"line",NA,NA,"#B3B3E6","#FFFFFF",0,"01100"
"entry4055","1582","mpah:110329550 / mpah:110336229","gene","http://www.kegg.jp/dbget-bin/www_bget?mpah:110329550+mpah:110336229",NA,"rn:R00311 rn:R11579",NA,NA,NA,"line",NA,NA,"#FFB3CC","#FFFFFF",0,"01100"
"entry4056","1583","mpah:110318000 / mpah:110331802","gene","http://www.kegg.jp/dbget-bin/www_bget?mpah:110318000+mpah:110331802",NA,"rn:R02391 rn:R02393",NA,NA,NA,"line",NA,NA,"#FFB3CC","#FFFFFF",0,"01100"
"entry4057","1584","mpah:110339056","gene","http://www.kegg.jp/dbget-bin/www_bget?mpah:110339056",NA,"rn:R04979",NA,NA,NA,"line",NA,NA,"#FFB3CC","#FFFFFF",0,"01100"
"entry4058","1586","mpah:110331676","gene","http://www.kegg.jp/dbget-bin/www_bget?mpah:110331676",NA,"rn:R07411",NA,NA,NA,"line",NA,NA,"#FFB3CC","#FFFFFF",0,"01100"
"entry4059","1587","mpah:110325962","gene","http://www.kegg.jp/dbget-bin/www_bget?mpah:110325962",NA,"rn:R07412",NA,NA,NA,"line",NA,NA,"#FFB3CC","#FFFFFF",0,"01100"
"entry4060","1588","mpah:110313039","gene","http://www.kegg.jp/dbget-bin/www_bget?mpah:110313039",NA,"rn:R01492",NA,NA,NA,"line",NA,NA,"#FFB3CC","#FFFFFF",0,"01100"
"entry4061","1592","mpah:110321726","gene","http://www.kegg.jp/dbget-bin/www_bget?mpah:110321726",NA,"rn:R04178",NA,NA,NA,"line",NA,NA,"#FFB3CC","#FFFFFF",0,"01100"
"entry4062","1593","mpah:110333084","gene","http://www.kegg.jp/dbget-bin/www_bget?mpah:110333084",NA,"rn:R11329",NA,NA,NA,"line",NA,NA,"#FFB3CC","#FFFFFF",0,"01100"
"entry4063","1596","mpah:110313519 / mpah:110329551","gene","http://www.kegg.jp/dbget-bin/www_bget?mpah:110313519+mpah:110329551",NA,"rn:R02590",NA,NA,NA,"line",NA,NA,"#FF9900","#FFFFFF",0,"01100"
"entry4064","1597","mpah:110320080 / mpah:110326383","gene","http://www.kegg.jp/dbget-bin/www_bget?mpah:110320080+mpah:110326383",NA,"rn:R04922",NA,NA,NA,"line",NA,NA,"#FF9900","#FFFFFF",0,"01100"
"entry4065","1599","mpah:110331893 / mpah:110332478","gene","http://www.kegg.jp/dbget-bin/www_bget?mpah:110331893+mpah:110332478",NA,"rn:R05911",NA,NA,NA,"line",NA,NA,"#99CCFF","#FFFFFF",0,"01100"
"entry4066","1600","mpah:110326592","gene","http://www.kegg.jp/dbget-bin/www_bget?mpah:110326592",NA,"rn:R12244",NA,NA,NA,"line",NA,NA,"#99CCFF","#FFFFFF",0,"01100"
"entry4067","1602","mpah:110323790","gene","http://www.kegg.jp/dbget-bin/www_bget?mpah:110323790",NA,NA,NA,NA,NA,"line",NA,NA,"#99CCFF","#FFFFFF",0,"01100"
"entry4068","1603","mpah:110331691","gene","http://www.kegg.jp/dbget-bin/www_bget?mpah:110331691",NA,"rn:R07621",NA,NA,NA,"line",NA,NA,"#99CCFF","#FFFFFF",0,"01100"
"entry4069","1604","mpah:110327674","gene","http://www.kegg.jp/dbget-bin/www_bget?mpah:110327674",NA,"rn:R11407",NA,NA,NA,"line",NA,NA,"#99CCFF","#FFFFFF",0,"01100"
"entry4070","1605","mpah:110333891","gene","http://www.kegg.jp/dbget-bin/www_bget?mpah:110333891",NA,"rn:R12292",NA,NA,NA,"line",NA,NA,"#99CCFF","#FFFFFF",0,"01100"
"entry4071","1606","mpah:110336756","gene","http://www.kegg.jp/dbget-bin/www_bget?mpah:110336756",NA,"rn:R12293",NA,NA,NA,"line",NA,NA,"#99CCFF","#FFFFFF",0,"01100"
"entry4072","1607","mpah:110313195","gene","http://www.kegg.jp/dbget-bin/www_bget?mpah:110313195",NA,"rn:R12295",NA,NA,NA,"line",NA,NA,"#99CCFF","#FFFFFF",0,"01100"
"entry4073","1608","mpah:110316678","gene","http://www.kegg.jp/dbget-bin/www_bget?mpah:110316678",NA,"rn:R12296",NA,NA,NA,"line",NA,NA,"#99CCFF","#FFFFFF",0,"01100"
"entry4074","1609","mpah:110318373 / mpah:110336349","gene","http://www.kegg.jp/dbget-bin/www_bget?mpah:110318373+mpah:110336349",NA,"rn:R12297",NA,NA,NA,"line",NA,NA,"#99CCFF","#FFFFFF",0,"01100"
"entry4075","1610","mpah:110318373 / mpah:110336349","gene","http://www.kegg.jp/dbget-bin/www_bget?mpah:110318373+mpah:110336349",NA,"rn:R12298",NA,NA,NA,"line",NA,NA,"#99CCFF","#FFFFFF",0,"01100"
"entry4076","1611","mpah:110322880","gene","http://www.kegg.jp/dbget-bin/www_bget?mpah:110322880",NA,"rn:R07619",NA,NA,NA,"line",NA,NA,"#99CCFF","#FFFFFF",0,"01100"
"entry4077","1612","mpah:110321517 / mpah:110322866 / mpah:110338771","gene","http://www.kegg.jp/dbget-bin/www_bget?mpah:110321517+mpah:110322866+mpah:110338771",NA,NA,NA,NA,NA,"line",NA,NA,"#99CCFF","#FFFFFF",0,"01100"
"entry4078","1613","mpah:110321823","gene","http://www.kegg.jp/dbget-bin/www_bget?mpah:110321823",NA,NA,NA,NA,NA,"line",NA,NA,"#99CCFF","#FFFFFF",0,"01100"
"entry4079","1614","mpah:110321517 / mpah:110322866 / mpah:110338771","gene","http://www.kegg.jp/dbget-bin/www_bget?mpah:110321517+mpah:110322866+mpah:110338771",NA,NA,NA,NA,NA,"line",NA,NA,"#99CCFF","#FFFFFF",0,"01100"
"entry4080","1615","mpah:110323790","gene","http://www.kegg.jp/dbget-bin/www_bget?mpah:110323790",NA,NA,NA,NA,NA,"line",NA,NA,"#99CCFF","#FFFFFF",0,"01100"
"entry4081","1616","mpah:110321823","gene","http://www.kegg.jp/dbget-bin/www_bget?mpah:110321823",NA,NA,NA,NA,NA,"line",NA,NA,"#99CCFF","#FFFFFF",0,"01100"
"entry4082","1619","mpah:110335243","gene","http://www.kegg.jp/dbget-bin/www_bget?mpah:110335243",NA,"rn:R11376",NA,NA,NA,"line",NA,NA,"#99CCFF","#FFFFFF",0,"01100"
"entry4083","1620","mpah:110320437","gene","http://www.kegg.jp/dbget-bin/www_bget?mpah:110320437",NA,"rn:R11379",NA,NA,NA,"line",NA,NA,"#99CCFF","#FFFFFF",0,"01100"
"entry4084","1621","mpah:110335243","gene","http://www.kegg.jp/dbget-bin/www_bget?mpah:110335243",NA,"rn:R11377",NA,NA,NA,"line",NA,NA,"#99CCFF","#FFFFFF",0,"01100"
"entry4085","1622","mpah:110335243","gene","http://www.kegg.jp/dbget-bin/www_bget?mpah:110335243",NA,"rn:R11375",NA,NA,NA,"line",NA,NA,"#99CCFF","#FFFFFF",0,"01100"
"entry4086","1623","mpah:110320437","gene","http://www.kegg.jp/dbget-bin/www_bget?mpah:110320437",NA,"rn:R11378",NA,NA,NA,"line",NA,NA,"#99CCFF","#FFFFFF",0,"01100"
"entry4087","1629","mpah:110338647","gene","http://www.kegg.jp/dbget-bin/www_bget?mpah:110338647",NA,"rn:R00955",NA,NA,NA,"line",NA,NA,"#B3B3E6","#FFFFFF",0,"01100"
"entry4088","1631","mpah:110323344","gene","http://www.kegg.jp/dbget-bin/www_bget?mpah:110323344",NA,"rn:R00291",NA,NA,NA,"line",NA,NA,"#B3B3E6","#FFFFFF",0,"01100"
"entry4089","1634","mpah:110319959 / mpah:110320867 / mpah:110320868 / mpah:110320987","gene","http://www.kegg.jp/dbget-bin/www_bget?mpah:110319959+mpah:110320867+mpah:110320868+mpah:110320987",NA,"rn:R11262",NA,NA,NA,"line",NA,NA,"#B3B3E6","#FFFFFF",0,"01100"
"entry4090","1640","mpah:110327739 / mpah:110328763","gene","http://www.kegg.jp/dbget-bin/www_bget?mpah:110327739+mpah:110328763",NA,NA,NA,NA,NA,"line",NA,NA,"#99CCFF","#FFFFFF",0,"01100"
"entry4091","1641","mpah:110324361","gene","http://www.kegg.jp/dbget-bin/www_bget?mpah:110324361",NA,"rn:R09319",NA,NA,NA,"line",NA,NA,"#99CCFF","#FFFFFF",0,"01100"
"entry4092","1643","mpah:110331585","gene","http://www.kegg.jp/dbget-bin/www_bget?mpah:110331585",NA,"rn:R09323",NA,NA,NA,"line",NA,NA,"#99CCFF","#FFFFFF",0,"01100"
"entry4093","1647","mpah:110323790","gene","http://www.kegg.jp/dbget-bin/www_bget?mpah:110323790",NA,NA,NA,NA,NA,"line",NA,NA,"#99CCFF","#FFFFFF",0,"01100"
"entry4094","1648","mpah:110316578 / mpah:110318245","gene","http://www.kegg.jp/dbget-bin/www_bget?mpah:110316578+mpah:110318245",NA,NA,NA,NA,NA,"line",NA,NA,"#99CCFF","#FFFFFF",0,"01100"
"entry4095","1649","mpah:110329104 / mpah:110333395","gene","http://www.kegg.jp/dbget-bin/www_bget?mpah:110329104+mpah:110333395",NA,NA,NA,NA,NA,"line",NA,NA,"#99CCFF","#FFFFFF",0,"01100"
"entry4096","1650","mpah:110330560","gene","http://www.kegg.jp/dbget-bin/www_bget?mpah:110330560",NA,"rn:R07813",NA,NA,NA,"line",NA,NA,"#99CCFF","#FFFFFF",0,"01100"
"entry4097","1651","mpah:110313631","gene","http://www.kegg.jp/dbget-bin/www_bget?mpah:110313631",NA,"rn:R07812",NA,NA,NA,"line",NA,NA,"#99CCFF","#FFFFFF",0,"01100"
"entry4098","1652","mpah:110331444","gene","http://www.kegg.jp/dbget-bin/www_bget?mpah:110331444",NA,"rn:R00589",NA,NA,NA,"line",NA,NA,"#FFCC66","#FFFFFF",0,"01100"
"entry4099","1658","mpah:110323016","gene","http://www.kegg.jp/dbget-bin/www_bget?mpah:110323016",NA,"rn:R11096",NA,NA,NA,"line",NA,NA,"#80CCCC","#FFFFFF",0,"01100"
"entry4100","1664","mpah:110312952","gene","http://www.kegg.jp/dbget-bin/www_bget?mpah:110312952",NA,"rn:R02923 rn:R02924 rn:R11018",NA,NA,NA,"line",NA,NA,"#FF9900","#FFFFFF",0,"01100"
"entry4101","1670","mpah:110320336 / mpah:110327193","gene","http://www.kegg.jp/dbget-bin/www_bget?mpah:110320336+mpah:110327193",NA,"rn:R10993",NA,NA,NA,"line",NA,NA,"#FFCC66","#FFFFFF",0,"01100"
"entry4102","1671","mpah:110318605","gene","http://www.kegg.jp/dbget-bin/www_bget?mpah:110318605",NA,"rn:R10994",NA,NA,NA,"line",NA,NA,"#FFCC66","#FFFFFF",0,"01100"
"entry4103","1674","mpah:110314383 / mpah:110326557 / mpah:110326866 / mpah:110334200","gene","http://www.kegg.jp/dbget-bin/www_bget?mpah:110314383+mpah:110326557+mpah:110326866+mpah:110334200",NA,"rn:R01961",NA,NA,NA,"line",NA,NA,"#B3B3E6","#FFFFFF",0,"01100"
"entry4104","1678","mpah:110314736 / mpah:110320160 / mpah:110320304 / mpah:110320540 / mpah:110320697 / mpah:110322193","gene","http://www.kegg.jp/dbget-bin/www_bget?mpah:110314736+mpah:110320160+mpah:110320304+mpah:110320540+mpah:110320697+mpah:110322193",NA,"rn:R02334",NA,NA,NA,"line",NA,NA,"#B3B3E6","#FFFFFF",0,"01100"
"entry4105","1679","mpah:110327739 / mpah:110328763","gene","http://www.kegg.jp/dbget-bin/www_bget?mpah:110327739+mpah:110328763",NA,"rn:R00022",NA,NA,NA,"line",NA,NA,"#B3B3E6","#FFFFFF",0,"01100"
"entry4106","1680","mpah:110316368","gene","http://www.kegg.jp/dbget-bin/www_bget?mpah:110316368",NA,"rn:R01201",NA,NA,NA,"line",NA,NA,"#B3B3E6","#FFFFFF",0,"01100"
"entry4107","1681","mpah:110327188","gene","http://www.kegg.jp/dbget-bin/www_bget?mpah:110327188",NA,"rn:R08193",NA,NA,NA,"line",NA,NA,"#B3B3E6","#FFFFFF",0,"01100"
"entry4108","1685","mpah:110318132 / mpah:110324154 / mpah:110327854 / mpah:110337605","gene","http://www.kegg.jp/dbget-bin/www_bget?mpah:110318132+mpah:110324154+mpah:110327854+mpah:110337605",NA,"rn:R01221",NA,NA,NA,"line",NA,NA,"#FFCC66","#FFFFFF",0,"01100"
"entry4109","1686","mpah:110316605 / mpah:110316610 / mpah:110317089 / mpah:110317172","gene","http://www.kegg.jp/dbget-bin/www_bget?mpah:110316605+mpah:110316610+mpah:110317089+mpah:110317172",NA,"rn:R01151 rn:R01155 rn:R08714",NA,NA,NA,"line",NA,NA,"#FFCC66","#FFFFFF",0,"01100"
"entry4110","1688","mpah:110313434 / mpah:110317651 / mpah:110323142 / mpah:110326795","gene","http://www.kegg.jp/dbget-bin/www_bget?mpah:110313434+mpah:110317651+mpah:110323142+mpah:110326795",NA,"rn:R02869 rn:R09076",NA,NA,NA,"line",NA,NA,"#FFCC66","#FFFFFF",0,"01100"
"entry4111","1692","mpah:110313054 / mpah:110321543 / mpah:110323147 / mpah:110331656 / mpah:110333007","gene","http://www.kegg.jp/dbget-bin/www_bget?mpah:110313054+mpah:110321543+mpah:110323147+mpah:110331656+mpah:110333007",NA,"rn:R01986 rn:R02549",NA,NA,NA,"line",NA,NA,"#FFCC66","#FFFFFF",0,"01100"
"entry4112","1693","mpah:110317636 / mpah:110317896 / mpah:110318146 / mpah:110326820","gene","http://www.kegg.jp/dbget-bin/www_bget?mpah:110317636+mpah:110317896+mpah:110318146+mpah:110326820",NA,"rn:R00261",NA,NA,NA,"line",NA,NA,"#FFCC66","#FFFFFF",0,"01100"
"entry4113","1701","mpah:110316482","gene","http://www.kegg.jp/dbget-bin/www_bget?mpah:110316482",NA,"rn:R01662",NA,NA,NA,"line",NA,NA,"#6C63F6","#FFFFFF",0,"01100"
"entry4114","1702","mpah:110316482","gene","http://www.kegg.jp/dbget-bin/www_bget?mpah:110316482",NA,"rn:R01516",NA,NA,NA,"line",NA,NA,"#6C63F6","#FFFFFF",0,"01100"
"entry4115","1703","mpah:110323978","gene","http://www.kegg.jp/dbget-bin/www_bget?mpah:110323978",NA,"rn:R09532",NA,NA,NA,"line",NA,NA,"#6C63F6","#FFFFFF",0,"01100"
"entry4116","1704","mpah:110318124 / mpah:110329831","gene","http://www.kegg.jp/dbget-bin/www_bget?mpah:110318124+mpah:110329831",NA,"rn:R07460",NA,NA,NA,"line",NA,NA,"#FFB3CC","#FFFFFF",0,"01100"
"entry4117","1707","mpah:110334162","gene","http://www.kegg.jp/dbget-bin/www_bget?mpah:110334162",NA,"rn:R08158",NA,NA,NA,"line",NA,NA,"#80CCCC","#FFFFFF",0,"01100"
"entry4118","1708","mpah:110334162","gene","http://www.kegg.jp/dbget-bin/www_bget?mpah:110334162",NA,"rn:R04014",NA,NA,NA,"line",NA,NA,"#80CCCC","#FFFFFF",0,"01100"
"entry4119","1709","mpah:110332500","gene","http://www.kegg.jp/dbget-bin/www_bget?mpah:110332500",NA,"rn:R08159",NA,NA,NA,"line",NA,NA,"#80CCCC","#FFFFFF",0,"01100"
"entry4120","1710","mpah:110334162","gene","http://www.kegg.jp/dbget-bin/www_bget?mpah:110334162",NA,"rn:R08157 rn:R12429",NA,NA,NA,"line",NA,NA,"#80CCCC","#FFFFFF",0,"01100"
"entry4121","1712","mpah:110315945 / mpah:110326699 / mpah:110326856 / mpah:110328267 / mpah:110333827 / mpah:110338173 / mpah:110338443","gene","http://www.kegg.jp/dbget-bin/www_bget?mpah:110315945+mpah:110326699+mpah:110326856+mpah:110328267+mpah:110333827+mpah:110338173+mpah:110338443",NA,"rn:R00196 rn:R00703 rn:R01447",NA,NA,NA,"line",NA,NA,"#B3B3E6","#FFFFFF",0,"01100"
"entry4122","1715","mpah:110312811 / mpah:110313181 / mpah:110313554 / mpah:110314995 / mpah:110315594 / mpah:110315701 / mpah:110315789 / mpah:110315884 / mpah:110316287 / mpah:110321409 / mpah:110328033 / mpah:110328034 / mpah:110329726 / mpah:110336692 / mpah:110336742","gene","http://www.kegg.jp/dbget-bin/www_bget?mpah:110312811+mpah:110313181+mpah:110313554+mpah:110314995+mpah:110315594+mpah:110315701+mpah:110315789+mpah:110315884+mpah:110316287+mpah:110321409+mpah:110328033+mpah:110328034+mpah:110329726+mpah:110336692+mpah:110336742",NA,"rn:R08392",NA,NA,NA,"line",NA,NA,"#FFB3CC","#FFFFFF",0,"01100"
"entry4123","1716","mpah:110312811 / mpah:110313181 / mpah:110314995 / mpah:110315594 / mpah:110315701 / mpah:110315789 / mpah:110315884 / mpah:110316287 / mpah:110321409 / mpah:110328033 / mpah:110328034 / mpah:110329726 / mpah:110336692 / mpah:110336742","gene","http://www.kegg.jp/dbget-bin/www_bget?mpah:110312811+mpah:110313181+mpah:110314995+mpah:110315594+mpah:110315701+mpah:110315789+mpah:110315884+mpah:110316287+mpah:110321409+mpah:110328033+mpah:110328034+mpah:110329726+mpah:110336692+mpah:110336742",NA,NA,NA,NA,NA,"line",NA,NA,"#FFB3CC","#FFFFFF",0,"01100"
"entry4124","1745","mpah:110321716","gene","http://www.kegg.jp/dbget-bin/www_bget?mpah:110321716",NA,"rn:R04007",NA,NA,NA,"line",NA,NA,"#F06292","#FFFFFF",0,"01100"
"entry4125","1757","mpah:110337707","gene","http://www.kegg.jp/dbget-bin/www_bget?mpah:110337707",NA,"rn:R00615 rn:R00617",NA,NA,NA,"line",NA,NA,"#FFB3CC","#FFFFFF",0,"01100"
"entry4126","1758","mpah:110318769 / mpah:110319182 / mpah:110320440 / mpah:110323081 / mpah:110323215 / mpah:110324856 / mpah:110325225 / mpah:110335474","gene","http://www.kegg.jp/dbget-bin/www_bget?mpah:110318769+mpah:110319182+mpah:110320440+mpah:110323081+mpah:110323215+mpah:110324856+mpah:110325225+mpah:110335474",NA,"rn:R00616 rn:R00618 rn:R11319",NA,NA,NA,"line",NA,NA,"#FFB3CC","#FFFFFF",0,"01100"
"entry4127","1759","mpah:110321885 / mpah:110321909 / mpah:110322118 / mpah:110322154 / mpah:110322797 / mpah:110324784 / mpah:110336841","gene","http://www.kegg.jp/dbget-bin/www_bget?mpah:110321885+mpah:110321909+mpah:110322118+mpah:110322154+mpah:110322797+mpah:110324784+mpah:110336841",NA,"rn:R02134 rn:R02135",NA,NA,NA,"line",NA,NA,"#FFB3CC","#FFFFFF",0,"01100"
"entry4128","1764","mpah:110315962","gene","http://www.kegg.jp/dbget-bin/www_bget?mpah:110315962",NA,"rn:R00619",NA,NA,NA,"line",NA,NA,"#FFB3CC","#FFFFFF",0,"01100"
"entry4129","1778","mpah:110323614 / mpah:110325375","gene","http://www.kegg.jp/dbget-bin/www_bget?mpah:110323614+mpah:110325375",NA,"rn:R10693 rn:R10688",NA,NA,NA,"line",NA,NA,"#FFCC66","#FFFFFF",0,"01100"
"entry4130","1779","mpah:110316335 / mpah:110323614 / mpah:110325375","gene","http://www.kegg.jp/dbget-bin/www_bget?mpah:110316335+mpah:110323614+mpah:110325375",NA,"rn:R10678 rn:R10687",NA,NA,NA,"line",NA,NA,"#FFCC66","#FFFFFF",0,"01100"
"entry4131","1780","mpah:110330690 / mpah:110332490","gene","http://www.kegg.jp/dbget-bin/www_bget?mpah:110330690+mpah:110332490",NA,"rn:R00487 rn:R00488",NA,NA,NA,"line",NA,NA,"#FFCC66","#FFFFFF",0,"01100"
"entry4132","1781","mpah:110316335","gene","http://www.kegg.jp/dbget-bin/www_bget?mpah:110316335",NA,"rn:R10677",NA,NA,NA,"line",NA,NA,"#FFCC66","#FFFFFF",0,"01100"
"entry4133","1786","mpah:110320447","gene","http://www.kegg.jp/dbget-bin/www_bget?mpah:110320447",NA,"rn:R00748",NA,NA,NA,"line",NA,NA,"#80CCB3","#FFFFFF",0,"01100"
"entry4134","1792","mpah:110331232","gene","http://www.kegg.jp/dbget-bin/www_bget?mpah:110331232",NA,"rn:R10270",NA,NA,NA,"line",NA,NA,"#FFCC66","#FFFFFF",0,"01100"
"entry4135","1793","mpah:110328023","gene","http://www.kegg.jp/dbget-bin/www_bget?mpah:110328023",NA,"rn:R03378",NA,NA,NA,"line",NA,NA,"#FFCC66","#FFFFFF",0,"01100"
"entry4136","1797","mpah:110329563","gene","http://www.kegg.jp/dbget-bin/www_bget?mpah:110329563",NA,"rn:R01648 rn:R10178",NA,NA,NA,"line",NA,NA,"#FFCC66","#FFFFFF",0,"01100"
"entry4137","1800","mpah:110333566","gene","http://www.kegg.jp/dbget-bin/www_bget?mpah:110333566",NA,"rn:R01668",NA,NA,NA,"line",NA,NA,"#FF8080","#FFFFFF",0,"01100"
"entry4138","1811","mpah:110333007","gene","http://www.kegg.jp/dbget-bin/www_bget?mpah:110333007",NA,"rn:R02565 rn:R02566 rn:R08211",NA,NA,NA,"line",NA,NA,"#FFCC66","#FFFFFF",0,"01100"
"entry4139","1812","mpah:110325976","gene","http://www.kegg.jp/dbget-bin/www_bget?mpah:110325976",NA,"rn:R01022 rn:R07409 rn:R08557 rn:R08558",NA,NA,NA,"line",NA,NA,"#FFCC66","#FFFFFF",0,"01100"
"entry4140","1818","mpah:110315099 / mpah:110315313 / mpah:110315329 / mpah:110315340 / mpah:110330299","gene","http://www.kegg.jp/dbget-bin/www_bget?mpah:110315099+mpah:110315313+mpah:110315329+mpah:110315340+mpah:110330299",NA,"rn:R01093 rn:R01095",NA,NA,NA,"line",NA,NA,"#B3B3E6","#FFFFFF",0,"01100"
"entry4141","1823","mpah:110327016 / mpah:110334301 / mpah:110334554","gene","http://www.kegg.jp/dbget-bin/www_bget?mpah:110327016+mpah:110334301+mpah:110334554",NA,"rn:R03236 rn:R03237 rn:R03238 rn:R03239",NA,NA,NA,"line",NA,NA,"#B3B3E6","#FFFFFF",0,"01100"
"entry4143","1826","mpah:110325590","gene","http://www.kegg.jp/dbget-bin/www_bget?mpah:110325590",NA,"rn:R00647",NA,NA,NA,"line",NA,NA,"#B3B3E6","#FFFFFF",0,"01100"
"entry4144","1836","mpah:110324603 / mpah:110331511","gene","http://www.kegg.jp/dbget-bin/www_bget?mpah:110324603+mpah:110331511",NA,"rn:R05925",NA,NA,NA,"line",NA,NA,"#99CCFF","#FFFFFF",0,"01100"
"entry4145","1846","mpah:110318266","gene","http://www.kegg.jp/dbget-bin/www_bget?mpah:110318266",NA,"rn:R09515",NA,NA,NA,"line",NA,NA,"#80CCCC","#FFFFFF",0,"01100"
"entry4146","1847","mpah:110318266","gene","http://www.kegg.jp/dbget-bin/www_bget?mpah:110318266",NA,"rn:R09516",NA,NA,NA,"line",NA,NA,"#80CCCC","#FFFFFF",0,"01100"
"entry4147","1857","mpah:110320299 / mpah:110328741","gene","http://www.kegg.jp/dbget-bin/www_bget?mpah:110320299+mpah:110328741",NA,"rn:R01978",NA,NA,NA,"line",NA,NA,"#9EE284","#FFFFFF",0,"01100"
"entry4148","1859","mpah:110323142","gene","http://www.kegg.jp/dbget-bin/www_bget?mpah:110323142",NA,"rn:R01920",NA,NA,NA,"line",NA,NA,"#FFCC66","#FFFFFF",0,"01100"
"entry4149","1867","mpah:110314050 / mpah:110316028 / mpah:110318226 / mpah:110319038 / mpah:110322268 / mpah:110323294 / mpah:110324147 / mpah:110324186 / mpah:110325282 / mpah:110326436 / mpah:110326500 / mpah:110328777 / mpah:110329525 / mpah:110330508 / mpah:110331977 / mpah:110335439","gene","http://www.kegg.jp/dbget-bin/www_bget?mpah:110314050+mpah:110316028+mpah:110318226+mpah:110319038+mpah:110322268+mpah:110323294+mpah:110324147+mpah:110324186+mpah:110325282+mpah:110326436+mpah:110326500+mpah:110328777+mpah:110329525+mpah:110330508+mpah:110331977+mpah:110335439",NA,"rn:R02239 rn:R02240 rn:R09944",NA,NA,NA,"line",NA,NA,"#80CCB3","#FFFFFF",0,"01100"
"entry4150","1870","mpah:110312952","gene","http://www.kegg.jp/dbget-bin/www_bget?mpah:110312952",NA,"rn:R02457 rn:R02459",NA,NA,NA,"line",NA,NA,"#FF9900","#FFFFFF",0,"01100"
"entry4151","1872","mpah:110317841 / mpah:110319727 / mpah:110322182 / mpah:110338776","gene","http://www.kegg.jp/dbget-bin/www_bget?mpah:110317841+mpah:110319727+mpah:110322182+mpah:110338776",NA,"rn:R00508 rn:R00509",NA,NA,NA,"line",NA,NA,"#CC99FF","#FFFFFF",0,"01100"
"entry4152","1877","mpah:110322866 / mpah:110335295 / mpah:110338771","gene","http://www.kegg.jp/dbget-bin/www_bget?mpah:110322866+mpah:110335295+mpah:110338771",NA,"rn:R00503",NA,NA,NA,"line",NA,NA,"#B3B3E6","#FFFFFF",0,"01100"
"entry4153","1878","mpah:110322545 / mpah:110327367","gene","http://www.kegg.jp/dbget-bin/www_bget?mpah:110322545+mpah:110327367",NA,"rn:R01678",NA,NA,NA,"line",NA,NA,"#B3B3E6","#FFFFFF",0,"01100"
"entry4154","1886","mpah:110327819","gene","http://www.kegg.jp/dbget-bin/www_bget?mpah:110327819",NA,"rn:R01364",NA,NA,NA,"line",NA,NA,"#FFCC66","#FFFFFF",0,"01100"
"entry4155","1889","mpah:110326811","gene","http://www.kegg.jp/dbget-bin/www_bget?mpah:110326811",NA,"rn:R02467",NA,NA,NA,"line",NA,NA,"#FF9900","#FFFFFF",0,"01100"
"entry4156","1891","mpah:110338180","gene","http://www.kegg.jp/dbget-bin/www_bget?mpah:110338180",NA,"rn:R01290",NA,NA,NA,"line",NA,NA,"#FFCC66","#FFFFFF",0,"01100"
"entry4157","1897","mpah:110322100 / mpah:110337576","gene","http://www.kegg.jp/dbget-bin/www_bget?mpah:110322100+mpah:110337576",NA,"rn:R02834 rn:R02836",NA,NA,NA,"line",NA,NA,"#80CCCC","#FFFFFF",0,"01100"
"entry4158","1901","mpah:110323788","gene","http://www.kegg.jp/dbget-bin/www_bget?mpah:110323788",NA,"rn:R08965",NA,NA,NA,"line",NA,NA,"#FFCC66","#FFFFFF",0,"01100"
"entry4159","1905","mpah:110324153","gene","http://www.kegg.jp/dbget-bin/www_bget?mpah:110324153",NA,"rn:R00935",NA,NA,NA,"line",NA,NA,"#FFCC66","#FFFFFF",0,"01100"
"entry4160","1906","mpah:110316426 / mpah:110320141 / mpah:110330110","gene","http://www.kegg.jp/dbget-bin/www_bget?mpah:110316426+mpah:110320141+mpah:110330110",NA,"rn:R05066",NA,NA,NA,"line",NA,NA,"#FFCC66","#FFFFFF",0,"01100"
"entry4161","1907","mpah:110322173","gene","http://www.kegg.jp/dbget-bin/www_bget?mpah:110322173",NA,"rn:R05064",NA,NA,NA,"line",NA,NA,"#FFCC66","#FFFFFF",0,"01100"
"entry4162","1908","mpah:110324206 / mpah:110325026 / mpah:110330110","gene","http://www.kegg.jp/dbget-bin/www_bget?mpah:110324206+mpah:110325026+mpah:110330110",NA,"rn:R04224",NA,NA,NA,"line",NA,NA,"#FFCC66","#FFFFFF",0,"01100"
"entry4163","1909","mpah:110312894 / mpah:110320920 / mpah:110326470 / mpah:110327771","gene","http://www.kegg.jp/dbget-bin/www_bget?mpah:110312894+mpah:110320920+mpah:110326470+mpah:110327771",NA,"rn:R02661",NA,NA,NA,"line",NA,NA,"#FFCC66","#FFFFFF",0,"01100"
"entry4164","1910","mpah:110320152","gene","http://www.kegg.jp/dbget-bin/www_bget?mpah:110320152",NA,"rn:R02662",NA,NA,NA,"line",NA,NA,"#FFCC66","#FFFFFF",0,"01100"
"entry4165","1912","mpah:110321557","gene","http://www.kegg.jp/dbget-bin/www_bget?mpah:110321557",NA,"rn:R01011 rn:R01012",NA,NA,NA,"line",NA,NA,"#80CCB3","#FFFFFF",0,"01100"
"entry4166","1913","mpah:110315378 / mpah:110319834 / mpah:110319836 / mpah:110320478 / mpah:110320490","gene","http://www.kegg.jp/dbget-bin/www_bget?mpah:110315378+mpah:110319834+mpah:110319836+mpah:110320478+mpah:110320490",NA,"rn:R03327",NA,NA,NA,"line",NA,NA,"#80CCCC","#FFFFFF",0,"01100"
"entry4167","1914","mpah:110315970 / mpah:110316775 / mpah:110316776 / mpah:110318291 / mpah:110331633","gene","http://www.kegg.jp/dbget-bin/www_bget?mpah:110315970+mpah:110316775+mpah:110316776+mpah:110318291+mpah:110331633",NA,"rn:R00028 rn:R01555 rn:R05196",NA,NA,NA,"line",NA,NA,"#B3B3E6","#FFFFFF",0,"01100"
"entry4168","1923","mpah:110315970 / mpah:110316775 / mpah:110316776 / mpah:110320350","gene","http://www.kegg.jp/dbget-bin/www_bget?mpah:110315970+mpah:110316775+mpah:110316776+mpah:110320350",NA,"rn:R01791",NA,NA,NA,"line",NA,NA,"#B3B3E6","#FFFFFF",0,"01100"
"entry4169","1924","mpah:110315970 / mpah:110316775 / mpah:110316776","gene","http://www.kegg.jp/dbget-bin/www_bget?mpah:110315970+mpah:110316775+mpah:110316776",NA,"rn:R01790",NA,NA,NA,"line",NA,NA,"#B3B3E6","#FFFFFF",0,"01100"
"entry4170","1925","mpah:110330680 / mpah:110337984 / mpah:110338036 / mpah:110338647","gene","http://www.kegg.jp/dbget-bin/www_bget?mpah:110330680+mpah:110337984+mpah:110338036+mpah:110338647",NA,"rn:R00287 rn:R00289 rn:R00955",NA,NA,NA,"line",NA,NA,"#B3B3E6","#FFFFFF",0,"01100"
"entry4171","1944","mpah:110334613 / mpah:110338616","gene","http://www.kegg.jp/dbget-bin/www_bget?mpah:110334613+mpah:110338616",NA,"rn:R01324",NA,NA,NA,"line",NA,NA,"#8080F7","#FFFFFF",0,"01100"
"entry4172","1946","mpah:110328452","gene","http://www.kegg.jp/dbget-bin/www_bget?mpah:110328452",NA,"rn:R01639",NA,NA,NA,"line",NA,NA,"#B3B3E6","#FFFFFF",0,"01100"
"entry4173","1947","mpah:110316784 / mpah:110325520 / mpah:110325535 / mpah:110327470 / mpah:110331990","gene","http://www.kegg.jp/dbget-bin/www_bget?mpah:110316784+mpah:110325520+mpah:110325535+mpah:110327470+mpah:110331990",NA,"rn:R04888 rn:R04889",NA,NA,NA,"line",NA,NA,"#FFCC66","#FFFFFF",0,"01100"
"entry4174","1948","mpah:110316493 / mpah:110329689","gene","http://www.kegg.jp/dbget-bin/www_bget?mpah:110316493+mpah:110329689",NA,"rn:R03304",NA,NA,NA,"line",NA,NA,"#FFCC66","#FFFFFF",0,"01100"
"entry4175","1956","mpah:110323726 / mpah:110324379 / mpah:110331259","gene","http://www.kegg.jp/dbget-bin/www_bget?mpah:110323726+mpah:110324379+mpah:110331259",NA,"rn:R00677 rn:R00684 rn:R10180 rn:R12055",NA,NA,NA,"line",NA,NA,"#FFCC66","#FFFFFF",0,"01100"
"entry4176","1957","mpah:110320615 / mpah:110337001 / mpah:110337123","gene","http://www.kegg.jp/dbget-bin/www_bget?mpah:110320615+mpah:110337001+mpah:110337123",NA,"rn:R00678",NA,NA,NA,"line",NA,NA,"#FFCC66","#FFFFFF",0,"01100"
"entry4177","1958","mpah:110326744 / mpah:110330199","gene","http://www.kegg.jp/dbget-bin/www_bget?mpah:110326744+mpah:110330199",NA,"rn:R01814",NA,NA,NA,"line",NA,NA,"#FFCC66","#FFFFFF",0,"01100"
"entry4178","1959","mpah:110324913","gene","http://www.kegg.jp/dbget-bin/www_bget?mpah:110324913",NA,"rn:R02422",NA,NA,NA,"line",NA,NA,"#FF8080","#FFFFFF",0,"01100"
"entry4179","1961","mpah:110326803","gene","http://www.kegg.jp/dbget-bin/www_bget?mpah:110326803",NA,"rn:R01883",NA,NA,NA,"line",NA,NA,"#FFCC66","#FFFFFF",0,"01100"
"entry4180","1962","mpah:110338888","gene","http://www.kegg.jp/dbget-bin/www_bget?mpah:110338888",NA,"rn:R01463",NA,NA,NA,"line",NA,NA,"#80CCCC","#FFFFFF",0,"01100"
"entry4181","1964","mpah:110337984 / mpah:110338036","gene","http://www.kegg.jp/dbget-bin/www_bget?mpah:110337984+mpah:110338036",NA,"rn:R00662",NA,NA,NA,"line",NA,NA,"#FF8080","#FFFFFF",0,"01100"
"entry4182","1965","mpah:110316109 / mpah:110324943 / mpah:110330651","gene","http://www.kegg.jp/dbget-bin/www_bget?mpah:110316109+mpah:110324943+mpah:110330651",NA,"rn:R01655",NA,NA,NA,"line",NA,NA,"#B3B3E6","#FFFFFF",0,"01100"
"entry4183","1966","mpah:110324943","gene","http://www.kegg.jp/dbget-bin/www_bget?mpah:110324943",NA,"rn:R01220",NA,NA,NA,"line",NA,NA,"#B3B3E6","#FFFFFF",0,"01100"
"entry4184","1967","mpah:110324943 / mpah:110337874","gene","http://www.kegg.jp/dbget-bin/www_bget?mpah:110324943+mpah:110337874",NA,"rn:R00943",NA,NA,NA,"line",NA,NA,"#B3B3E6","#FFFFFF",0,"01100"
"entry4185","1969","mpah:110325250","gene","http://www.kegg.jp/dbget-bin/www_bget?mpah:110325250",NA,"rn:R06223",NA,NA,NA,"line",NA,NA,"#9EE284","#FFFFFF",0,"01100"
"entry4186","1977","mpah:110318548 / mpah:110321261","gene","http://www.kegg.jp/dbget-bin/www_bget?mpah:110318548+mpah:110321261",NA,"rn:R00416",NA,NA,NA,"line",NA,NA,"#B3B3E6","#FFFFFF",0,"01100"
"entry4187","1993","mpah:110325552","gene","http://www.kegg.jp/dbget-bin/www_bget?mpah:110325552",NA,"rn:R01077",NA,NA,NA,"line",NA,NA,"#FFB3CC","#FFFFFF",0,"01100"
"entry4188","1995","mpah:110320336 / mpah:110327193","gene","http://www.kegg.jp/dbget-bin/www_bget?mpah:110320336+mpah:110327193",NA,"rn:R00894",NA,NA,NA,"line",NA,NA,"#FF9900","#FFFFFF",0,"01100"
"entry4189","2002","mpah:110333828","gene","http://www.kegg.jp/dbget-bin/www_bget?mpah:110333828",NA,"rn:R02061",NA,NA,NA,"line",NA,NA,"#9EE284","#FFFFFF",0,"01100"
"entry4190","2007","mpah:110312743 / mpah:110323452 / mpah:110331449","gene","http://www.kegg.jp/dbget-bin/www_bget?mpah:110312743+mpah:110323452+mpah:110331449",NA,"rn:R01070",NA,NA,NA,"line",NA,NA,"#6C63F6","#FFFFFF",0,"01100"
"entry4191","2009","mpah:110313412 / mpah:110314447 / mpah:110335962","gene","http://www.kegg.jp/dbget-bin/www_bget?mpah:110313412+mpah:110314447+mpah:110335962",NA,"rn:R01512",NA,NA,NA,"line",NA,NA,"#6C63F6","#FFFFFF",0,"01100"
"entry4192","2010","mpah:110322749","gene","http://www.kegg.jp/dbget-bin/www_bget?mpah:110322749",NA,"rn:R01528 rn:R10221",NA,NA,NA,"line",NA,NA,"#6C63F6","#FFFFFF",0,"01100"
"entry4193","2011","mpah:110336723","gene","http://www.kegg.jp/dbget-bin/www_bget?mpah:110336723",NA,"rn:R02035",NA,NA,NA,"line",NA,NA,"#6C63F6","#FFFFFF",0,"01100"
"entry4194","2014","mpah:110315099 / mpah:110315313 / mpah:110315329 / mpah:110315340 / mpah:110330299","gene","http://www.kegg.jp/dbget-bin/www_bget?mpah:110315099+mpah:110315313+mpah:110315329+mpah:110315340+mpah:110330299",NA,"rn:R01758 rn:R01759",NA,NA,NA,"line",NA,NA,"#B3B3E6","#FFFFFF",0,"01100"
"entry4195","2016","mpah:110332222","gene","http://www.kegg.jp/dbget-bin/www_bget?mpah:110332222",NA,"rn:R01904",NA,NA,NA,"line",NA,NA,"#B3B3E6","#FFFFFF",0,"01100"
"entry4196","2018","mpah:110330389","gene","http://www.kegg.jp/dbget-bin/www_bget?mpah:110330389",NA,"rn:R00286",NA,NA,NA,"line",NA,NA,"#B3B3E6","#FFFFFF",0,"01100"
"entry4197","2019","mpah:110322723","gene","http://www.kegg.jp/dbget-bin/www_bget?mpah:110322723",NA,"rn:R01481",NA,NA,NA,"line",NA,NA,"#B3B3E6","#FFFFFF",0,"01100"
"entry4198","2020","mpah:110325514","gene","http://www.kegg.jp/dbget-bin/www_bget?mpah:110325514",NA,"rn:R02640",NA,NA,NA,"line",NA,NA,"#B3B3E6","#FFFFFF",0,"01100"
"entry4199","2022","mpah:110313209 / mpah:110339056","gene","http://www.kegg.jp/dbget-bin/www_bget?mpah:110313209+mpah:110339056",NA,"rn:R01478",NA,NA,NA,"line",NA,NA,"#B3B3E6","#FFFFFF",0,"01100"
"entry4200","2027","mpah:110332770","gene","http://www.kegg.jp/dbget-bin/www_bget?mpah:110332770",NA,"rn:R01092",NA,NA,NA,"line",NA,NA,"#B3B3E6","#FFFFFF",0,"01100"
"entry4201","2032","mpah:110321266","gene","http://www.kegg.jp/dbget-bin/www_bget?mpah:110321266",NA,"rn:R01384",NA,NA,NA,"line",NA,NA,"#B3B3E6","#FFFFFF",0,"01100"
"entry4202","2035","mpah:110315099 / mpah:110315313 / mpah:110315329 / mpah:110315340 / mpah:110330299","gene","http://www.kegg.jp/dbget-bin/www_bget?mpah:110315099+mpah:110315313+mpah:110315329+mpah:110315340+mpah:110330299",NA,"rn:R01431 rn:R07152 rn:R09477",NA,NA,NA,"line",NA,NA,"#B3B3E6","#FFFFFF",0,"01100"
"entry4203","2036","mpah:110316859 / mpah:110330215 / mpah:110331440 / mpah:110333043","gene","http://www.kegg.jp/dbget-bin/www_bget?mpah:110316859+mpah:110330215+mpah:110331440+mpah:110333043",NA,"rn:R00768",NA,NA,NA,"line",NA,NA,"#B3B3E6","#FFFFFF",0,"01100"
"entry4204","2038","mpah:110338653","gene","http://www.kegg.jp/dbget-bin/www_bget?mpah:110338653",NA,"rn:R00414",NA,NA,NA,"line",NA,NA,"#B3B3E6","#FFFFFF",0,"01100"
"entry4205","2039","mpah:110338653","gene","http://www.kegg.jp/dbget-bin/www_bget?mpah:110338653",NA,"rn:R02705",NA,NA,NA,"line",NA,NA,"#B3B3E6","#FFFFFF",0,"01100"
"entry4206","2040","mpah:110323062","gene","http://www.kegg.jp/dbget-bin/www_bget?mpah:110323062",NA,"rn:R04435",NA,NA,NA,"line",NA,NA,"#B3B3E6","#FFFFFF",0,"01100"
"entry4207","2041","mpah:110318710","gene","http://www.kegg.jp/dbget-bin/www_bget?mpah:110318710",NA,"rn:R01805",NA,NA,NA,"line",NA,NA,"#B3B3E6","#FFFFFF",0,"01100"
"entry4208","2042","mpah:110316174","gene","http://www.kegg.jp/dbget-bin/www_bget?mpah:110316174",NA,"rn:R01117",NA,NA,NA,"line",NA,NA,"#B3B3E6","#FFFFFF",0,"01100"
"entry4209","2043","mpah:110314383 / mpah:110326557 / mpah:110326866 / mpah:110334200","gene","http://www.kegg.jp/dbget-bin/www_bget?mpah:110314383+mpah:110326557+mpah:110326866+mpah:110334200",NA,"rn:R00867",NA,NA,NA,"line",NA,NA,"#B3B3E6","#FFFFFF",0,"01100"
"entry4210","2045","mpah:110314383 / mpah:110326557 / mpah:110326866 / mpah:110334200","gene","http://www.kegg.jp/dbget-bin/www_bget?mpah:110314383+mpah:110326557+mpah:110326866+mpah:110334200",NA,"rn:R01326 rn:R02630",NA,NA,NA,"line",NA,NA,"#B3B3E6","#FFFFFF",0,"01100"
"entry4211","2046","mpah:110329866 / mpah:110334856","gene","http://www.kegg.jp/dbget-bin/www_bget?mpah:110329866+mpah:110334856",NA,"rn:R01818",NA,NA,NA,"line",NA,NA,"#B3B3E6","#FFFFFF",0,"01100"
"entry4212","2047","mpah:110333742","gene","http://www.kegg.jp/dbget-bin/www_bget?mpah:110333742",NA,"rn:R00888",NA,NA,NA,"line",NA,NA,"#B3B3E6","#FFFFFF",0,"01100"
"entry4213","2048","mpah:110334486","gene","http://www.kegg.jp/dbget-bin/www_bget?mpah:110334486",NA,"rn:R05692",NA,NA,NA,"line",NA,NA,"#B3B3E6","#FFFFFF",0,"01100"
"entry4214","2049","mpah:110320041","gene","http://www.kegg.jp/dbget-bin/www_bget?mpah:110320041",NA,"rn:R01951",NA,NA,NA,"line",NA,NA,"#B3B3E6","#FFFFFF",0,"01100"
"entry4215","2050","mpah:110337388","gene","http://www.kegg.jp/dbget-bin/www_bget?mpah:110337388",NA,"rn:R03161",NA,NA,NA,"line",NA,NA,"#B3B3E6","#FFFFFF",0,"01100"
"entry4216","2055","mpah:110338833","gene","http://www.kegg.jp/dbget-bin/www_bget?mpah:110338833",NA,"rn:R01388 rn:R01392",NA,NA,NA,"line",NA,NA,"#B3B3E6","#FFFFFF",0,"01100"
"entry4217","2059","mpah:110322173","gene","http://www.kegg.jp/dbget-bin/www_bget?mpah:110322173",NA,"rn:R03158 rn:R09286",NA,NA,NA,"line",NA,NA,"#B3B3E6","#FFFFFF",0,"01100"
"entry4218","2061","mpah:110324206 / mpah:110325026 / mpah:110330110","gene","http://www.kegg.jp/dbget-bin/www_bget?mpah:110324206+mpah:110325026+mpah:110330110",NA,"rn:R03045",NA,NA,NA,"line",NA,NA,"#B3B3E6","#FFFFFF",0,"01100"
"entry4219","2062","mpah:110335559","gene","http://www.kegg.jp/dbget-bin/www_bget?mpah:110335559",NA,"rn:R00833",NA,NA,NA,"line",NA,NA,"#B3B3E6","#FFFFFF",0,"01100"
"entry4220","2063","mpah:110313911","gene","http://www.kegg.jp/dbget-bin/www_bget?mpah:110313911",NA,"rn:R02933",NA,NA,NA,"line",NA,NA,"#B3B3E6","#FFFFFF",0,"01100"
"entry4221","2064","mpah:110325590","gene","http://www.kegg.jp/dbget-bin/www_bget?mpah:110325590",NA,"rn:R03184",NA,NA,NA,"line",NA,NA,"#B3B3E6","#FFFFFF",0,"01100"
"entry4222","2067","mpah:110324153","gene","http://www.kegg.jp/dbget-bin/www_bget?mpah:110324153",NA,"rn:R00705 rn:R00706",NA,NA,NA,"line",NA,NA,"#B3B3E6","#FFFFFF",0,"01100"
"entry4223","2075","mpah:110338205","gene","http://www.kegg.jp/dbget-bin/www_bget?mpah:110338205",NA,"rn:R01085",NA,NA,NA,"line",NA,NA,"#FFCC66","#FFFFFF",0,"01100"
"entry4224","2077","mpah:110318237","gene","http://www.kegg.jp/dbget-bin/www_bget?mpah:110318237",NA,"rn:R01954",NA,NA,NA,"line",NA,NA,"#FFCC66","#FFFFFF",0,"01100"
"entry4225","2079","mpah:110333905","gene","http://www.kegg.jp/dbget-bin/www_bget?mpah:110333905",NA,"rn:R00713 rn:R00714",NA,NA,NA,"line",NA,NA,"#FFCC66","#FFFFFF",0,"01100"
"entry4226","2080","mpah:110320055","gene","http://www.kegg.jp/dbget-bin/www_bget?mpah:110320055",NA,"rn:R01513",NA,NA,NA,"line",NA,NA,"#FFCC66","#FFFFFF",0,"01100"
"entry4227","2081","mpah:110321220","gene","http://www.kegg.jp/dbget-bin/www_bget?mpah:110321220",NA,"rn:R04173",NA,NA,NA,"line",NA,NA,"#FFCC66","#FFFFFF",0,"01100"
"entry4228","2093","mpah:110320651","gene","http://www.kegg.jp/dbget-bin/www_bget?mpah:110320651",NA,"rn:R01001",NA,NA,NA,"line",NA,NA,"#FFCC66","#FFFFFF",0,"01100"
"entry4229","2096","mpah:110314355 / mpah:110325845 / mpah:110332080","gene","http://www.kegg.jp/dbget-bin/www_bget?mpah:110314355+mpah:110325845+mpah:110332080",NA,"rn:R00177",NA,NA,NA,"line",NA,NA,"#FFCC66","#FFFFFF",0,"01100"
"entry4230","2098","mpah:110324654","gene","http://www.kegg.jp/dbget-bin/www_bget?mpah:110324654",NA,"rn:R07364",NA,NA,NA,"line",NA,NA,"#FFCC66","#FFFFFF",0,"01100"
"entry4231","2101","mpah:110318840","gene","http://www.kegg.jp/dbget-bin/www_bget?mpah:110318840",NA,"rn:R07392",NA,NA,NA,"line",NA,NA,"#FFCC66","#FFFFFF",0,"01100"
"entry4232","2102","mpah:110337496","gene","http://www.kegg.jp/dbget-bin/www_bget?mpah:110337496",NA,"rn:R04420",NA,NA,NA,"line",NA,NA,"#FFCC66","#FFFFFF",0,"01100"
"entry4233","2104","mpah:110315954 / mpah:110326722","gene","http://www.kegg.jp/dbget-bin/www_bget?mpah:110315954+mpah:110326722",NA,"rn:R00178",NA,NA,NA,"line",NA,NA,"#FFCC66","#FFFFFF",0,"01100"
"entry4234","2106","mpah:110333289","gene","http://www.kegg.jp/dbget-bin/www_bget?mpah:110333289",NA,"rn:R00893",NA,NA,NA,"line",NA,NA,"#FFCC66","#FFFFFF",0,"01100"
"entry4235","2107","mpah:110321548 / mpah:110337421","gene","http://www.kegg.jp/dbget-bin/www_bget?mpah:110321548+mpah:110337421",NA,"rn:R02619",NA,NA,NA,"line",NA,NA,"#FFCC66","#FFFFFF",0,"01100"
"entry4236","2116","mpah:110332417","gene","http://www.kegg.jp/dbget-bin/www_bget?mpah:110332417",NA,"rn:R02204 rn:R02205 rn:R08414",NA,NA,NA,"line",NA,NA,"#FFCC66","#FFFFFF",0,"01100"
"entry4237","2119","mpah:110337330","gene","http://www.kegg.jp/dbget-bin/www_bget?mpah:110337330",NA,"rn:R02488",NA,NA,NA,"line",NA,NA,"#FFCC66","#FFFFFF",0,"01100"
"entry4238","2120","mpah:110324154 / mpah:110324922 / mpah:110333984","gene","http://www.kegg.jp/dbget-bin/www_bget?mpah:110324154+mpah:110324922+mpah:110333984",NA,"rn:R01933",NA,NA,NA,"line",NA,NA,"#FFCC66","#FFFFFF",0,"01100"
"entry4239","2121","mpah:110333903","gene","http://www.kegg.jp/dbget-bin/www_bget?mpah:110333903",NA,"rn:R00471",NA,NA,NA,"line",NA,NA,"#FFCC66","#FFFFFF",0,"01100"
"entry4240","2122","mpah:110321548 / mpah:110337421","gene","http://www.kegg.jp/dbget-bin/www_bget?mpah:110321548+mpah:110337421",NA,"rn:R05052 rn:R05053",NA,NA,NA,"line",NA,NA,"#FFCC66","#FFFFFF",0,"01100"
"entry4241","2123","mpah:110318038 / mpah:110318039 / mpah:110324204 / mpah:110327329","gene","http://www.kegg.jp/dbget-bin/www_bget?mpah:110318038+mpah:110318039+mpah:110324204+mpah:110327329",NA,"rn:R04858 rn:R10404",NA,NA,NA,"line",NA,NA,"#FFCC66","#FFFFFF",0,"01100"
"entry4242","2124","mpah:110322887","gene","http://www.kegg.jp/dbget-bin/www_bget?mpah:110322887",NA,"rn:R04444 rn:R04445",NA,NA,NA,"line",NA,NA,"#FFCC66","#FFFFFF",0,"01100"
"entry4243","2125","mpah:110314002","gene","http://www.kegg.jp/dbget-bin/www_bget?mpah:110314002",NA,"rn:R01398",NA,NA,NA,"line",NA,NA,"#FFCC66","#FFFFFF",0,"01100"
"entry4244","2127","mpah:110339057","gene","http://www.kegg.jp/dbget-bin/www_bget?mpah:110339057",NA,"rn:R01086",NA,NA,NA,"line",NA,NA,"#FFCC66","#FFFFFF",0,"01100"
"entry4245","2129","mpah:110312876 / mpah:110315110 / mpah:110331408","gene","http://www.kegg.jp/dbget-bin/www_bget?mpah:110312876+mpah:110315110+mpah:110331408",NA,"rn:R00552 rn:R00557 rn:R11711",NA,NA,NA,"line",NA,NA,"#FFCC66","#FFFFFF",0,"01100"
"entry4246","2130","mpah:110318211","gene","http://www.kegg.jp/dbget-bin/www_bget?mpah:110318211",NA,"rn:R00565",NA,NA,NA,"line",NA,NA,"#FFCC66","#FFFFFF",0,"01100"
"entry4247","2131","mpah:110317675 / mpah:110324177 / mpah:110329043 / mpah:110336728","gene","http://www.kegg.jp/dbget-bin/www_bget?mpah:110317675+mpah:110324177+mpah:110329043+mpah:110336728",NA,"rn:R01881",NA,NA,NA,"line",NA,NA,"#FFCC66","#FFFFFF",0,"01100"
"entry4248","2140","mpah:110318815","gene","http://www.kegg.jp/dbget-bin/www_bget?mpah:110318815",NA,"rn:R01167",NA,NA,NA,"line",NA,NA,"#FFCC66","#FFFFFF",0,"01100"
"entry4249","2145","mpah:110313215","gene","http://www.kegg.jp/dbget-bin/www_bget?mpah:110313215",NA,"rn:R00582 rn:R12342 rn:R12344",NA,NA,NA,"line",NA,NA,"#FFCC66","#FFFFFF",0,"01100"
"entry4250","2153","mpah:110321548 / mpah:110323726 / mpah:110324379 / mpah:110331259 / mpah:110337421 / mpah:110337538","gene","http://www.kegg.jp/dbget-bin/www_bget?mpah:110321548+mpah:110323726+mpah:110324379+mpah:110331259+mpah:110337421+mpah:110337538",NA,"rn:R00688 rn:R00689 rn:R00692 rn:R00694",NA,NA,NA,"line",NA,NA,"#FFCC66","#FFFFFF",0,"01100"
"entry4251","2155","mpah:110312930","gene","http://www.kegg.jp/dbget-bin/www_bget?mpah:110312930",NA,"rn:R02521",NA,NA,NA,"line",NA,NA,"#FFCC66","#FFFFFF",0,"01100"
"entry4252","2158","mpah:110329807","gene","http://www.kegg.jp/dbget-bin/www_bget?mpah:110329807",NA,"rn:R02519",NA,NA,NA,"line",NA,NA,"#FFCC66","#FFFFFF",0,"01100"
"entry4253","2159","mpah:110324305","gene","http://www.kegg.jp/dbget-bin/www_bget?mpah:110324305",NA,"rn:R03181",NA,NA,NA,"line",NA,NA,"#FFCC66","#FFFFFF",0,"01100"
"entry4254","2160","mpah:110332744","gene","http://www.kegg.jp/dbget-bin/www_bget?mpah:110332744",NA,"rn:R02533",NA,NA,NA,"line",NA,NA,"#FFCC66","#FFFFFF",0,"01100"
"entry4255","2161","mpah:110313452 / mpah:110313782","gene","http://www.kegg.jp/dbget-bin/www_bget?mpah:110313452+mpah:110313782",NA,"rn:R04894",NA,NA,NA,"line",NA,NA,"#FFCC66","#FFFFFF",0,"01100"
"entry4256","2162","mpah:110316493 / mpah:110329689","gene","http://www.kegg.jp/dbget-bin/www_bget?mpah:110316493+mpah:110329689",NA,"rn:R04887",NA,NA,NA,"line",NA,NA,"#FFCC66","#FFFFFF",0,"01100"
"entry4257","2163","mpah:110316784 / mpah:110325520 / mpah:110325535 / mpah:110327470 / mpah:110331990","gene","http://www.kegg.jp/dbget-bin/www_bget?mpah:110316784+mpah:110325520+mpah:110325535+mpah:110327470+mpah:110331990",NA,"rn:R04891 rn:R04892",NA,NA,NA,"line",NA,NA,"#FFCC66","#FFFFFF",0,"01100"
"entry4258","2164","mpah:110319844 / mpah:110320167 / mpah:110320307 / mpah:110320387","gene","http://www.kegg.jp/dbget-bin/www_bget?mpah:110319844+mpah:110320167+mpah:110320307+mpah:110320387",NA,"rn:R04880",NA,NA,NA,"line",NA,NA,"#FFCC66","#FFFFFF",0,"01100"
"entry4259","2165","mpah:110316493 / mpah:110329689","gene","http://www.kegg.jp/dbget-bin/www_bget?mpah:110316493+mpah:110329689",NA,"rn:R04881",NA,NA,NA,"line",NA,NA,"#FFCC66","#FFFFFF",0,"01100"
"entry4260","2166","mpah:110316493 / mpah:110329689","gene","http://www.kegg.jp/dbget-bin/www_bget?mpah:110316493+mpah:110329689",NA,"rn:R02534",NA,NA,NA,"line",NA,NA,"#FFCC66","#FFFFFF",0,"01100"
"entry4261","2167","mpah:110316493 / mpah:110329689","gene","http://www.kegg.jp/dbget-bin/www_bget?mpah:110316493+mpah:110329689",NA,"rn:R04301",NA,NA,NA,"line",NA,NA,"#FFCC66","#FFFFFF",0,"01100"
"entry4262","2168","mpah:110313452 / mpah:110313782 / mpah:110332162 / mpah:110332463","gene","http://www.kegg.jp/dbget-bin/www_bget?mpah:110313452+mpah:110313782+mpah:110332162+mpah:110332463",NA,"rn:R04300",NA,NA,NA,"line",NA,NA,"#FFCC66","#FFFFFF",0,"01100"
"entry4263","2169","mpah:110319201","gene","http://www.kegg.jp/dbget-bin/www_bget?mpah:110319201",NA,"rn:R02535",NA,NA,NA,"line",NA,NA,"#FFCC66","#FFFFFF",0,"01100"
"entry4264","2170","mpah:110327286","gene","http://www.kegg.jp/dbget-bin/www_bget?mpah:110327286",NA,"rn:R02078",NA,NA,NA,"line",NA,NA,"#FFCC66","#FFFFFF",0,"01100"
"entry4265","2173","mpah:110327286 / mpah:110327669","gene","http://www.kegg.jp/dbget-bin/www_bget?mpah:110327286+mpah:110327669",NA,"rn:R00031 rn:R00731 rn:R01815",NA,NA,NA,"line",NA,NA,"#FFCC66","#FFFFFF",0,"01100"
"entry4266","2174","mpah:110316784 / mpah:110325520 / mpah:110325535 / mpah:110327470 / mpah:110331990","gene","http://www.kegg.jp/dbget-bin/www_bget?mpah:110316784+mpah:110325520+mpah:110325535+mpah:110327470+mpah:110331990",NA,"rn:R04882 rn:R04883",NA,NA,NA,"line",NA,NA,"#FFCC66","#FFFFFF",0,"01100"
"entry4267","2175","mpah:110318887","gene","http://www.kegg.jp/dbget-bin/www_bget?mpah:110318887",NA,"rn:R02668",NA,NA,NA,"line",NA,NA,"#FFCC66","#FFFFFF",0,"01100"
"entry4268","2176","mpah:110335836","gene","http://www.kegg.jp/dbget-bin/www_bget?mpah:110335836",NA,"rn:R02665",NA,NA,NA,"line",NA,NA,"#FFCC66","#FFFFFF",0,"01100"
"entry4269","2177","mpah:110338275","gene","http://www.kegg.jp/dbget-bin/www_bget?mpah:110338275",NA,"rn:R03889",NA,NA,NA,"line",NA,NA,"#FFCC66","#FFFFFF",0,"01100"
"entry4270","2180","mpah:110313054 / mpah:110321543 / mpah:110323147 / mpah:110331656 / mpah:110333007","gene","http://www.kegg.jp/dbget-bin/www_bget?mpah:110313054+mpah:110321543+mpah:110323147+mpah:110331656+mpah:110333007",NA,"rn:R02678 rn:R02681",NA,NA,NA,"line",NA,NA,"#FFCC66","#FFFFFF",0,"01100"
"entry4271","2181","mpah:110313054 / mpah:110321275 / mpah:110321290 / mpah:110321543 / mpah:110321921 / mpah:110323147 / mpah:110331656 / mpah:110333007","gene","http://www.kegg.jp/dbget-bin/www_bget?mpah:110313054+mpah:110321275+mpah:110321290+mpah:110321543+mpah:110321921+mpah:110323147+mpah:110331656+mpah:110333007",NA,"rn:R04903 rn:R04904",NA,NA,NA,"line",NA,NA,"#FFCC66","#FFFFFF",0,"01100"
"entry4272","2182","mpah:110316185 / mpah:110327659","gene","http://www.kegg.jp/dbget-bin/www_bget?mpah:110316185+mpah:110327659",NA,"rn:R00483 rn:R00485 rn:R00578",NA,NA,NA,"line",NA,NA,"#FFCC66","#FFFFFF",0,"01100"
"entry4273","2183","mpah:110338028","gene","http://www.kegg.jp/dbget-bin/www_bget?mpah:110338028",NA,"rn:R03313",NA,NA,NA,"line",NA,NA,"#FFCC66","#FFFFFF",0,"01100"
"entry4274","2184","mpah:110338028","gene","http://www.kegg.jp/dbget-bin/www_bget?mpah:110338028",NA,"rn:R00239",NA,NA,NA,"line",NA,NA,"#FFCC66","#FFFFFF",0,"01100"
"entry4275","2188","mpah:110322614","gene","http://www.kegg.jp/dbget-bin/www_bget?mpah:110322614",NA,"rn:R00149 rn:R00150",NA,NA,NA,"line",NA,NA,"#FFCC66","#FFFFFF",0,"01100"
"entry4276","2189","mpah:110313503 / mpah:110332402","gene","http://www.kegg.jp/dbget-bin/www_bget?mpah:110313503+mpah:110332402",NA,"rn:R01154 rn:R01156",NA,NA,NA,"line",NA,NA,"#FFCC66","#FFFFFF",0,"01100"
"entry4277","2193","mpah:110323207","gene","http://www.kegg.jp/dbget-bin/www_bget?mpah:110323207",NA,"rn:R00566",NA,NA,NA,"line",NA,NA,"#FFCC66","#FFFFFF",0,"01100"
"entry4278","2194","mpah:110323107","gene","http://www.kegg.jp/dbget-bin/www_bget?mpah:110323107",NA,"rn:R01402",NA,NA,NA,"line",NA,NA,"#FFCC66","#FFFFFF",0,"01100"
"entry4279","2196","mpah:110323726 / mpah:110324379 / mpah:110331259 / mpah:110337538","gene","http://www.kegg.jp/dbget-bin/www_bget?mpah:110323726+mpah:110324379+mpah:110331259+mpah:110337538",NA,"rn:R00648 rn:R07396 rn:R12055",NA,NA,NA,"line",NA,NA,"#FFCC66","#FFFFFF",0,"01100"
"entry4280","2197","mpah:110327010","gene","http://www.kegg.jp/dbget-bin/www_bget?mpah:110327010",NA,"rn:R02285 rn:R02287",NA,NA,NA,"line",NA,NA,"#FFCC66","#FFFFFF",0,"01100"
"entry4281","2200","mpah:110326127","gene","http://www.kegg.jp/dbget-bin/www_bget?mpah:110326127",NA,"rn:R02288",NA,NA,NA,"line",NA,NA,"#FFCC66","#FFFFFF",0,"01100"
"entry4282","2201","mpah:110316962","gene","http://www.kegg.jp/dbget-bin/www_bget?mpah:110316962",NA,"rn:R02914",NA,NA,NA,"line",NA,NA,"#FFCC66","#FFFFFF",0,"01100"
"entry4283","2202","mpah:110328978 / mpah:110334254","gene","http://www.kegg.jp/dbget-bin/www_bget?mpah:110328978+mpah:110334254",NA,"rn:R00650 rn:R00946 rn:R02821 rn:R04405",NA,NA,NA,"line",NA,NA,"#FFCC66","#FFFFFF",0,"01100"
"entry4284","2203","mpah:110313073 / mpah:110313088","gene","http://www.kegg.jp/dbget-bin/www_bget?mpah:110313073+mpah:110313088",NA,"rn:R00996",NA,NA,NA,"line",NA,NA,"#FFCC66","#FFFFFF",0,"01100"
"entry4285","2204","mpah:110336979","gene","http://www.kegg.jp/dbget-bin/www_bget?mpah:110336979",NA,"rn:R01939",NA,NA,NA,"line",NA,NA,"#FFCC66","#FFFFFF",0,"01100"
"entry4286","2208","mpah:110316419 / mpah:110321294 / mpah:110323726 / mpah:110324379 / mpah:110331259","gene","http://www.kegg.jp/dbget-bin/www_bget?mpah:110316419+mpah:110321294+mpah:110323726+mpah:110324379+mpah:110331259",NA,"rn:R02196 rn:R02197 rn:R02199",NA,NA,NA,"line",NA,NA,"#FFCC66","#FFFFFF",0,"01100"
"entry4287","2213","mpah:110316419 / mpah:110321294","gene","http://www.kegg.jp/dbget-bin/www_bget?mpah:110316419+mpah:110321294",NA,"rn:R01088 rn:R01090",NA,NA,NA,"line",NA,NA,"#FFCC66","#FFFFFF",0,"01100"
"entry4288","2214","mpah:110316419 / mpah:110321294","gene","http://www.kegg.jp/dbget-bin/www_bget?mpah:110316419+mpah:110321294",NA,"rn:R01214 rn:R01215 rn:R01434",NA,NA,NA,"line",NA,NA,"#FFCC66","#FFFFFF",0,"01100"
"entry4289","2215","mpah:110326641","gene","http://www.kegg.jp/dbget-bin/www_bget?mpah:110326641",NA,"rn:R01168",NA,NA,NA,"line",NA,NA,"#FFCC66","#FFFFFF",0,"01100"
"entry4290","2217","mpah:110321997","gene","http://www.kegg.jp/dbget-bin/www_bget?mpah:110321997",NA,"rn:R04323",NA,NA,NA,"line",NA,NA,"#FFCC66","#FFFFFF",0,"01100"
"entry4291","2218","mpah:110324296 / mpah:110327492 / mpah:110328451 / mpah:110333199","gene","http://www.kegg.jp/dbget-bin/www_bget?mpah:110324296+mpah:110327492+mpah:110328451+mpah:110333199",NA,"rn:R00927",NA,NA,NA,"line",NA,NA,"#FFCC66","#FFFFFF",0,"01100"
"entry4292","2219","mpah:110324206 / mpah:110325026 / mpah:110330110","gene","http://www.kegg.jp/dbget-bin/www_bget?mpah:110324206+mpah:110325026+mpah:110330110",NA,"rn:R04204",NA,NA,NA,"line",NA,NA,"#FFCC66","#FFFFFF",0,"01100"
"entry4293","2220","mpah:110312894 / mpah:110320920 / mpah:110326470","gene","http://www.kegg.jp/dbget-bin/www_bget?mpah:110312894+mpah:110320920+mpah:110326470",NA,"rn:R03172",NA,NA,NA,"line",NA,NA,"#FFCC66","#FFFFFF",0,"01100"
"entry4294","2221","mpah:110320152","gene","http://www.kegg.jp/dbget-bin/www_bget?mpah:110320152",NA,"rn:R03174",NA,NA,NA,"line",NA,NA,"#FFCC66","#FFFFFF",0,"01100"
"entry4295","2222","mpah:110318371 / mpah:110320920","gene","http://www.kegg.jp/dbget-bin/www_bget?mpah:110318371+mpah:110320920",NA,"rn:R04095",NA,NA,NA,"line",NA,NA,"#FFCC66","#FFFFFF",0,"01100"
"entry4296","2223","mpah:110328965","gene","http://www.kegg.jp/dbget-bin/www_bget?mpah:110328965",NA,"rn:R04138",NA,NA,NA,"line",NA,NA,"#FFCC66","#FFFFFF",0,"01100"
"entry4297","2224","mpah:110333897","gene","http://www.kegg.jp/dbget-bin/www_bget?mpah:110333897",NA,"rn:R02085",NA,NA,NA,"line",NA,NA,"#FFCC66","#FFFFFF",0,"01100"
"entry4298","2231","mpah:110329016","gene","http://www.kegg.jp/dbget-bin/www_bget?mpah:110329016",NA,"rn:R01564 rn:R01565",NA,NA,NA,"line",NA,NA,"#FFCC66","#FFFFFF",0,"01100"
"entry4299","2232","mpah:110328978","gene","http://www.kegg.jp/dbget-bin/www_bget?mpah:110328978",NA,"rn:R02821 rn:R07244",NA,NA,NA,"line",NA,NA,"#FFCC66","#FFFFFF",0,"01100"
"entry4300","2233","mpah:110321548 / mpah:110337421","gene","http://www.kegg.jp/dbget-bin/www_bget?mpah:110321548+mpah:110337421",NA,"rn:R00895 rn:R00896",NA,NA,NA,"line",NA,NA,"#FFCC66","#FFFFFF",0,"01100"
"entry4301","2234","mpah:110320920 / mpah:110321743 / mpah:110323410 / mpah:110330653 / mpah:110331272 / mpah:110332221","gene","http://www.kegg.jp/dbget-bin/www_bget?mpah:110320920+mpah:110321743+mpah:110323410+mpah:110330653+mpah:110331272+mpah:110332221",NA,"rn:R01278 rn:R01279",NA,NA,NA,"line",NA,NA,"#80CCCC","#FFFFFF",0,"01100"
"entry4302","2235","mpah:110324206 / mpah:110325026 / mpah:110330110","gene","http://www.kegg.jp/dbget-bin/www_bget?mpah:110324206+mpah:110325026+mpah:110330110",NA,"rn:R04738",NA,NA,NA,"line",NA,NA,"#80CCCC","#FFFFFF",0,"01100"
"entry4303","2236","mpah:110320141 / mpah:110324206 / mpah:110330110","gene","http://www.kegg.jp/dbget-bin/www_bget?mpah:110320141+mpah:110324206+mpah:110330110",NA,"rn:R04737",NA,NA,NA,"line",NA,NA,"#80CCCC","#FFFFFF",0,"01100"
"entry4304","2237","mpah:110320920 / mpah:110321743 / mpah:110323410 / mpah:110330653 / mpah:110331272 / mpah:110332221","gene","http://www.kegg.jp/dbget-bin/www_bget?mpah:110320920+mpah:110321743+mpah:110323410+mpah:110330653+mpah:110331272+mpah:110332221",NA,"rn:R03989 rn:R03990",NA,NA,NA,"line",NA,NA,"#80CCCC","#FFFFFF",0,"01100"
"entry4305","2238","mpah:110324206 / mpah:110325026 / mpah:110330110","gene","http://www.kegg.jp/dbget-bin/www_bget?mpah:110324206+mpah:110325026+mpah:110330110",NA,"rn:R04740",NA,NA,NA,"line",NA,NA,"#80CCCC","#FFFFFF",0,"01100"
"entry4306","2239","mpah:110320141 / mpah:110324206 / mpah:110330110","gene","http://www.kegg.jp/dbget-bin/www_bget?mpah:110320141+mpah:110324206+mpah:110330110",NA,"rn:R04739",NA,NA,NA,"line",NA,NA,"#80CCCC","#FFFFFF",0,"01100"
"entry4307","2240","mpah:110324296 / mpah:110327492 / mpah:110328451 / mpah:110333199","gene","http://www.kegg.jp/dbget-bin/www_bget?mpah:110324296+mpah:110327492+mpah:110328451+mpah:110333199",NA,"rn:R03858",NA,NA,NA,"line",NA,NA,"#80CCCC","#FFFFFF",0,"01100"
"entry4308","2242","mpah:110320920 / mpah:110321743 / mpah:110323410 / mpah:110330653 / mpah:110331272","gene","http://www.kegg.jp/dbget-bin/www_bget?mpah:110320920+mpah:110321743+mpah:110323410+mpah:110330653+mpah:110331272",NA,"rn:R03856 rn:R03857",NA,NA,NA,"line",NA,NA,"#80CCCC","#FFFFFF",0,"01100"
"entry4309","2243","mpah:110324206 / mpah:110325026 / mpah:110330110","gene","http://www.kegg.jp/dbget-bin/www_bget?mpah:110324206+mpah:110325026+mpah:110330110",NA,"rn:R04170",NA,NA,NA,"line",NA,NA,"#80CCCC","#FFFFFF",0,"01100"
"entry4310","2244","mpah:110320141 / mpah:110324206 / mpah:110330110","gene","http://www.kegg.jp/dbget-bin/www_bget?mpah:110320141+mpah:110324206+mpah:110330110",NA,"rn:R04741",NA,NA,NA,"line",NA,NA,"#80CCCC","#FFFFFF",0,"01100"
"entry4311","2245","mpah:110324296 / mpah:110327492 / mpah:110328451 / mpah:110333199","gene","http://www.kegg.jp/dbget-bin/www_bget?mpah:110324296+mpah:110327492+mpah:110328451+mpah:110333199",NA,"rn:R04742",NA,NA,NA,"line",NA,NA,"#80CCCC","#FFFFFF",0,"01100"
"entry4312","2247","mpah:110320920 / mpah:110321743 / mpah:110323410 / mpah:110330653 / mpah:110331272","gene","http://www.kegg.jp/dbget-bin/www_bget?mpah:110320920+mpah:110321743+mpah:110323410+mpah:110330653+mpah:110331272",NA,"rn:R04753 rn:R04754",NA,NA,NA,"line",NA,NA,"#80CCCC","#FFFFFF",0,"01100"
"entry4313","2248","mpah:110324206 / mpah:110325026 / mpah:110330110","gene","http://www.kegg.jp/dbget-bin/www_bget?mpah:110324206+mpah:110325026+mpah:110330110",NA,"rn:R04744",NA,NA,NA,"line",NA,NA,"#80CCCC","#FFFFFF",0,"01100"
"entry4314","2249","mpah:110320141 / mpah:110324206 / mpah:110330110","gene","http://www.kegg.jp/dbget-bin/www_bget?mpah:110320141+mpah:110324206+mpah:110330110",NA,"rn:R04743",NA,NA,NA,"line",NA,NA,"#80CCCC","#FFFFFF",0,"01100"
"entry4315","2250","mpah:110324296 / mpah:110327492 / mpah:110328451 / mpah:110333199","gene","http://www.kegg.jp/dbget-bin/www_bget?mpah:110324296+mpah:110327492+mpah:110328451+mpah:110333199",NA,"rn:R03778",NA,NA,NA,"line",NA,NA,"#80CCCC","#FFFFFF",0,"01100"
"entry4316","2252","mpah:110320920 / mpah:110321743 / mpah:110323410 / mpah:110330653 / mpah:110331272","gene","http://www.kegg.jp/dbget-bin/www_bget?mpah:110320920+mpah:110321743+mpah:110323410+mpah:110330653+mpah:110331272",NA,"rn:R03776 rn:R03777",NA,NA,NA,"line",NA,NA,"#80CCCC","#FFFFFF",0,"01100"
"entry4317","2253","mpah:110324206 / mpah:110325026 / mpah:110330110","gene","http://www.kegg.jp/dbget-bin/www_bget?mpah:110324206+mpah:110325026+mpah:110330110",NA,"rn:R04746",NA,NA,NA,"line",NA,NA,"#80CCCC","#FFFFFF",0,"01100"
"entry4318","2254","mpah:110320141 / mpah:110324206 / mpah:110330110","gene","http://www.kegg.jp/dbget-bin/www_bget?mpah:110320141+mpah:110324206+mpah:110330110",NA,"rn:R04745",NA,NA,NA,"line",NA,NA,"#80CCCC","#FFFFFF",0,"01100"
"entry4319","2255","mpah:110324296 / mpah:110327492 / mpah:110328451 / mpah:110333199","gene","http://www.kegg.jp/dbget-bin/www_bget?mpah:110324296+mpah:110327492+mpah:110328451+mpah:110333199",NA,"rn:R04747",NA,NA,NA,"line",NA,NA,"#80CCCC","#FFFFFF",0,"01100"
"entry4320","2257","mpah:110312894 / mpah:110320920 / mpah:110321743 / mpah:110323410 / mpah:110326470 / mpah:110330653 / mpah:110331272","gene","http://www.kegg.jp/dbget-bin/www_bget?mpah:110312894+mpah:110320920+mpah:110321743+mpah:110323410+mpah:110326470+mpah:110330653+mpah:110331272",NA,"rn:R04751 rn:R06985",NA,NA,NA,"line",NA,NA,"#80CCCC","#FFFFFF",0,"01100"
"entry4321","2258","mpah:110324206 / mpah:110325026 / mpah:110330110","gene","http://www.kegg.jp/dbget-bin/www_bget?mpah:110324206+mpah:110325026+mpah:110330110",NA,"rn:R04749",NA,NA,NA,"line",NA,NA,"#80CCCC","#FFFFFF",0,"01100"
"entry4322","2259","mpah:110320141 / mpah:110324206 / mpah:110330110","gene","http://www.kegg.jp/dbget-bin/www_bget?mpah:110320141+mpah:110324206+mpah:110330110",NA,"rn:R04748",NA,NA,NA,"line",NA,NA,"#80CCCC","#FFFFFF",0,"01100"
"entry4323","2260","mpah:110324296 / mpah:110327492 / mpah:110327655 / mpah:110328451 / mpah:110333199 / mpah:110338406 / mpah:110338461","gene","http://www.kegg.jp/dbget-bin/www_bget?mpah:110324296+mpah:110327492+mpah:110327655+mpah:110328451+mpah:110333199+mpah:110338406+mpah:110338461",NA,"rn:R01177",NA,NA,NA,"line",NA,NA,"#80CCCC","#FFFFFF",0,"01100"
"entry4324","2262","mpah:110312894 / mpah:110320920 / mpah:110326470 / mpah:110330653 / mpah:110331272","gene","http://www.kegg.jp/dbget-bin/www_bget?mpah:110312894+mpah:110320920+mpah:110326470+mpah:110330653+mpah:110331272",NA,"rn:R01171 rn:R01175",NA,NA,NA,"line",NA,NA,"#80CCCC","#FFFFFF",0,"01100"
"entry4325","2263","mpah:110324206 / mpah:110325026 / mpah:110330110","gene","http://www.kegg.jp/dbget-bin/www_bget?mpah:110324206+mpah:110325026+mpah:110330110",NA,"rn:R03026",NA,NA,NA,"line",NA,NA,"#80CCCC","#FFFFFF",0,"01100"
"entry4326","2264","mpah:110320141 / mpah:110330110","gene","http://www.kegg.jp/dbget-bin/www_bget?mpah:110320141+mpah:110330110",NA,"rn:R01975 rn:R01976",NA,NA,NA,"line",NA,NA,"#80CCCC","#FFFFFF",0,"01100"
"entry4327","2265","mpah:110323410 / mpah:110332500","gene","http://www.kegg.jp/dbget-bin/www_bget?mpah:110323410+mpah:110332500",NA,"rn:R04969 rn:R04970",NA,NA,NA,"line",NA,NA,"#80CCCC","#FFFFFF",0,"01100"
"entry4328","2266","mpah:110332500","gene","http://www.kegg.jp/dbget-bin/www_bget?mpah:110332500",NA,"rn:R04544",NA,NA,NA,"line",NA,NA,"#80CCCC","#FFFFFF",0,"01100"
"entry4329","2267","mpah:110332500 / mpah:110335682 / mpah:110336964","gene","http://www.kegg.jp/dbget-bin/www_bget?mpah:110332500+mpah:110335682+mpah:110336964",NA,"rn:R04543",NA,NA,NA,"line",NA,NA,"#80CCCC","#FFFFFF",0,"01100"
"entry4330","2268","mpah:110325615 / mpah:110332500","gene","http://www.kegg.jp/dbget-bin/www_bget?mpah:110325615+mpah:110332500",NA,"rn:R04968",NA,NA,NA,"line",NA,NA,"#80CCCC","#FFFFFF",0,"01100"
"entry4331","2270","mpah:110323410 / mpah:110332500","gene","http://www.kegg.jp/dbget-bin/www_bget?mpah:110323410+mpah:110332500",NA,"rn:R04966 rn:R04967",NA,NA,NA,"line",NA,NA,"#80CCCC","#FFFFFF",0,"01100"
"entry4332","2271","mpah:110332500","gene","http://www.kegg.jp/dbget-bin/www_bget?mpah:110332500",NA,"rn:R04568",NA,NA,NA,"line",NA,NA,"#80CCCC","#FFFFFF",0,"01100"
"entry4333","2272","mpah:110332500 / mpah:110335682 / mpah:110336964","gene","http://www.kegg.jp/dbget-bin/www_bget?mpah:110332500+mpah:110335682+mpah:110336964",NA,"rn:R04566",NA,NA,NA,"line",NA,NA,"#80CCCC","#FFFFFF",0,"01100"
"entry4334","2273","mpah:110325615 / mpah:110332500","gene","http://www.kegg.jp/dbget-bin/www_bget?mpah:110325615+mpah:110332500",NA,"rn:R04726",NA,NA,NA,"line",NA,NA,"#80CCCC","#FFFFFF",0,"01100"
"entry4335","2275","mpah:110323410 / mpah:110332500","gene","http://www.kegg.jp/dbget-bin/www_bget?mpah:110323410+mpah:110332500",NA,"rn:R04724 rn:R04725",NA,NA,NA,"line",NA,NA,"#80CCCC","#FFFFFF",0,"01100"
"entry4336","2276","mpah:110332500","gene","http://www.kegg.jp/dbget-bin/www_bget?mpah:110332500",NA,"rn:R04965",NA,NA,NA,"line",NA,NA,"#80CCCC","#FFFFFF",0,"01100"
"entry4337","2277","mpah:110332500 / mpah:110335682 / mpah:110336964","gene","http://www.kegg.jp/dbget-bin/www_bget?mpah:110332500+mpah:110335682+mpah:110336964",NA,"rn:R04964",NA,NA,NA,"line",NA,NA,"#80CCCC","#FFFFFF",0,"01100"
"entry4338","2278","mpah:110325615 / mpah:110332500","gene","http://www.kegg.jp/dbget-bin/www_bget?mpah:110325615+mpah:110332500",NA,"rn:R04963",NA,NA,NA,"line",NA,NA,"#80CCCC","#FFFFFF",0,"01100"
"entry4339","2280","mpah:110323410 / mpah:110332500","gene","http://www.kegg.jp/dbget-bin/www_bget?mpah:110323410+mpah:110332500",NA,"rn:R04961 rn:R04962",NA,NA,NA,"line",NA,NA,"#80CCCC","#FFFFFF",0,"01100"
"entry4340","2281","mpah:110332500","gene","http://www.kegg.jp/dbget-bin/www_bget?mpah:110332500",NA,"rn:R04535",NA,NA,NA,"line",NA,NA,"#80CCCC","#FFFFFF",0,"01100"
"entry4341","2282","mpah:110332500 / mpah:110335682 / mpah:110336964","gene","http://www.kegg.jp/dbget-bin/www_bget?mpah:110332500+mpah:110335682+mpah:110336964",NA,"rn:R04534",NA,NA,NA,"line",NA,NA,"#80CCCC","#FFFFFF",0,"01100"
"entry4342","2283","mpah:110325615 / mpah:110332500","gene","http://www.kegg.jp/dbget-bin/www_bget?mpah:110325615+mpah:110332500",NA,"rn:R04960",NA,NA,NA,"line",NA,NA,"#80CCCC","#FFFFFF",0,"01100"
"entry4343","2285","mpah:110323410 / mpah:110332500","gene","http://www.kegg.jp/dbget-bin/www_bget?mpah:110323410+mpah:110332500",NA,"rn:R04958 rn:R04959",NA,NA,NA,"line",NA,NA,"#80CCCC","#FFFFFF",0,"01100"
"entry4344","2286","mpah:110332500","gene","http://www.kegg.jp/dbget-bin/www_bget?mpah:110332500",NA,"rn:R04537",NA,NA,NA,"line",NA,NA,"#80CCCC","#FFFFFF",0,"01100"
"entry4345","2287","mpah:110332500 / mpah:110335682 / mpah:110336964","gene","http://www.kegg.jp/dbget-bin/www_bget?mpah:110332500+mpah:110335682+mpah:110336964",NA,"rn:R04536",NA,NA,NA,"line",NA,NA,"#80CCCC","#FFFFFF",0,"01100"
"entry4346","2288","mpah:110325615 / mpah:110332500","gene","http://www.kegg.jp/dbget-bin/www_bget?mpah:110325615+mpah:110332500",NA,"rn:R04957",NA,NA,NA,"line",NA,NA,"#80CCCC","#FFFFFF",0,"01100"
"entry4347","2290","mpah:110323410 / mpah:110332500","gene","http://www.kegg.jp/dbget-bin/www_bget?mpah:110323410+mpah:110332500",NA,"rn:R04955 rn:R04956",NA,NA,NA,"line",NA,NA,"#80CCCC","#FFFFFF",0,"01100"
"entry4348","2291","mpah:110332500","gene","http://www.kegg.jp/dbget-bin/www_bget?mpah:110332500",NA,"rn:R04954",NA,NA,NA,"line",NA,NA,"#80CCCC","#FFFFFF",0,"01100"
"entry4349","2292","mpah:110332500 / mpah:110335682 / mpah:110336964","gene","http://www.kegg.jp/dbget-bin/www_bget?mpah:110332500+mpah:110335682+mpah:110336964",NA,"rn:R04953",NA,NA,NA,"line",NA,NA,"#80CCCC","#FFFFFF",0,"01100"
"entry4350","2293","mpah:110325615 / mpah:110332500","gene","http://www.kegg.jp/dbget-bin/www_bget?mpah:110325615+mpah:110332500",NA,"rn:R04952",NA,NA,NA,"line",NA,NA,"#80CCCC","#FFFFFF",0,"01100"
"entry4351","2295","mpah:110323410 / mpah:110332500","gene","http://www.kegg.jp/dbget-bin/www_bget?mpah:110323410+mpah:110332500",NA,"rn:R04429 rn:R04430",NA,NA,NA,"line",NA,NA,"#80CCCC","#FFFFFF",0,"01100"
"entry4352","2296","mpah:110332500","gene","http://www.kegg.jp/dbget-bin/www_bget?mpah:110332500",NA,"rn:R04428",NA,NA,NA,"line",NA,NA,"#80CCCC","#FFFFFF",0,"01100"
"entry4353","2297","mpah:110332500 / mpah:110335682 / mpah:110336964","gene","http://www.kegg.jp/dbget-bin/www_bget?mpah:110332500+mpah:110335682+mpah:110336964",NA,"rn:R04533",NA,NA,NA,"line",NA,NA,"#80CCCC","#FFFFFF",0,"01100"
"entry4354","2298","mpah:110325615 / mpah:110332500","gene","http://www.kegg.jp/dbget-bin/www_bget?mpah:110325615+mpah:110332500",NA,"rn:R04355",NA,NA,NA,"line",NA,NA,"#80CCCC","#FFFFFF",0,"01100"
"entry4355","2300","mpah:110332500","gene","http://www.kegg.jp/dbget-bin/www_bget?mpah:110332500",NA,"rn:R01706",NA,NA,NA,"line",NA,NA,"#80CCCC","#FFFFFF",0,"01100"
"entry4356","2301","mpah:110313469 / mpah:110315065 / mpah:110317632 / mpah:110321273 / mpah:110322779 / mpah:110327969 / mpah:110332134 / mpah:110335365 / mpah:110335950 / mpah:110335987 / mpah:110336203","gene","http://www.kegg.jp/dbget-bin/www_bget?mpah:110313469+mpah:110315065+mpah:110317632+mpah:110321273+mpah:110322779+mpah:110327969+mpah:110332134+mpah:110335365+mpah:110335950+mpah:110335987+mpah:110336203",NA,"rn:R01274 rn:R01280",NA,NA,NA,"line",NA,NA,"#80CCCC","#FFFFFF",0,"01100"
"entry4357","2302","mpah:110323291 / mpah:110327857","gene","http://www.kegg.jp/dbget-bin/www_bget?mpah:110323291+mpah:110327857",NA,"rn:R01360",NA,NA,NA,"line",NA,NA,"#80CCCC","#FFFFFF",0,"01100"
"entry4358","2303","mpah:110320466 / mpah:110329658","gene","http://www.kegg.jp/dbget-bin/www_bget?mpah:110320466+mpah:110329658",NA,"rn:R01361",NA,NA,NA,"line",NA,NA,"#80CCCC","#FFFFFF",0,"01100"
"entry4359","2310","mpah:110337595","gene","http://www.kegg.jp/dbget-bin/www_bget?mpah:110337595",NA,"rn:R01121",NA,NA,NA,"line",NA,NA,"#9EE284","#FFFFFF",0,"01100"
"entry4360","2311","mpah:110320410","gene","http://www.kegg.jp/dbget-bin/www_bget?mpah:110320410",NA,"rn:R03245",NA,NA,NA,"line",NA,NA,"#9EE284","#FFFFFF",0,"01100"
"entry4361","2312","mpah:110312975","gene","http://www.kegg.jp/dbget-bin/www_bget?mpah:110312975",NA,"rn:R02245",NA,NA,NA,"line",NA,NA,"#9EE284","#FFFFFF",0,"01100"
"entry4362","2313","mpah:110325250","gene","http://www.kegg.jp/dbget-bin/www_bget?mpah:110325250",NA,"rn:R02872",NA,NA,NA,"line",NA,NA,"#9EE284","#FFFFFF",0,"01100"
"entry4363","2314","mpah:110334642","gene","http://www.kegg.jp/dbget-bin/www_bget?mpah:110334642",NA,"rn:R02874 rn:R12355",NA,NA,NA,"line",NA,NA,"#9EE284","#FFFFFF",0,"01100"
"entry4364","2315","mpah:110326638","gene","http://www.kegg.jp/dbget-bin/www_bget?mpah:110326638",NA,"rn:R03199",NA,NA,NA,"line",NA,NA,"#80CCCC","#FFFFFF",0,"01100"
"entry4365","2316","mpah:110316208","gene","http://www.kegg.jp/dbget-bin/www_bget?mpah:110316208",NA,"rn:R05640 rn:R12323",NA,NA,NA,"line",NA,NA,"#80CCCC","#FFFFFF",0,"01100"
"entry4366","2317","mpah:110320815","gene","http://www.kegg.jp/dbget-bin/www_bget?mpah:110320815",NA,"rn:R05639",NA,NA,NA,"line",NA,NA,"#80CCCC","#FFFFFF",0,"01100"
"entry4367","2319","mpah:110313833","gene","http://www.kegg.jp/dbget-bin/www_bget?mpah:110313833",NA,"rn:R07494",NA,NA,NA,"line",NA,NA,"#80CCCC","#FFFFFF",0,"01100"
"entry4368","2320","mpah:110322287","gene","http://www.kegg.jp/dbget-bin/www_bget?mpah:110322287",NA,"rn:R07495",NA,NA,NA,"line",NA,NA,"#80CCCC","#FFFFFF",0,"01100"
"entry4369","2321","mpah:110322287","gene","http://www.kegg.jp/dbget-bin/www_bget?mpah:110322287",NA,"rn:R12405",NA,NA,NA,"line",NA,NA,"#80CCCC","#FFFFFF",0,"01100"
"entry4370","2330","mpah:110313992","gene","http://www.kegg.jp/dbget-bin/www_bget?mpah:110313992",NA,"rn:R04804",NA,NA,NA,"line",NA,NA,"#80CCCC","#FFFFFF",0,"01100"
"entry4371","2333","mpah:110323016","gene","http://www.kegg.jp/dbget-bin/www_bget?mpah:110323016",NA,"rn:R01457",NA,NA,NA,"line",NA,NA,"#80CCCC","#FFFFFF",0,"01100"
"entry4372","2334","mpah:110323016","gene","http://www.kegg.jp/dbget-bin/www_bget?mpah:110323016",NA,"rn:R07507",NA,NA,NA,"line",NA,NA,"#80CCCC","#FFFFFF",0,"01100"
"entry4373","2335","mpah:110323016","gene","http://www.kegg.jp/dbget-bin/www_bget?mpah:110323016",NA,"rn:R05703",NA,NA,NA,"line",NA,NA,"#80CCCC","#FFFFFF",0,"01100"
"entry4374","2336","mpah:110323016","gene","http://www.kegg.jp/dbget-bin/www_bget?mpah:110323016",NA,"rn:R07498",NA,NA,NA,"line",NA,NA,"#80CCCC","#FFFFFF",0,"01100"
"entry4375","2337","mpah:110313992","gene","http://www.kegg.jp/dbget-bin/www_bget?mpah:110313992",NA,"rn:R03353",NA,NA,NA,"line",NA,NA,"#80CCCC","#FFFFFF",0,"01100"
"entry4376","2338","mpah:110327921 / mpah:110334695","gene","http://www.kegg.jp/dbget-bin/www_bget?mpah:110327921+mpah:110334695",NA,"rn:R07215",NA,NA,NA,"line",NA,NA,"#80CCCC","#FFFFFF",0,"01100"
"entry4377","2339","mpah:110322282","gene","http://www.kegg.jp/dbget-bin/www_bget?mpah:110322282",NA,"rn:R01451 rn:R01456",NA,NA,NA,"line",NA,NA,"#80CCCC","#FFFFFF",0,"01100"
"entry4378","2344","mpah:110330448","gene","http://www.kegg.jp/dbget-bin/www_bget?mpah:110330448",NA,"rn:R04263",NA,NA,NA,"line",NA,NA,"#80CCCC","#FFFFFF",0,"01100"
"entry4379","2345","mpah:110316235","gene","http://www.kegg.jp/dbget-bin/www_bget?mpah:110316235",NA,"rn:R04817",NA,NA,NA,"line",NA,NA,"#80CCCC","#FFFFFF",0,"01100"
"entry4380","2347","mpah:110322436","gene","http://www.kegg.jp/dbget-bin/www_bget?mpah:110322436",NA,"rn:R04806",NA,NA,NA,"line",NA,NA,"#80CCCC","#FFFFFF",0,"01100"
"entry4381","2348","mpah:110322436","gene","http://www.kegg.jp/dbget-bin/www_bget?mpah:110322436",NA,"rn:R08758",NA,NA,NA,"line",NA,NA,"#80CCCC","#FFFFFF",0,"01100"
"entry4382","2349","mpah:110322436","gene","http://www.kegg.jp/dbget-bin/www_bget?mpah:110322436",NA,"rn:R08760",NA,NA,NA,"line",NA,NA,"#80CCCC","#FFFFFF",0,"01100"
"entry4383","2350","mpah:110336881","gene","http://www.kegg.jp/dbget-bin/www_bget?mpah:110336881",NA,"rn:R08738",NA,NA,NA,"line",NA,NA,"#80CCCC","#FFFFFF",0,"01100"
"entry4384","2351","mpah:110329090","gene","http://www.kegg.jp/dbget-bin/www_bget?mpah:110329090",NA,"rn:R08739",NA,NA,NA,"line",NA,NA,"#80CCCC","#FFFFFF",0,"01100"
"entry4385","2352","mpah:110325739","gene","http://www.kegg.jp/dbget-bin/www_bget?mpah:110325739",NA,"rn:R08740",NA,NA,NA,"line",NA,NA,"#80CCCC","#FFFFFF",0,"01100"
"entry4386","2353","mpah:110327161","gene","http://www.kegg.jp/dbget-bin/www_bget?mpah:110327161",NA,"rn:R04826",NA,NA,NA,"line",NA,NA,"#80CCCC","#FFFFFF",0,"01100"
"entry4387","2354","mpah:110316235","gene","http://www.kegg.jp/dbget-bin/www_bget?mpah:110316235",NA,"rn:R04823",NA,NA,NA,"line",NA,NA,"#80CCCC","#FFFFFF",0,"01100"
"entry4388","2356","mpah:110322436","gene","http://www.kegg.jp/dbget-bin/www_bget?mpah:110322436",NA,"rn:R04807",NA,NA,NA,"line",NA,NA,"#80CCCC","#FFFFFF",0,"01100"
"entry4389","2357","mpah:110322436","gene","http://www.kegg.jp/dbget-bin/www_bget?mpah:110322436",NA,"rn:R08759",NA,NA,NA,"line",NA,NA,"#80CCCC","#FFFFFF",0,"01100"
"entry4390","2358","mpah:110322436","gene","http://www.kegg.jp/dbget-bin/www_bget?mpah:110322436",NA,"rn:R08761",NA,NA,NA,"line",NA,NA,"#80CCCC","#FFFFFF",0,"01100"
"entry4391","2359","mpah:110336881","gene","http://www.kegg.jp/dbget-bin/www_bget?mpah:110336881",NA,"rn:R08733",NA,NA,NA,"line",NA,NA,"#80CCCC","#FFFFFF",0,"01100"
"entry4392","2360","mpah:110329090","gene","http://www.kegg.jp/dbget-bin/www_bget?mpah:110329090",NA,"rn:R08734",NA,NA,NA,"line",NA,NA,"#80CCCC","#FFFFFF",0,"01100"
"entry4393","2361","mpah:110325739","gene","http://www.kegg.jp/dbget-bin/www_bget?mpah:110325739",NA,"rn:R08735",NA,NA,NA,"line",NA,NA,"#80CCCC","#FFFFFF",0,"01100"
"entry4394","2362","mpah:110328464","gene","http://www.kegg.jp/dbget-bin/www_bget?mpah:110328464",NA,"rn:R01454",NA,NA,NA,"line",NA,NA,"#80CCCC","#FFFFFF",0,"01100"
"entry4395","2363","mpah:110328464","gene","http://www.kegg.jp/dbget-bin/www_bget?mpah:110328464",NA,"rn:R04854",NA,NA,NA,"line",NA,NA,"#80CCCC","#FFFFFF",0,"01100"
"entry4396","2364","mpah:110328464","gene","http://www.kegg.jp/dbget-bin/www_bget?mpah:110328464",NA,"rn:R03933",NA,NA,NA,"line",NA,NA,"#80CCCC","#FFFFFF",0,"01100"
"entry4397","2365","mpah:110328464","gene","http://www.kegg.jp/dbget-bin/www_bget?mpah:110328464",NA,"rn:R02723",NA,NA,NA,"line",NA,NA,"#80CCCC","#FFFFFF",0,"01100"
"entry4398","2366","mpah:110328464","gene","http://www.kegg.jp/dbget-bin/www_bget?mpah:110328464",NA,"rn:R04855",NA,NA,NA,"line",NA,NA,"#80CCCC","#FFFFFF",0,"01100"
"entry4399","2367","mpah:110334801","gene","http://www.kegg.jp/dbget-bin/www_bget?mpah:110334801",NA,"rn:R02211",NA,NA,NA,"line",NA,NA,"#80CCCC","#FFFFFF",0,"01100"
"entry4400","2368","mpah:110335614","gene","http://www.kegg.jp/dbget-bin/www_bget?mpah:110335614",NA,"rn:R03326",NA,NA,NA,"line",NA,NA,"#80CCCC","#FFFFFF",0,"01100"
"entry4401","2369","mpah:110334511 / mpah:110335023","gene","http://www.kegg.jp/dbget-bin/www_bget?mpah:110334511+mpah:110335023",NA,"rn:R02843",NA,NA,NA,"line",NA,NA,"#80CCCC","#FFFFFF",0,"01100"
"entry4402","2370","mpah:110335614","gene","http://www.kegg.jp/dbget-bin/www_bget?mpah:110335614",NA,"rn:R02213",NA,NA,NA,"line",NA,NA,"#80CCCC","#FFFFFF",0,"01100"
"entry4403","2371","mpah:110334511 / mpah:110335023","gene","http://www.kegg.jp/dbget-bin/www_bget?mpah:110334511+mpah:110335023",NA,"rn:R03851",NA,NA,NA,"line",NA,NA,"#80CCCC","#FFFFFF",0,"01100"
"entry4404","2374","mpah:110334801","gene","http://www.kegg.jp/dbget-bin/www_bget?mpah:110334801",NA,"rn:R03783",NA,NA,NA,"line",NA,NA,"#80CCCC","#FFFFFF",0,"01100"
"entry4405","2375","mpah:110315378 / mpah:110319834 / mpah:110319836 / mpah:110320478 / mpah:110320490","gene","http://www.kegg.jp/dbget-bin/www_bget?mpah:110315378+mpah:110319834+mpah:110319836+mpah:110320478+mpah:110320490",NA,"rn:R01837",NA,NA,NA,"line",NA,NA,"#80CCCC","#FFFFFF",0,"01100"
"entry4406","2376","mpah:110326955 / mpah:110334206 / mpah:110335682 / mpah:110337701","gene","http://www.kegg.jp/dbget-bin/www_bget?mpah:110326955+mpah:110334206+mpah:110335682+mpah:110337701",NA,"rn:R01836 rn:R01838",NA,NA,NA,"line",NA,NA,"#80CCCC","#FFFFFF",0,"01100"
"entry4407","2377","mpah:110328587","gene","http://www.kegg.jp/dbget-bin/www_bget?mpah:110328587",NA,"rn:R02501",NA,NA,NA,"line",NA,NA,"#80CCCC","#FFFFFF",0,"01100"
"entry4408","2378","mpah:110328587","gene","http://www.kegg.jp/dbget-bin/www_bget?mpah:110328587",NA,"rn:R04761",NA,NA,NA,"line",NA,NA,"#80CCCC","#FFFFFF",0,"01100"
"entry4409","2379","mpah:110328587","gene","http://www.kegg.jp/dbget-bin/www_bget?mpah:110328587",NA,"rn:R03087",NA,NA,NA,"line",NA,NA,"#80CCCC","#FFFFFF",0,"01100"
"entry4410","2380","mpah:110318386 / mpah:110322287 / mpah:110326955 / mpah:110332622 / mpah:110335682 / mpah:110337701","gene","http://www.kegg.jp/dbget-bin/www_bget?mpah:110318386+mpah:110322287+mpah:110326955+mpah:110332622+mpah:110335682+mpah:110337701",NA,"rn:R02352 rn:R02353",NA,NA,NA,"line",NA,NA,"#80CCCC","#FFFFFF",0,"01100"
"entry4411","2381","mpah:110328587","gene","http://www.kegg.jp/dbget-bin/www_bget?mpah:110328587",NA,"rn:R02351",NA,NA,NA,"line",NA,NA,"#80CCCC","#FFFFFF",0,"01100"
"entry4412","2382","mpah:110328587","gene","http://www.kegg.jp/dbget-bin/www_bget?mpah:110328587",NA,"rn:R04759",NA,NA,NA,"line",NA,NA,"#80CCCC","#FFFFFF",0,"01100"
"entry4413","2383","mpah:110328587","gene","http://www.kegg.jp/dbget-bin/www_bget?mpah:110328587",NA,"rn:R01840",NA,NA,NA,"line",NA,NA,"#80CCCC","#FFFFFF",0,"01100"
"entry4414","2388","mpah:110320815","gene","http://www.kegg.jp/dbget-bin/www_bget?mpah:110320815",NA,"rn:R07483",NA,NA,NA,"line",NA,NA,"#80CCCC","#FFFFFF",0,"01100"
"entry4415","2389","mpah:110313992","gene","http://www.kegg.jp/dbget-bin/www_bget?mpah:110313992",NA,"rn:R07484",NA,NA,NA,"line",NA,NA,"#80CCCC","#FFFFFF",0,"01100"
"entry4416","2391","mpah:110327921 / mpah:110334695","gene","http://www.kegg.jp/dbget-bin/www_bget?mpah:110327921+mpah:110334695",NA,"rn:R07491",NA,NA,NA,"line",NA,NA,"#80CCCC","#FFFFFF",0,"01100"
"entry4417","2392","mpah:110322282","gene","http://www.kegg.jp/dbget-bin/www_bget?mpah:110322282",NA,"rn:R07492",NA,NA,NA,"line",NA,NA,"#80CCCC","#FFFFFF",0,"01100"
"entry4418","2393","mpah:110323016","gene","http://www.kegg.jp/dbget-bin/www_bget?mpah:110323016",NA,"rn:R07493",NA,NA,NA,"line",NA,NA,"#80CCCC","#FFFFFF",0,"01100"
"entry4419","2394","mpah:110332047","gene","http://www.kegg.jp/dbget-bin/www_bget?mpah:110332047",NA,"rn:R03611 rn:R11458",NA,NA,NA,"line",NA,NA,"#80CCCC","#FFFFFF",0,"01100"
"entry4420","2395","mpah:110327080","gene","http://www.kegg.jp/dbget-bin/www_bget?mpah:110327080",NA,"rn:R03610 rn:R11459",NA,NA,NA,"line",NA,NA,"#80CCCC","#FFFFFF",0,"01100"
"entry4421","2399","mpah:110317057","gene","http://www.kegg.jp/dbget-bin/www_bget?mpah:110317057",NA,"rn:R01056",NA,NA,NA,"line",NA,NA,"#CC99FF","#FFFFFF",0,"01100"
"entry4422","2400","mpah:110314346 / mpah:110325636 / mpah:110336991","gene","http://www.kegg.jp/dbget-bin/www_bget?mpah:110314346+mpah:110325636+mpah:110336991",NA,"rn:R01641",NA,NA,NA,"line",NA,NA,"#CC99FF","#FFFFFF",0,"01100"
"entry4423","2402","mpah:110312743 / mpah:110323452 / mpah:110331449","gene","http://www.kegg.jp/dbget-bin/www_bget?mpah:110312743+mpah:110323452+mpah:110331449",NA,"rn:R01829",NA,NA,NA,"line",NA,NA,"#CC99FF","#FFFFFF",0,"01100"
"entry4424","2403","mpah:110314346 / mpah:110325636 / mpah:110336991","gene","http://www.kegg.jp/dbget-bin/www_bget?mpah:110314346+mpah:110325636+mpah:110336991",NA,"rn:R00761 rn:R01067",NA,NA,NA,"line",NA,NA,"#CC99FF","#FFFFFF",0,"01100"
"entry4425","2404","mpah:110327016 / mpah:110333910 / mpah:110333922 / mpah:110334301 / mpah:110334554","gene","http://www.kegg.jp/dbget-bin/www_bget?mpah:110327016+mpah:110333910+mpah:110333922+mpah:110334301+mpah:110334554",NA,"rn:R00762 rn:R00756 rn:R05805",NA,NA,NA,"line",NA,NA,"#CC99FF","#FFFFFF",0,"01100"
"entry4426","2405","mpah:110317091 / mpah:110320784 / mpah:110321241 / mpah:110322762 / mpah:110328704 / mpah:110330614 / mpah:110337773","gene","http://www.kegg.jp/dbget-bin/www_bget?mpah:110317091+mpah:110320784+mpah:110321241+mpah:110322762+mpah:110328704+mpah:110330614+mpah:110337773",NA,"rn:R01061 rn:R01063",NA,NA,NA,"line",NA,NA,"#CC99FF","#FFFFFF",0,"01100"
"entry4427","2406","mpah:110313412 / mpah:110314447 / mpah:110335962","gene","http://www.kegg.jp/dbget-bin/www_bget?mpah:110313412+mpah:110314447+mpah:110335962",NA,"rn:R01512",NA,NA,NA,"line",NA,NA,"#CC99FF","#FFFFFF",0,"01100"
"entry4428","2408","mpah:110321811 / mpah:110333010","gene","http://www.kegg.jp/dbget-bin/www_bget?mpah:110321811+mpah:110333010",NA,"rn:R01529",NA,NA,NA,"line",NA,NA,"#CC99FF","#FFFFFF",0,"01100"
"entry4429","2409","mpah:110325160 / mpah:110327366","gene","http://www.kegg.jp/dbget-bin/www_bget?mpah:110325160+mpah:110327366",NA,"rn:R00214 rn:R00216",NA,NA,NA,"line",NA,NA,"#CC99FF","#FFFFFF",0,"01100"
"entry4430","2414","mpah:110334950 / mpah:110337340","gene","http://www.kegg.jp/dbget-bin/www_bget?mpah:110334950+mpah:110337340",NA,"rn:R00258",NA,NA,NA,"line",NA,NA,"#CC99FF","#FFFFFF",0,"01100"
"entry4431","2421","mpah:110321548 / mpah:110337421","gene","http://www.kegg.jp/dbget-bin/www_bget?mpah:110321548+mpah:110337421",NA,"rn:R00355",NA,NA,NA,"line",NA,NA,"#CC99FF","#FFFFFF",0,"01100"
"entry4432","2424","mpah:110313218","gene","http://www.kegg.jp/dbget-bin/www_bget?mpah:110313218",NA,"rn:R06604",NA,NA,NA,"line",NA,NA,"#FF8080","#FFFFFF",0,"01100"
"entry4433","2426","mpah:110324844","gene","http://www.kegg.jp/dbget-bin/www_bget?mpah:110324844",NA,"rn:R01993",NA,NA,NA,"line",NA,NA,"#FF8080","#FFFFFF",0,"01100"
"entry4434","2427","mpah:110337509","gene","http://www.kegg.jp/dbget-bin/www_bget?mpah:110337509",NA,"rn:R01867 rn:R01868 rn:R01869",NA,NA,NA,"line",NA,NA,"#FF8080","#FFFFFF",0,"01100"
"entry4435","2428","mpah:110318176 / mpah:110319482 / mpah:110323387 / mpah:110324821 / mpah:110324875 / mpah:110325109 / mpah:110326188 / mpah:110328569 / mpah:110331475","gene","http://www.kegg.jp/dbget-bin/www_bget?mpah:110318176+mpah:110319482+mpah:110323387+mpah:110324821+mpah:110324875+mpah:110325109+mpah:110326188+mpah:110328569+mpah:110331475",NA,"rn:R00155 rn:R00158",NA,NA,NA,"line",NA,NA,"#FF8080","#FFFFFF",0,"01100"
"entry4436","2429","mpah:110319482 / mpah:110321496 / mpah:110325635 / mpah:110326188 / mpah:110326724 / mpah:110328147 / mpah:110328569 / mpah:110329056 / mpah:110331266 / mpah:110338000 / mpah:110338177","gene","http://www.kegg.jp/dbget-bin/www_bget?mpah:110319482+mpah:110321496+mpah:110325635+mpah:110326188+mpah:110326724+mpah:110328147+mpah:110328569+mpah:110329056+mpah:110331266+mpah:110338000+mpah:110338177",NA,"rn:R00156 rn:R00159",NA,NA,NA,"line",NA,NA,"#FF8080","#FFFFFF",0,"01100"
"entry4437","2430","mpah:110313405 / mpah:110322824","gene","http://www.kegg.jp/dbget-bin/www_bget?mpah:110313405+mpah:110322824",NA,"rn:R00571 rn:R00573 rn:R00568",NA,NA,NA,"line",NA,NA,"#FF8080","#FFFFFF",0,"01100"
"entry4438","2431","mpah:110319482 / mpah:110321496 / mpah:110325635 / mpah:110326188 / mpah:110326724 / mpah:110328147 / mpah:110328569 / mpah:110329056 / mpah:110331266 / mpah:110338000 / mpah:110338177","gene","http://www.kegg.jp/dbget-bin/www_bget?mpah:110319482+mpah:110321496+mpah:110325635+mpah:110326188+mpah:110326724+mpah:110328147+mpah:110328569+mpah:110329056+mpah:110331266+mpah:110338000+mpah:110338177",NA,"rn:R00569 rn:R00570",NA,NA,NA,"line",NA,NA,"#FF8080","#FFFFFF",0,"01100"
"entry4439","2432","mpah:110319482 / mpah:110323387 / mpah:110324821 / mpah:110326188 / mpah:110328569","gene","http://www.kegg.jp/dbget-bin/www_bget?mpah:110319482+mpah:110323387+mpah:110324821+mpah:110326188+mpah:110328569",NA,"rn:R00512 rn:R00514",NA,NA,NA,"line",NA,NA,"#FF8080","#FFFFFF",0,"01100"
"entry4440","2433","mpah:110316175 / mpah:110318306 / mpah:110318801 / mpah:110319695 / mpah:110321612 / mpah:110323494 / mpah:110324394 / mpah:110328204 / mpah:110328789 / mpah:110331628 / mpah:110331972 / mpah:110332192","gene","http://www.kegg.jp/dbget-bin/www_bget?mpah:110316175+mpah:110318306+mpah:110318801+mpah:110319695+mpah:110321612+mpah:110323494+mpah:110324394+mpah:110328204+mpah:110328789+mpah:110331628+mpah:110331972+mpah:110332192",NA,"rn:R00511 rn:R00513 rn:R00516 rn:R00517 rn:R00962 rn:R01548 rn:R02091 rn:R02096 rn:R02371 rn:R02372",NA,NA,NA,"line",NA,NA,"#FF8080","#FFFFFF",0,"01100"
"entry4441","2434","mpah:110316175 / mpah:110318306 / mpah:110318801 / mpah:110319695 / mpah:110321612 / mpah:110323494 / mpah:110324394 / mpah:110328204 / mpah:110328789 / mpah:110331628 / mpah:110331972 / mpah:110332192","gene","http://www.kegg.jp/dbget-bin/www_bget?mpah:110316175+mpah:110318306+mpah:110318801+mpah:110319695+mpah:110321612+mpah:110323494+mpah:110324394+mpah:110328204+mpah:110328789+mpah:110331628+mpah:110331972+mpah:110332192",NA,"rn:R00963 rn:R00964 rn:R00967 rn:R00968 rn:R00970 rn:R01549 rn:R01880 rn:R02097 rn:R02327 rn:R02332",NA,NA,NA,"line",NA,NA,"#FF8080","#FFFFFF",0,"01100"
"entry4442","2435","mpah:110323774","gene","http://www.kegg.jp/dbget-bin/www_bget?mpah:110323774",NA,"rn:R01878",NA,NA,NA,"line",NA,NA,"#FF8080","#FFFFFF",0,"01100"
"entry4443","2436","mpah:110317774 / mpah:110330877","gene","http://www.kegg.jp/dbget-bin/www_bget?mpah:110317774+mpah:110330877",NA,"rn:R01080 rn:R01876",NA,NA,NA,"line",NA,NA,"#FF8080","#FFFFFF",0,"01100"
"entry4444","2440","mpah:110324512 / mpah:110332415 / mpah:110334944","gene","http://www.kegg.jp/dbget-bin/www_bget?mpah:110324512+mpah:110332415+mpah:110334944",NA,"rn:R02024",NA,NA,NA,"line",NA,NA,"#FF8080","#FFFFFF",0,"01100"
"entry4445","2442","mpah:110316347","gene","http://www.kegg.jp/dbget-bin/www_bget?mpah:110316347",NA,"rn:R02101",NA,NA,NA,"line",NA,NA,"#FF8080","#FFFFFF",0,"01100"
"entry4446","2443","mpah:110319482 / mpah:110321496 / mpah:110325635 / mpah:110326188 / mpah:110326724 / mpah:110328147 / mpah:110328569 / mpah:110329056 / mpah:110331266 / mpah:110338000 / mpah:110338177","gene","http://www.kegg.jp/dbget-bin/www_bget?mpah:110319482+mpah:110321496+mpah:110325635+mpah:110326188+mpah:110326724+mpah:110328147+mpah:110328569+mpah:110329056+mpah:110331266+mpah:110338000+mpah:110338177",NA,"rn:R02093 rn:R02095",NA,NA,NA,"line",NA,NA,"#FF8080","#FFFFFF",0,"01100"
"entry4447","2444","mpah:110321496 / mpah:110325635 / mpah:110326724 / mpah:110328147 / mpah:110329056 / mpah:110331266 / mpah:110338000 / mpah:110338177","gene","http://www.kegg.jp/dbget-bin/www_bget?mpah:110321496+mpah:110325635+mpah:110326724+mpah:110328147+mpah:110329056+mpah:110331266+mpah:110338000+mpah:110338177",NA,"rn:R02326",NA,NA,NA,"line",NA,NA,"#FF8080","#FFFFFF",0,"01100"
"entry4448","2445","mpah:110329597","gene","http://www.kegg.jp/dbget-bin/www_bget?mpah:110329597",NA,"rn:R00965",NA,NA,NA,"line",NA,NA,"#FF8080","#FFFFFF",0,"01100"
"entry4449","2452","mpah:110316175 / mpah:110318801 / mpah:110323494 / mpah:110324394 / mpah:110328789 / mpah:110331628 / mpah:110331972 / mpah:110332144 / mpah:110332192 / mpah:110337444","gene","http://www.kegg.jp/dbget-bin/www_bget?mpah:110316175+mpah:110318801+mpah:110323494+mpah:110324394+mpah:110328789+mpah:110331628+mpah:110331972+mpah:110332144+mpah:110332192+mpah:110337444",NA,"rn:R01567 rn:R01569",NA,NA,NA,"line",NA,NA,"#FF8080","#FFFFFF",0,"01100"
"entry4450","2453","mpah:110334605","gene","http://www.kegg.jp/dbget-bin/www_bget?mpah:110334605",NA,"rn:R01570 rn:R02806",NA,NA,NA,"line",NA,NA,"#FF8080","#FFFFFF",0,"01100"
"entry4451","2454","mpah:110320876","gene","http://www.kegg.jp/dbget-bin/www_bget?mpah:110320876",NA,"rn:R01415 rn:R11026",NA,NA,NA,"line",NA,NA,"#FF8080","#FFFFFF",0,"01100"
"entry4452","2455","mpah:110334818","gene","http://www.kegg.jp/dbget-bin/www_bget?mpah:110334818",NA,"rn:R03055",NA,NA,NA,"line",NA,NA,"#FF8080","#FFFFFF",0,"01100"
"entry4453","2456","mpah:110317825 / mpah:110326963 / mpah:110326989 / mpah:110332670","gene","http://www.kegg.jp/dbget-bin/www_bget?mpah:110317825+mpah:110326963+mpah:110326989+mpah:110332670",NA,"rn:R00494",NA,NA,NA,"line",NA,NA,"#FF9900","#FFFFFF",0,"01100"
"entry4454","2459","mpah:110321223 / mpah:110326593","gene","http://www.kegg.jp/dbget-bin/www_bget?mpah:110321223+mpah:110326593",NA,"rn:R01579",NA,NA,NA,"line",NA,NA,"#FF9900","#FFFFFF",0,"01100"
"entry4455","2460","mpah:110333797","gene","http://www.kegg.jp/dbget-bin/www_bget?mpah:110333797",NA,"rn:R03595",NA,NA,NA,"line",NA,NA,"#FF9900","#FFFFFF",0,"01100"
"entry4456","2464","mpah:110331397","gene","http://www.kegg.jp/dbget-bin/www_bget?mpah:110331397",NA,"rn:R04247",NA,NA,NA,"line",NA,NA,"#FF9900","#FFFFFF",0,"01100"
"entry4457","2466","mpah:110320080 / mpah:110324444","gene","http://www.kegg.jp/dbget-bin/www_bget?mpah:110320080+mpah:110324444",NA,"rn:R04920",NA,NA,NA,"line",NA,NA,"#FF9900","#FFFFFF",0,"01100"
"entry4458","2468","mpah:110317636 / mpah:110317896 / mpah:110318146 / mpah:110326820 / mpah:110328115 / mpah:110334767","gene","http://www.kegg.jp/dbget-bin/www_bget?mpah:110317636+mpah:110317896+mpah:110318146+mpah:110326820+mpah:110328115+mpah:110334767",NA,"rn:R02466",NA,NA,NA,"line",NA,NA,"#FF9900","#FFFFFF",0,"01100"
"entry4459","2470","mpah:110323775 / mpah:110323900","gene","http://www.kegg.jp/dbget-bin/www_bget?mpah:110323775+mpah:110323900",NA,"rn:R03720",NA,NA,NA,"line",NA,NA,"#FF9900","#FFFFFF",0,"01100"
"entry4460","2471","mpah:110332928 / mpah:110333472 / mpah:110336527","gene","http://www.kegg.jp/dbget-bin/www_bget?mpah:110332928+mpah:110333472+mpah:110336527",NA,"rn:R01164 rn:R01166",NA,NA,NA,"line",NA,NA,"#FF9900","#FFFFFF",0,"01100"
"entry4461","2473","mpah:110313024 / mpah:110317835 / mpah:110318542 / mpah:110318953 / mpah:110319432 / mpah:110320483 / mpah:110321382 / mpah:110323483 / mpah:110323484 / mpah:110323690 / mpah:110323745 / mpah:110323897 / mpah:110323920 / mpah:110324523 / mpah:110327038 / mpah:110330079 / mpah:110330532 / mpah:110334864 / mpah:110336749 / mpah:110336949","gene","http://www.kegg.jp/dbget-bin/www_bget?mpah:110313024+mpah:110317835+mpah:110318542+mpah:110318953+mpah:110319432+mpah:110320483+mpah:110321382+mpah:110323483+mpah:110323484+mpah:110323690+mpah:110323745+mpah:110323897+mpah:110323920+mpah:110324523+mpah:110327038+mpah:110330079+mpah:110330532+mpah:110334864+mpah:110336749+mpah:110336949",NA,"rn:R07859 rn:R07860",NA,NA,NA,"line",NA,NA,"#80CCB3","#FFFFFF",0,"01100"
"entry4462","2474","mpah:110313024 / mpah:110317835 / mpah:110318542 / mpah:110318953 / mpah:110319432 / mpah:110320483 / mpah:110321382 / mpah:110323483 / mpah:110323484 / mpah:110323690 / mpah:110323745 / mpah:110323897 / mpah:110323920 / mpah:110324523 / mpah:110327038 / mpah:110330079 / mpah:110330532 / mpah:110334864 / mpah:110336749 / mpah:110336949","gene","http://www.kegg.jp/dbget-bin/www_bget?mpah:110313024+mpah:110317835+mpah:110318542+mpah:110318953+mpah:110319432+mpah:110320483+mpah:110321382+mpah:110323483+mpah:110323484+mpah:110323690+mpah:110323745+mpah:110323897+mpah:110323920+mpah:110324523+mpah:110327038+mpah:110330079+mpah:110330532+mpah:110334864+mpah:110336749+mpah:110336949",NA,"rn:R07064",NA,NA,NA,"line",NA,NA,"#80CCB3","#FFFFFF",0,"01100"
"entry4463","2475","mpah:110332413","gene","http://www.kegg.jp/dbget-bin/www_bget?mpah:110332413",NA,"rn:R01801",NA,NA,NA,"line",NA,NA,"#80CCB3","#FFFFFF",0,"01100"
"entry4464","2476","mpah:110318143 / mpah:110330763","gene","http://www.kegg.jp/dbget-bin/www_bget?mpah:110318143+mpah:110330763",NA,"rn:R01799",NA,NA,NA,"line",NA,NA,"#80CCB3","#FFFFFF",0,"01100"
"entry4465","2477","mpah:110319070 / mpah:110324309 / mpah:110326416 / mpah:110333871 / mpah:110335367 / mpah:110335768 / mpah:110336535 / mpah:110338206","gene","http://www.kegg.jp/dbget-bin/www_bget?mpah:110319070+mpah:110324309+mpah:110326416+mpah:110333871+mpah:110335367+mpah:110335768+mpah:110336535+mpah:110338206",NA,"rn:R02241",NA,NA,NA,"line",NA,NA,"#80CCB3","#FFFFFF",0,"01100"
"entry4466","2478","mpah:110318426 / mpah:110319061 / mpah:110330566 / mpah:110336485","gene","http://www.kegg.jp/dbget-bin/www_bget?mpah:110318426+mpah:110319061+mpah:110330566+mpah:110336485",NA,"rn:R00851 rn:R12241",NA,NA,NA,"line",NA,NA,"#80CCB3","#FFFFFF",0,"01100"
"entry4467","2480","mpah:110322252 / mpah:110330257","gene","http://www.kegg.jp/dbget-bin/www_bget?mpah:110322252+mpah:110330257",NA,"rn:R02055 rn:R07376",NA,NA,NA,"line",NA,NA,"#80CCB3","#FFFFFF",0,"01100"
"entry4468","2481","mpah:110320080 / mpah:110324444","gene","http://www.kegg.jp/dbget-bin/www_bget?mpah:110320080+mpah:110324444",NA,"rn:R02057",NA,NA,NA,"line",NA,NA,"#80CCB3","#FFFFFF",0,"01100"
"entry4469","2483","mpah:110320080 / mpah:110326383","gene","http://www.kegg.jp/dbget-bin/www_bget?mpah:110320080+mpah:110326383",NA,"rn:R01321",NA,NA,NA,"line",NA,NA,"#80CCB3","#FFFFFF",0,"01100"
"entry4470","2486","mpah:110313519 / mpah:110329551","gene","http://www.kegg.jp/dbget-bin/www_bget?mpah:110313519+mpah:110329551",NA,"rn:R01890",NA,NA,NA,"line",NA,NA,"#80CCB3","#FFFFFF",0,"01100"
"entry4471","2487","mpah:110331695 / mpah:110334224 / mpah:110334735","gene","http://www.kegg.jp/dbget-bin/www_bget?mpah:110331695+mpah:110334224+mpah:110334735",NA,"rn:R01021 rn:R06871",NA,NA,NA,"line",NA,NA,"#80CCB3","#FFFFFF",0,"01100"
"entry4472","2488","mpah:110332324","gene","http://www.kegg.jp/dbget-bin/www_bget?mpah:110332324",NA,"rn:R03424",NA,NA,NA,"line",NA,NA,"#80CCB3","#FFFFFF",0,"01100"
"entry4473","2489","mpah:110332324","gene","http://www.kegg.jp/dbget-bin/www_bget?mpah:110332324",NA,"rn:R02056",NA,NA,NA,"line",NA,NA,"#80CCB3","#FFFFFF",0,"01100"
"entry4474","2490","mpah:110316356","gene","http://www.kegg.jp/dbget-bin/www_bget?mpah:110316356",NA,"rn:R02757",NA,NA,NA,"line",NA,NA,"#80CCB3","#FFFFFF",0,"01100"
"entry4475","2496","mpah:110317757","gene","http://www.kegg.jp/dbget-bin/www_bget?mpah:110317757",NA,"rn:R04311",NA,NA,NA,"line",NA,NA,"#80CCB3","#FFFFFF",0,"01100"
"entry4476","2499","mpah:110320080 / mpah:110326383","gene","http://www.kegg.jp/dbget-bin/www_bget?mpah:110320080+mpah:110326383",NA,"rn:R04321",NA,NA,NA,"line",NA,NA,"#80CCB3","#FFFFFF",0,"01100"
"entry4477","2500","mpah:110317762 / mpah:110318388 / mpah:110323520 / mpah:110328798 / mpah:110330910 / mpah:110332739 / mpah:110335800 / mpah:110336585 / mpah:110337531","gene","http://www.kegg.jp/dbget-bin/www_bget?mpah:110317762+mpah:110318388+mpah:110323520+mpah:110328798+mpah:110330910+mpah:110332739+mpah:110335800+mpah:110336585+mpah:110337531",NA,"rn:R03437 rn:R04452",NA,NA,NA,"line",NA,NA,"#80CCB3","#FFFFFF",0,"01100"
"entry4478","2501","mpah:110313024 / mpah:110317835 / mpah:110318542 / mpah:110318953 / mpah:110319432 / mpah:110320483 / mpah:110321382 / mpah:110323483 / mpah:110323484 / mpah:110323690 / mpah:110323745 / mpah:110323897 / mpah:110323920 / mpah:110324523 / mpah:110327038 / mpah:110328798 / mpah:110330079 / mpah:110330532 / mpah:110330910 / mpah:110334864 / mpah:110336749 / mpah:110336949 / mpah:110337531","gene","http://www.kegg.jp/dbget-bin/www_bget?mpah:110313024+mpah:110317835+mpah:110318542+mpah:110318953+mpah:110319432+mpah:110320483+mpah:110321382+mpah:110323483+mpah:110323484+mpah:110323690+mpah:110323745+mpah:110323897+mpah:110323920+mpah:110324523+mpah:110327038+mpah:110328798+mpah:110330079+mpah:110330532+mpah:110330910+mpah:110334864+mpah:110336749+mpah:110336949+mpah:110337531",NA,"rn:R03438 rn:R07387",NA,NA,NA,"line",NA,NA,"#80CCB3","#FFFFFF",0,"01100"
"entry4479","2503","mpah:110318226 / mpah:110323294 / mpah:110324147 / mpah:110326500 / mpah:110328777 / mpah:110335439","gene","http://www.kegg.jp/dbget-bin/www_bget?mpah:110318226+mpah:110323294+mpah:110324147+mpah:110326500+mpah:110328777+mpah:110335439",NA,"rn:R04162",NA,NA,NA,"line",NA,NA,"#80CCB3","#FFFFFF",0,"01100"
"entry4480","2504","mpah:110320080 / mpah:110324444","gene","http://www.kegg.jp/dbget-bin/www_bget?mpah:110320080+mpah:110324444",NA,"rn:R06364",NA,NA,NA,"line",NA,NA,"#80CCB3","#FFFFFF",0,"01100"
"entry4481","2505","mpah:110313024 / mpah:110317835 / mpah:110318388 / mpah:110318542 / mpah:110318953 / mpah:110319432 / mpah:110320483 / mpah:110321382 / mpah:110323483 / mpah:110323484 / mpah:110323690 / mpah:110323745 / mpah:110323897 / mpah:110323920 / mpah:110324523 / mpah:110327038 / mpah:110330079 / mpah:110330532 / mpah:110334864 / mpah:110336749 / mpah:110336949","gene","http://www.kegg.jp/dbget-bin/www_bget?mpah:110313024+mpah:110317835+mpah:110318388+mpah:110318542+mpah:110318953+mpah:110319432+mpah:110320483+mpah:110321382+mpah:110323483+mpah:110323484+mpah:110323690+mpah:110323745+mpah:110323897+mpah:110323920+mpah:110324523+mpah:110327038+mpah:110330079+mpah:110330532+mpah:110334864+mpah:110336749+mpah:110336949",NA,"rn:R04413 rn:R07379",NA,NA,NA,"line",NA,NA,"#80CCB3","#FFFFFF",0,"01100"
"entry4482","2507","mpah:110320080 / mpah:110324444","gene","http://www.kegg.jp/dbget-bin/www_bget?mpah:110320080+mpah:110324444",NA,"rn:R07381 rn:R07384",NA,NA,NA,"line",NA,NA,"#80CCB3","#FFFFFF",0,"01100"
"entry4483","2509","mpah:110321839","gene","http://www.kegg.jp/dbget-bin/www_bget?mpah:110321839",NA,"rn:R02978",NA,NA,NA,"line",NA,NA,"#80CCB3","#FFFFFF",0,"01100"
"entry4484","2511","mpah:110321736 / mpah:110322299 / mpah:110324835","gene","http://www.kegg.jp/dbget-bin/www_bget?mpah:110321736+mpah:110322299+mpah:110324835",NA,"rn:R06519",NA,NA,NA,"line",NA,NA,"#80CCB3","#FFFFFF",0,"01100"
"entry4485","2512","mpah:110313478 / mpah:110319526 / mpah:110320695 / mpah:110326698 / mpah:110329365 / mpah:110332533 / mpah:110337564","gene","http://www.kegg.jp/dbget-bin/www_bget?mpah:110313478+mpah:110319526+mpah:110320695+mpah:110326698+mpah:110329365+mpah:110332533+mpah:110337564",NA,"rn:R01891 rn:R02541 rn:R08969",NA,NA,NA,"line",NA,NA,"#80CCB3","#FFFFFF",0,"01100"
"entry4486","2513","mpah:110320435 / mpah:110324405","gene","http://www.kegg.jp/dbget-bin/www_bget?mpah:110320435+mpah:110324405",NA,"rn:R01500 rn:R03617",NA,NA,NA,"line",NA,NA,"#80CCB3","#FFFFFF",0,"01100"
"entry4487","2514","mpah:110330858","gene","http://www.kegg.jp/dbget-bin/www_bget?mpah:110330858",NA,"rn:R04017",NA,NA,NA,"line",NA,NA,"#80CCB3","#FFFFFF",0,"01100"
"entry4488","2515","mpah:110318337 / mpah:110320738 / mpah:110323663 / mpah:110328611 / mpah:110333640 / mpah:110334738 / mpah:110336101 / mpah:110336346 / mpah:110336399 / mpah:110336871","gene","http://www.kegg.jp/dbget-bin/www_bget?mpah:110318337+mpah:110320738+mpah:110323663+mpah:110328611+mpah:110333640+mpah:110334738+mpah:110336101+mpah:110336346+mpah:110336399+mpah:110336871",NA,"rn:R01494 rn:R01496",NA,NA,NA,"line",NA,NA,"#80CCB3","#FFFFFF",0,"01100"
"entry4489","2516","mpah:110326438","gene","http://www.kegg.jp/dbget-bin/www_bget?mpah:110326438",NA,"rn:R06516",NA,NA,NA,"line",NA,NA,"#80CCB3","#FFFFFF",0,"01100"
"entry4490","2517","mpah:110319109 / mpah:110324378 / mpah:110333675","gene","http://www.kegg.jp/dbget-bin/www_bget?mpah:110319109+mpah:110324378+mpah:110333675",NA,"rn:R01281",NA,NA,NA,"line",NA,NA,"#80CCB3","#FFFFFF",0,"01100"
"entry4491","2519","mpah:110331792","gene","http://www.kegg.jp/dbget-bin/www_bget?mpah:110331792",NA,"rn:R01596",NA,NA,NA,"line",NA,NA,"#80CCB3","#FFFFFF",0,"01100"
"entry4492","2520","mpah:110332252","gene","http://www.kegg.jp/dbget-bin/www_bget?mpah:110332252",NA,"rn:R07038",NA,NA,NA,"line",NA,NA,"#80CCB3","#FFFFFF",0,"01100"
"entry4493","2521","mpah:110332396","gene","http://www.kegg.jp/dbget-bin/www_bget?mpah:110332396",NA,"rn:R07053",NA,NA,NA,"line",NA,NA,"#80CCB3","#FFFFFF",0,"01100"
"entry4494","2522","mpah:110315594 / mpah:110315789 / mpah:110321409 / mpah:110323111 / mpah:110323251 / mpah:110323340 / mpah:110323372 / mpah:110323386 / mpah:110323498 / mpah:110336742","gene","http://www.kegg.jp/dbget-bin/www_bget?mpah:110315594+mpah:110315789+mpah:110321409+mpah:110323111+mpah:110323251+mpah:110323340+mpah:110323372+mpah:110323386+mpah:110323498+mpah:110336742",NA,"rn:R07048",NA,NA,NA,"line",NA,NA,"#80CCB3","#FFFFFF",0,"01100"
"entry4495","2523","mpah:110315594 / mpah:110315778 / mpah:110315789 / mpah:110321409 / mpah:110322859 / mpah:110322974 / mpah:110323111 / mpah:110323152 / mpah:110323251 / mpah:110323340 / mpah:110323372 / mpah:110323386 / mpah:110323498 / mpah:110323837 / mpah:110336742","gene","http://www.kegg.jp/dbget-bin/www_bget?mpah:110315594+mpah:110315778+mpah:110315789+mpah:110321409+mpah:110322859+mpah:110322974+mpah:110323111+mpah:110323152+mpah:110323251+mpah:110323340+mpah:110323372+mpah:110323386+mpah:110323498+mpah:110323837+mpah:110336742",NA,"rn:R07050",NA,NA,NA,"line",NA,NA,"#80CCB3","#FFFFFF",0,"01100"
"entry4496","2524","mpah:110325104","gene","http://www.kegg.jp/dbget-bin/www_bget?mpah:110325104",NA,"rn:R07109",NA,NA,NA,"line",NA,NA,"#80CCB3","#FFFFFF",0,"01100"
"entry4497","2525","mpah:110315594 / mpah:110315789 / mpah:110321409 / mpah:110323111 / mpah:110323251 / mpah:110323340 / mpah:110323372 / mpah:110323386 / mpah:110323498 / mpah:110336742","gene","http://www.kegg.jp/dbget-bin/www_bget?mpah:110315594+mpah:110315789+mpah:110321409+mpah:110323111+mpah:110323251+mpah:110323340+mpah:110323372+mpah:110323386+mpah:110323498+mpah:110336742",NA,"rn:R07051",NA,NA,NA,"line",NA,NA,"#80CCB3","#FFFFFF",0,"01100"
"entry4498","2526","mpah:110325104","gene","http://www.kegg.jp/dbget-bin/www_bget?mpah:110325104",NA,"rn:R07110",NA,NA,NA,"line",NA,NA,"#80CCB3","#FFFFFF",0,"01100"
"entry4499","2527","mpah:110315594 / mpah:110315789 / mpah:110321409 / mpah:110323111 / mpah:110323251 / mpah:110323340 / mpah:110323372 / mpah:110323386 / mpah:110323498 / mpah:110336742","gene","http://www.kegg.jp/dbget-bin/www_bget?mpah:110315594+mpah:110315789+mpah:110321409+mpah:110323111+mpah:110323251+mpah:110323340+mpah:110323372+mpah:110323386+mpah:110323498+mpah:110336742",NA,"rn:R07052",NA,NA,NA,"line",NA,NA,"#80CCB3","#FFFFFF",0,"01100"
"entry4500","2528","mpah:110325104","gene","http://www.kegg.jp/dbget-bin/www_bget?mpah:110325104",NA,"rn:R07111",NA,NA,NA,"line",NA,NA,"#80CCB3","#FFFFFF",0,"01100"
"entry4501","2529","mpah:110315778 / mpah:110320955 / mpah:110322859 / mpah:110322974 / mpah:110323152 / mpah:110323837 / mpah:110335560 / mpah:110335593 / mpah:110335977 / mpah:110336552","gene","http://www.kegg.jp/dbget-bin/www_bget?mpah:110315778+mpah:110320955+mpah:110322859+mpah:110322974+mpah:110323152+mpah:110323837+mpah:110335560+mpah:110335593+mpah:110335977+mpah:110336552",NA,"rn:R07041",NA,NA,NA,"line",NA,NA,"#80CCB3","#FFFFFF",0,"01100"
"entry4502","2530","mpah:110315917","gene","http://www.kegg.jp/dbget-bin/www_bget?mpah:110315917",NA,"rn:R03058",NA,NA,NA,"line",NA,NA,"#80CCB3","#FFFFFF",0,"01100"
"entry4503","2532","mpah:110326963 / mpah:110326989","gene","http://www.kegg.jp/dbget-bin/www_bget?mpah:110326963+mpah:110326989",NA,"rn:R09875",NA,NA,NA,"line",NA,NA,"#80CCB3","#FFFFFF",0,"01100"
"entry4504","2534","mpah:110315297 / mpah:110318148 / mpah:110321554","gene","http://www.kegg.jp/dbget-bin/www_bget?mpah:110315297+mpah:110318148+mpah:110321554",NA,"rn:R01590",NA,NA,NA,"line",NA,NA,"#80CCB3","#FFFFFF",0,"01100"
"entry4505","2535","mpah:110315297 / mpah:110318148 / mpah:110321554","gene","http://www.kegg.jp/dbget-bin/www_bget?mpah:110315297+mpah:110318148+mpah:110321554",NA,"rn:R00073",NA,NA,NA,"line",NA,NA,"#80CCB3","#FFFFFF",0,"01100"
"entry4506","2536","mpah:110318582 / mpah:110319350 / mpah:110326471","gene","http://www.kegg.jp/dbget-bin/www_bget?mpah:110318582+mpah:110319350+mpah:110326471",NA,"rn:R02265",NA,NA,NA,"line",NA,NA,"#80CCB3","#FFFFFF",0,"01100"
"entry4507","2537","mpah:110332116 / mpah:110332396","gene","http://www.kegg.jp/dbget-bin/www_bget?mpah:110332116+mpah:110332396",NA,"rn:R01593",NA,NA,NA,"line",NA,NA,"#80CCB3","#FFFFFF",0,"01100"
"entry4508","2538","mpah:110321409 / mpah:110323111 / mpah:110323251 / mpah:110323340 / mpah:110323372 / mpah:110323386 / mpah:110323498","gene","http://www.kegg.jp/dbget-bin/www_bget?mpah:110321409+mpah:110323111+mpah:110323251+mpah:110323340+mpah:110323372+mpah:110323386+mpah:110323498",NA,"rn:R07042",NA,NA,NA,"line",NA,NA,"#80CCB3","#FFFFFF",0,"01100"
"entry4509","2539","mpah:110323111 / mpah:110323251 / mpah:110323340 / mpah:110323372 / mpah:110323386 / mpah:110323498","gene","http://www.kegg.jp/dbget-bin/www_bget?mpah:110323111+mpah:110323251+mpah:110323340+mpah:110323372+mpah:110323386+mpah:110323498",NA,"rn:R07044",NA,NA,NA,"line",NA,NA,"#80CCB3","#FFFFFF",0,"01100"
"entry4510","2540","mpah:110321409 / mpah:110323111 / mpah:110323251 / mpah:110323340 / mpah:110323372 / mpah:110323386 / mpah:110323498","gene","http://www.kegg.jp/dbget-bin/www_bget?mpah:110321409+mpah:110323111+mpah:110323251+mpah:110323340+mpah:110323372+mpah:110323386+mpah:110323498",NA,"rn:R07043",NA,NA,NA,"line",NA,NA,"#80CCB3","#FFFFFF",0,"01100"
"entry4511","2541","mpah:110323111 / mpah:110323251 / mpah:110323340 / mpah:110323372 / mpah:110323386 / mpah:110323498","gene","http://www.kegg.jp/dbget-bin/www_bget?mpah:110323111+mpah:110323251+mpah:110323340+mpah:110323372+mpah:110323386+mpah:110323498",NA,"rn:R07045",NA,NA,NA,"line",NA,NA,"#80CCB3","#FFFFFF",0,"01100"
"entry4512","2542","mpah:110317008","gene","http://www.kegg.jp/dbget-bin/www_bget?mpah:110317008",NA,"rn:R02268",NA,NA,NA,"line",NA,NA,"#80CCB3","#FFFFFF",0,"01100"
"entry4513","2543","mpah:110323558","gene","http://www.kegg.jp/dbget-bin/www_bget?mpah:110323558",NA,"rn:R02264 rn:R09506",NA,NA,NA,"line",NA,NA,"#80CCB3","#FFFFFF",0,"01100"
"entry4514","2544","mpah:110329855 / mpah:110329889 / mpah:110329915 / mpah:110331898 / mpah:110332341","gene","http://www.kegg.jp/dbget-bin/www_bget?mpah:110329855+mpah:110329889+mpah:110329915+mpah:110331898+mpah:110332341",NA,"rn:R02581",NA,NA,NA,"line",NA,NA,"#80CCB3","#FFFFFF",0,"01100"
"entry4515","2547","mpah:110318865","gene","http://www.kegg.jp/dbget-bin/www_bget?mpah:110318865",NA,"rn:R02267",NA,NA,NA,"line",NA,NA,"#80CCB3","#FFFFFF",0,"01100"
"entry4516","2550","mpah:110317199 / mpah:110319252","gene","http://www.kegg.jp/dbget-bin/www_bget?mpah:110317199+mpah:110319252",NA,"rn:R02266",NA,NA,NA,"line",NA,NA,"#80CCB3","#FFFFFF",0,"01100"
"entry4517","2556","mpah:110313024 / mpah:110317835 / mpah:110318542 / mpah:110318953 / mpah:110319432 / mpah:110320483 / mpah:110321382 / mpah:110323483 / mpah:110323484 / mpah:110323690 / mpah:110323745 / mpah:110323897 / mpah:110323920 / mpah:110324523 / mpah:110327038 / mpah:110330079 / mpah:110330532 / mpah:110334864 / mpah:110336749 / mpah:110336949","gene","http://www.kegg.jp/dbget-bin/www_bget?mpah:110313024+mpah:110317835+mpah:110318542+mpah:110318953+mpah:110319432+mpah:110320483+mpah:110321382+mpah:110323483+mpah:110323484+mpah:110323690+mpah:110323745+mpah:110323897+mpah:110323920+mpah:110324523+mpah:110327038+mpah:110330079+mpah:110330532+mpah:110334864+mpah:110336749+mpah:110336949",NA,"rn:R01317",NA,NA,NA,"line",NA,NA,"#80CCB3","#FFFFFF",0,"01100"
"entry4518","2557","mpah:110315778 / mpah:110320955 / mpah:110322859 / mpah:110322974 / mpah:110323111 / mpah:110323152 / mpah:110323251 / mpah:110323340 / mpah:110323372 / mpah:110323386 / mpah:110323498 / mpah:110323837 / mpah:110329381","gene","http://www.kegg.jp/dbget-bin/www_bget?mpah:110315778+mpah:110320955+mpah:110322859+mpah:110322974+mpah:110323111+mpah:110323152+mpah:110323251+mpah:110323340+mpah:110323372+mpah:110323386+mpah:110323498+mpah:110323837+mpah:110329381",NA,"rn:R07046",NA,NA,NA,"line",NA,NA,"#80CCB3","#FFFFFF",0,"01100"
"entry4519","2558","mpah:110315917","gene","http://www.kegg.jp/dbget-bin/www_bget?mpah:110315917",NA,"rn:R01595",NA,NA,NA,"line",NA,NA,"#80CCB3","#FFFFFF",0,"01100"
"entry4520","2560","mpah:110312811 / mpah:110313181 / mpah:110314995 / mpah:110315701 / mpah:110315884 / mpah:110321409 / mpah:110323111 / mpah:110323251 / mpah:110323340 / mpah:110323372 / mpah:110323386 / mpah:110323498 / mpah:110328034 / mpah:110329381","gene","http://www.kegg.jp/dbget-bin/www_bget?mpah:110312811+mpah:110313181+mpah:110314995+mpah:110315701+mpah:110315884+mpah:110321409+mpah:110323111+mpah:110323251+mpah:110323340+mpah:110323372+mpah:110323386+mpah:110323498+mpah:110328034+mpah:110329381",NA,"rn:R07056",NA,NA,NA,"line",NA,NA,"#80CCB3","#FFFFFF",0,"01100"
"entry4521","2566","mpah:110330653 / mpah:110331272","gene","http://www.kegg.jp/dbget-bin/www_bget?mpah:110330653+mpah:110331272",NA,"rn:R07888",NA,NA,NA,"line",NA,NA,"#80CCB3","#FFFFFF",0,"01100"
"entry4522","2568","mpah:110327492 / mpah:110328451","gene","http://www.kegg.jp/dbget-bin/www_bget?mpah:110327492+mpah:110328451",NA,"rn:R07891",NA,NA,NA,"line",NA,NA,"#80CCB3","#FFFFFF",0,"01100"
"entry4523","2569","mpah:110330653 / mpah:110331272","gene","http://www.kegg.jp/dbget-bin/www_bget?mpah:110330653+mpah:110331272",NA,"rn:R07892",NA,NA,NA,"line",NA,NA,"#80CCB3","#FFFFFF",0,"01100"
"entry4524","2572","mpah:110327492 / mpah:110328451","gene","http://www.kegg.jp/dbget-bin/www_bget?mpah:110327492+mpah:110328451",NA,"rn:R07899",NA,NA,NA,"line",NA,NA,"#80CCB3","#FFFFFF",0,"01100"
"entry4525","2574","mpah:110331397","gene","http://www.kegg.jp/dbget-bin/www_bget?mpah:110331397",NA,"rn:R02038",NA,NA,NA,"line",NA,NA,"#80CCB3","#FFFFFF",0,"01100"
"entry4526","2575","mpah:110336387","gene","http://www.kegg.jp/dbget-bin/www_bget?mpah:110336387",NA,"rn:R03348",NA,NA,NA,"line",NA,NA,"#FFB3CC","#FFFFFF",0,"01100"
"entry4527","2576","mpah:110322159 / mpah:110322982 / mpah:110328276 / mpah:110335826 / mpah:110337984 / mpah:110338036","gene","http://www.kegg.jp/dbget-bin/www_bget?mpah:110322159+mpah:110322982+mpah:110328276+mpah:110335826+mpah:110337984+mpah:110338036",NA,"rn:R03004 rn:R03005",NA,NA,NA,"line",NA,NA,"#FFB3CC","#FFFFFF",0,"01100"
"entry4528","2577","mpah:110325216","gene","http://www.kegg.jp/dbget-bin/www_bget?mpah:110325216",NA,"rn:R00189 rn:R00257",NA,NA,NA,"line",NA,NA,"#FFB3CC","#FFFFFF",0,"01100"
"entry4529","2578","mpah:110313125 / mpah:110319971 / mpah:110326146 / mpah:110326468 / mpah:110330967 / mpah:110330979 / mpah:110331620 / mpah:110333965 / mpah:110334277 / mpah:110336159","gene","http://www.kegg.jp/dbget-bin/www_bget?mpah:110313125+mpah:110319971+mpah:110326146+mpah:110326468+mpah:110330967+mpah:110330979+mpah:110331620+mpah:110333965+mpah:110334277+mpah:110336159",NA,"rn:R00102 rn:R10633 rn:R10634",NA,NA,NA,"line",NA,NA,"#FFB3CC","#FFFFFF",0,"01100"
"entry4530","2580","mpah:110335079","gene","http://www.kegg.jp/dbget-bin/www_bget?mpah:110335079",NA,"rn:R01724",NA,NA,NA,"line",NA,NA,"#FFB3CC","#FFFFFF",0,"01100"
"entry4531","2581","mpah:110322857 / mpah:110328959 / mpah:110329246","gene","http://www.kegg.jp/dbget-bin/www_bget?mpah:110322857+mpah:110328959+mpah:110329246",NA,"rn:R00104 rn:R00112",NA,NA,NA,"line",NA,NA,"#FFB3CC","#FFFFFF",0,"01100"
"entry4532","2582","mpah:110328508","gene","http://www.kegg.jp/dbget-bin/www_bget?mpah:110328508",NA,"rn:R01269",NA,NA,NA,"line",NA,NA,"#FFB3CC","#FFFFFF",0,"01100"
"entry4533","2583","mpah:110321275 / mpah:110321290 / mpah:110321921","gene","http://www.kegg.jp/dbget-bin/www_bget?mpah:110321275+mpah:110321290+mpah:110321921",NA,"rn:R08408",NA,NA,NA,"line",NA,NA,"#FFB3CC","#FFFFFF",0,"01100"
"entry4534","2584","mpah:110314947","gene","http://www.kegg.jp/dbget-bin/www_bget?mpah:110314947",NA,"rn:R01351",NA,NA,NA,"line",NA,NA,"#80CCB3","#FFFFFF",0,"01100"
"entry4535","2585","mpah:110320262 / mpah:110323226 / mpah:110324672 / mpah:110331978","gene","http://www.kegg.jp/dbget-bin/www_bget?mpah:110320262+mpah:110323226+mpah:110324672+mpah:110331978",NA,"rn:R01310",NA,NA,NA,"line",NA,NA,"#80CCB3","#FFFFFF",0,"01100"
"entry4536","2586","mpah:110333718","gene","http://www.kegg.jp/dbget-bin/www_bget?mpah:110333718",NA,"rn:R07377",NA,NA,NA,"line",NA,NA,"#80CCB3","#FFFFFF",0,"01100"
"entry4537","2587","mpah:110332324","gene","http://www.kegg.jp/dbget-bin/www_bget?mpah:110332324",NA,"rn:R01320",NA,NA,NA,"line",NA,NA,"#80CCB3","#FFFFFF",0,"01100"
"entry4538","2588","mpah:110313167 / mpah:110316950 / mpah:110319050 / mpah:110322307 / mpah:110327335 / mpah:110327696 / mpah:110328165 / mpah:110329962 / mpah:110331269 / mpah:110333215 / mpah:110334746 / mpah:110335319","gene","http://www.kegg.jp/dbget-bin/www_bget?mpah:110313167+mpah:110316950+mpah:110319050+mpah:110322307+mpah:110327335+mpah:110327696+mpah:110328165+mpah:110329962+mpah:110331269+mpah:110333215+mpah:110334746+mpah:110335319",NA,"rn:R02250 rn:R02251 rn:R05333",NA,NA,NA,"line",NA,NA,"#80CCB3","#FFFFFF",0,"01100"
"entry4539","2589","mpah:110321275 / mpah:110321290 / mpah:110321921","gene","http://www.kegg.jp/dbget-bin/www_bget?mpah:110321275+mpah:110321290+mpah:110321921",NA,"rn:R04085",NA,NA,NA,"line",NA,NA,"#FFB3CC","#FFFFFF",0,"01100"
"entry4540","2593","mpah:110334035 / mpah:110334222","gene","http://www.kegg.jp/dbget-bin/www_bget?mpah:110334035+mpah:110334222",NA,"rn:R01123",NA,NA,NA,"line",NA,NA,"#9EE284","#FFFFFF",0,"01100"
"entry4541","2594","mpah:110319996 / mpah:110333828","gene","http://www.kegg.jp/dbget-bin/www_bget?mpah:110319996+mpah:110333828",NA,"rn:R01658",NA,NA,NA,"line",NA,NA,"#9EE284","#FFFFFF",0,"01100"
"entry4542","2613","mpah:110319996 / mpah:110333828","gene","http://www.kegg.jp/dbget-bin/www_bget?mpah:110319996+mpah:110333828",NA,"rn:R02003",NA,NA,NA,"line",NA,NA,"#9EE284","#FFFFFF",0,"01100"
"entry4543","2615","mpah:110322897","gene","http://www.kegg.jp/dbget-bin/www_bget?mpah:110322897",NA,"rn:R01122",NA,NA,NA,"line",NA,NA,"#9EE284","#FFFFFF",0,"01100"
"entry4544","2645","mpah:110332162 / mpah:110332463","gene","http://www.kegg.jp/dbget-bin/www_bget?mpah:110332162+mpah:110332463",NA,"rn:R04027",NA,NA,NA,"line",NA,NA,"#F06292","#FFFFFF",0,"01100"
"entry4545","2656","mpah:110318581","gene","http://www.kegg.jp/dbget-bin/www_bget?mpah:110318581",NA,"rn:R01003 rn:R01018",NA,NA,NA,"line",NA,NA,"#99CCFF","#FFFFFF",0,"01100"
"entry4546","2657","mpah:110323599","gene","http://www.kegg.jp/dbget-bin/www_bget?mpah:110323599",NA,"rn:R06262",NA,NA,NA,"line",NA,NA,"#99CCFF","#FFFFFF",0,"01100"
"entry4547","2659","mpah:110322731","gene","http://www.kegg.jp/dbget-bin/www_bget?mpah:110322731",NA,"rn:R06263",NA,NA,NA,"line",NA,NA,"#99CCFF","#FFFFFF",0,"01100"
"entry4548","2660","mpah:110314113 / mpah:110318051 / mpah:110322885 / mpah:110325627 / mpah:110327270 / mpah:110328703 / mpah:110336436","gene","http://www.kegg.jp/dbget-bin/www_bget?mpah:110314113+mpah:110318051+mpah:110322885+mpah:110325627+mpah:110327270+mpah:110328703+mpah:110336436",NA,"rn:R05976",NA,NA,NA,"line",NA,NA,"#99CCFF","#FFFFFF",0,"01100"
"entry4549","2662","mpah:110316001","gene","http://www.kegg.jp/dbget-bin/www_bget?mpah:110316001",NA,"rn:R05979",NA,NA,NA,"line",NA,NA,"#99CCFF","#FFFFFF",0,"01100"
"entry4550","2663","mpah:110337924","gene","http://www.kegg.jp/dbget-bin/www_bget?mpah:110337924",NA,"rn:R05980",NA,NA,NA,"line",NA,NA,"#99CCFF","#FFFFFF",0,"01100"
"entry4551","2665","mpah:110327713 / mpah:110335524","gene","http://www.kegg.jp/dbget-bin/www_bget?mpah:110327713+mpah:110335524",NA,"rn:R05984",NA,NA,NA,"line",NA,NA,"#99CCFF","#FFFFFF",0,"01100"
"entry4552","2666","mpah:110326810","gene","http://www.kegg.jp/dbget-bin/www_bget?mpah:110326810",NA,"rn:R05992",NA,NA,NA,"line",NA,NA,"#99CCFF","#FFFFFF",0,"01100"
"entry4553","2667","mpah:110324361","gene","http://www.kegg.jp/dbget-bin/www_bget?mpah:110324361",NA,"rn:R05988",NA,NA,NA,"line",NA,NA,"#99CCFF","#FFFFFF",0,"01100"
"entry4554","2668","mpah:110321517 / mpah:110322866 / mpah:110338771","gene","http://www.kegg.jp/dbget-bin/www_bget?mpah:110321517+mpah:110322866+mpah:110338771",NA,"rn:R05989",NA,NA,NA,"line",NA,NA,"#99CCFF","#FFFFFF",0,"01100"
"entry4555","2669","mpah:110329758 / mpah:110335627","gene","http://www.kegg.jp/dbget-bin/www_bget?mpah:110329758+mpah:110335627",NA,"rn:R05990",NA,NA,NA,"line",NA,NA,"#99CCFF","#FFFFFF",0,"01100"
"entry4556","2676","mpah:110312748 / mpah:110315982 / mpah:110317026 / mpah:110317624 / mpah:110318452 / mpah:110318505 / mpah:110319005 / mpah:110323422 / mpah:110324173 / mpah:110325661 / mpah:110326719 / mpah:110331328 / mpah:110333148 / mpah:110334882 / mpah:110335558 / mpah:110336265 / mpah:110336310 / mpah:110337314 / mpah:110339070","gene","http://www.kegg.jp/dbget-bin/www_bget?mpah:110312748+mpah:110315982+mpah:110317026+mpah:110317624+mpah:110318452+mpah:110318505+mpah:110319005+mpah:110323422+mpah:110324173+mpah:110325661+mpah:110326719+mpah:110331328+mpah:110333148+mpah:110334882+mpah:110335558+mpah:110336265+mpah:110336310+mpah:110337314+mpah:110339070",NA,"rn:R05907",NA,NA,NA,"line",NA,NA,"#99CCFF","#FFFFFF",0,"01100"
"entry4557","2678","mpah:110334937 / mpah:110337301","gene","http://www.kegg.jp/dbget-bin/www_bget?mpah:110334937+mpah:110337301",NA,"rn:R05913",NA,NA,NA,"line",NA,NA,"#99CCFF","#FFFFFF",0,"01100"
"entry4558","2679","mpah:110331893 / mpah:110332478","gene","http://www.kegg.jp/dbget-bin/www_bget?mpah:110331893+mpah:110332478",NA,"rn:R05914",NA,NA,NA,"line",NA,NA,"#99CCFF","#FFFFFF",0,"01100"
"entry4559","2683","mpah:110317299 / mpah:110320892 / mpah:110321900 / mpah:110333105","gene","http://www.kegg.jp/dbget-bin/www_bget?mpah:110317299+mpah:110320892+mpah:110321900+mpah:110333105",NA,"rn:R05931",NA,NA,NA,"line",NA,NA,"#99CCFF","#FFFFFF",0,"01100"
"entry4560","2711","mpah:110313559 / mpah:110319143 / mpah:110321765 / mpah:110324435 / mpah:110328672 / mpah:110329717 / mpah:110338034","gene","http://www.kegg.jp/dbget-bin/www_bget?mpah:110313559+mpah:110319143+mpah:110321765+mpah:110324435+mpah:110328672+mpah:110329717+mpah:110338034",NA,"rn:R05916",NA,NA,NA,"line",NA,NA,"#99CCFF","#FFFFFF",0,"01100"
"entry4561","2712","mpah:110320827 / mpah:110323314 / mpah:110338973","gene","http://www.kegg.jp/dbget-bin/www_bget?mpah:110320827+mpah:110323314+mpah:110338973",NA,"rn:R01497 rn:R01498",NA,NA,NA,"line",NA,NA,"#80CCB3","#FFFFFF",0,"01100"
"entry4562","2713","mpah:110317537 / mpah:110329546","gene","http://www.kegg.jp/dbget-bin/www_bget?mpah:110317537+mpah:110329546",NA,"rn:R05971",NA,NA,NA,"line",NA,NA,"#99CCFF","#FFFFFF",0,"01100"
"entry4563","2714","mpah:110327367 / mpah:110333156","gene","http://www.kegg.jp/dbget-bin/www_bget?mpah:110327367+mpah:110333156",NA,"rn:R03354 rn:R03355",NA,NA,NA,"line",NA,NA,"#80CCB3","#FFFFFF",0,"01100"
"entry4564","2715","mpah:110321517 / mpah:110322866 / mpah:110329539 / mpah:110338771","gene","http://www.kegg.jp/dbget-bin/www_bget?mpah:110321517+mpah:110322866+mpah:110329539+mpah:110338771",NA,"rn:R05977",NA,NA,NA,"line",NA,NA,"#99CCFF","#FFFFFF",0,"01100"
"entry4565","2716","mpah:110334098 / mpah:110334752 / mpah:110335813","gene","http://www.kegg.jp/dbget-bin/www_bget?mpah:110334098+mpah:110334752+mpah:110335813",NA,"rn:R06024",NA,NA,NA,"line",NA,NA,"#99CCFF","#FFFFFF",0,"01100"
"entry4566","2717","mpah:110329727","gene","http://www.kegg.jp/dbget-bin/www_bget?mpah:110329727",NA,"rn:R06026",NA,NA,NA,"line",NA,NA,"#99CCFF","#FFFFFF",0,"01100"
"entry4567","2718","mpah:110321517 / mpah:110329539 / mpah:110338771","gene","http://www.kegg.jp/dbget-bin/www_bget?mpah:110321517+mpah:110329539+mpah:110338771",NA,"rn:R06033",NA,NA,NA,"line",NA,NA,"#99CCFF","#FFFFFF",0,"01100"
"entry4568","2720","mpah:110315370 / mpah:110319406","gene","http://www.kegg.jp/dbget-bin/www_bget?mpah:110315370+mpah:110319406",NA,"rn:R06197",NA,NA,NA,"line",NA,NA,"#99CCFF","#FFFFFF",0,"01100"
"entry4569","2721","mpah:110318756 / mpah:110321863 / mpah:110330176","gene","http://www.kegg.jp/dbget-bin/www_bget?mpah:110318756+mpah:110321863+mpah:110330176",NA,"rn:R06006",NA,NA,NA,"line",NA,NA,"#99CCFF","#FFFFFF",0,"01100"
"entry4570","2722","mpah:110315370 / mpah:110319406","gene","http://www.kegg.jp/dbget-bin/www_bget?mpah:110315370+mpah:110319406",NA,"rn:R06029",NA,NA,NA,"line",NA,NA,"#99CCFF","#FFFFFF",0,"01100"
"entry4571","2723","mpah:110313589 / mpah:110335243","gene","http://www.kegg.jp/dbget-bin/www_bget?mpah:110313589+mpah:110335243",NA,"rn:R05960 rn:R05961",NA,NA,NA,"line",NA,NA,"#99CCFF","#FFFFFF",0,"01100"
"entry4572","2724","mpah:110320437 / mpah:110327739 / mpah:110328763","gene","http://www.kegg.jp/dbget-bin/www_bget?mpah:110320437+mpah:110327739+mpah:110328763",NA,"rn:R05962 rn:R05963",NA,NA,NA,"line",NA,NA,"#99CCFF","#FFFFFF",0,"01100"
"entry4573","2725","mpah:110330176","gene","http://www.kegg.jp/dbget-bin/www_bget?mpah:110330176",NA,"rn:R05964",NA,NA,NA,"line",NA,NA,"#99CCFF","#FFFFFF",0,"01100"
"entry4574","2726","mpah:110334937 / mpah:110337301","gene","http://www.kegg.jp/dbget-bin/www_bget?mpah:110334937+mpah:110337301",NA,"rn:R05967",NA,NA,NA,"line",NA,NA,"#99CCFF","#FFFFFF",0,"01100"
"entry4575","2727","mpah:110319298 / mpah:110334850","gene","http://www.kegg.jp/dbget-bin/www_bget?mpah:110319298+mpah:110334850",NA,"rn:R05965 rn:R05966",NA,NA,NA,"line",NA,NA,"#99CCFF","#FFFFFF",0,"01100"
"entry4576","2728","mpah:110334098 / mpah:110334752 / mpah:110335813","gene","http://www.kegg.jp/dbget-bin/www_bget?mpah:110334098+mpah:110334752+mpah:110335813",NA,"rn:R05968",NA,NA,NA,"line",NA,NA,"#99CCFF","#FFFFFF",0,"01100"
"entry4577","2729","mpah:110316218","gene","http://www.kegg.jp/dbget-bin/www_bget?mpah:110316218",NA,"rn:R05937",NA,NA,NA,"line",NA,NA,"#99CCFF","#FFFFFF",0,"01100"
"entry4578","2730","mpah:110326328 / mpah:110327739 / mpah:110328763","gene","http://www.kegg.jp/dbget-bin/www_bget?mpah:110326328+mpah:110327739+mpah:110328763",NA,"rn:R05939 rn:R06004",NA,NA,NA,"line",NA,NA,"#99CCFF","#FFFFFF",0,"01100"
"entry4579","2731","mpah:110327367 / mpah:110335875","gene","http://www.kegg.jp/dbget-bin/www_bget?mpah:110327367+mpah:110335875",NA,"rn:R05941 rn:R06010",NA,NA,NA,"line",NA,NA,"#99CCFF","#FFFFFF",0,"01100"
"entry4580","2732","mpah:110334937 / mpah:110337301","gene","http://www.kegg.jp/dbget-bin/www_bget?mpah:110334937+mpah:110337301",NA,"rn:R05942",NA,NA,NA,"line",NA,NA,"#99CCFF","#FFFFFF",0,"01100"
"entry4581","2733","mpah:110333280","gene","http://www.kegg.jp/dbget-bin/www_bget?mpah:110333280",NA,"rn:R05943",NA,NA,NA,"line",NA,NA,"#99CCFF","#FFFFFF",0,"01100"
"entry4582","2734","mpah:110316454","gene","http://www.kegg.jp/dbget-bin/www_bget?mpah:110316454",NA,"rn:R05940",NA,NA,NA,"line",NA,NA,"#99CCFF","#FFFFFF",0,"01100"
"entry4583","2735","mpah:110326328","gene","http://www.kegg.jp/dbget-bin/www_bget?mpah:110326328",NA,"rn:R05946",NA,NA,NA,"line",NA,NA,"#99CCFF","#FFFFFF",0,"01100"
"entry4584","2736","mpah:110335875","gene","http://www.kegg.jp/dbget-bin/www_bget?mpah:110335875",NA,"rn:R05948",NA,NA,NA,"line",NA,NA,"#99CCFF","#FFFFFF",0,"01100"
"entry4585","2737","mpah:110334937 / mpah:110337301","gene","http://www.kegg.jp/dbget-bin/www_bget?mpah:110334937+mpah:110337301",NA,"rn:R05949",NA,NA,NA,"line",NA,NA,"#99CCFF","#FFFFFF",0,"01100"
"entry4586","2738","mpah:110333280","gene","http://www.kegg.jp/dbget-bin/www_bget?mpah:110333280",NA,"rn:R05950",NA,NA,NA,"line",NA,NA,"#99CCFF","#FFFFFF",0,"01100"
"entry4587","2739","mpah:110316454 / mpah:110333280","gene","http://www.kegg.jp/dbget-bin/www_bget?mpah:110316454+mpah:110333280",NA,"rn:R05947",NA,NA,NA,"line",NA,NA,"#99CCFF","#FFFFFF",0,"01100"
"entry4588","2740","mpah:110326328","gene","http://www.kegg.jp/dbget-bin/www_bget?mpah:110326328",NA,"rn:R05952",NA,NA,NA,"line",NA,NA,"#99CCFF","#FFFFFF",0,"01100"
"entry4589","2741","mpah:110335875","gene","http://www.kegg.jp/dbget-bin/www_bget?mpah:110335875",NA,"rn:R05953",NA,NA,NA,"line",NA,NA,"#99CCFF","#FFFFFF",0,"01100"
"entry4590","2744","mpah:110326328","gene","http://www.kegg.jp/dbget-bin/www_bget?mpah:110326328",NA,"rn:R05938",NA,NA,NA,"line",NA,NA,"#99CCFF","#FFFFFF",0,"01100"
"entry4591","2745","mpah:110335875","gene","http://www.kegg.jp/dbget-bin/www_bget?mpah:110335875",NA,"rn:R05956",NA,NA,NA,"line",NA,NA,"#99CCFF","#FFFFFF",0,"01100"
"entry4592","2746","mpah:110334937 / mpah:110337301","gene","http://www.kegg.jp/dbget-bin/www_bget?mpah:110334937+mpah:110337301",NA,"rn:R05957",NA,NA,NA,"line",NA,NA,"#99CCFF","#FFFFFF",0,"01100"
"entry4593","2747","mpah:110333280","gene","http://www.kegg.jp/dbget-bin/www_bget?mpah:110333280",NA,"rn:R05958",NA,NA,NA,"line",NA,NA,"#99CCFF","#FFFFFF",0,"01100"
"entry4594","2748","mpah:110318144","gene","http://www.kegg.jp/dbget-bin/www_bget?mpah:110318144",NA,"rn:R05945",NA,NA,NA,"line",NA,NA,"#99CCFF","#FFFFFF",0,"01100"
"entry4595","2749","mpah:110318144","gene","http://www.kegg.jp/dbget-bin/www_bget?mpah:110318144",NA,"rn:R05951",NA,NA,NA,"line",NA,NA,"#99CCFF","#FFFFFF",0,"01100"
"entry4596","2750","mpah:110318144 / mpah:110318527 / mpah:110320284 / mpah:110320394","gene","http://www.kegg.jp/dbget-bin/www_bget?mpah:110318144+mpah:110318527+mpah:110320284+mpah:110320394",NA,"rn:R05959",NA,NA,NA,"line",NA,NA,"#99CCFF","#FFFFFF",0,"01100"
"entry4597","2754","mpah:110320033","gene","http://www.kegg.jp/dbget-bin/www_bget?mpah:110320033",NA,NA,NA,NA,NA,"line",NA,NA,"#99CCFF","#FFFFFF",0,"01100"
"entry4598","2755","mpah:110320033","gene","http://www.kegg.jp/dbget-bin/www_bget?mpah:110320033",NA,NA,NA,NA,NA,"line",NA,NA,"#99CCFF","#FFFFFF",0,"01100"
"entry4599","2756","mpah:110323013","gene","http://www.kegg.jp/dbget-bin/www_bget?mpah:110323013",NA,"rn:R06238",NA,NA,NA,"line",NA,NA,"#99CCFF","#FFFFFF",0,"01100"
"entry4600","2757","mpah:110327600","gene","http://www.kegg.jp/dbget-bin/www_bget?mpah:110327600",NA,"rn:R05969",NA,NA,NA,"line",NA,NA,"#99CCFF","#FFFFFF",0,"01100"
"entry4601","2800","mpah:110329212","gene","http://www.kegg.jp/dbget-bin/www_bget?mpah:110329212",NA,"rn:R06835",NA,NA,NA,"line",NA,NA,"#DA8E82","#FFFFFF",0,"01100"
"entry4602","2811","mpah:110319844","gene","http://www.kegg.jp/dbget-bin/www_bget?mpah:110319844",NA,"rn:R05233",NA,NA,NA,"line",NA,NA,"#DA8E82","#FFFFFF",0,"01100"
"entry4603","2812","mpah:110313054 / mpah:110323147 / mpah:110331656","gene","http://www.kegg.jp/dbget-bin/www_bget?mpah:110313054+mpah:110323147+mpah:110331656",NA,"rn:R05237",NA,NA,NA,"line",NA,NA,"#DA8E82","#FFFFFF",0,"01100"
"entry4604","2815","mpah:110319844","gene","http://www.kegg.jp/dbget-bin/www_bget?mpah:110319844",NA,"rn:R05234",NA,NA,NA,"line",NA,NA,"#DA8E82","#FFFFFF",0,"01100"
"entry4605","2816","mpah:110313054 / mpah:110323147 / mpah:110331656","gene","http://www.kegg.jp/dbget-bin/www_bget?mpah:110313054+mpah:110323147+mpah:110331656",NA,"rn:R05238",NA,NA,NA,"line",NA,NA,"#DA8E82","#FFFFFF",0,"01100"
"entry4606","2825","mpah:110313054 / mpah:110323147 / mpah:110331656","gene","http://www.kegg.jp/dbget-bin/www_bget?mpah:110313054+mpah:110323147+mpah:110331656",NA,"rn:R05286",NA,NA,NA,"line",NA,NA,"#DA8E82","#FFFFFF",0,"01100"
"entry4607","2832","mpah:110325104","gene","http://www.kegg.jp/dbget-bin/www_bget?mpah:110325104",NA,"rn:R05842",NA,NA,NA,"line",NA,NA,"#DA8E82","#FFFFFF",0,"01100"
"entry4608","2835","mpah:110316784 / mpah:110325520 / mpah:110325535 / mpah:110327470 / mpah:110331990","gene","http://www.kegg.jp/dbget-bin/www_bget?mpah:110316784+mpah:110325520+mpah:110325535+mpah:110327470+mpah:110331990",NA,"rn:R02536 rn:R02537",NA,NA,NA,"line",NA,NA,"#DA8E82","#FFFFFF",0,"01100"
"entry4609","2843","mpah:110329212","gene","http://www.kegg.jp/dbget-bin/www_bget?mpah:110329212",NA,"rn:R05511",NA,NA,NA,"line",NA,NA,"#DA8E82","#FFFFFF",0,"01100"
"entry4610","2909","mpah:110329212","gene","http://www.kegg.jp/dbget-bin/www_bget?mpah:110329212",NA,"rn:R08121",NA,NA,NA,"line",NA,NA,"#DA8E82","#FFFFFF",0,"01100"
"entry4611","2912","mpah:110332205","gene","http://www.kegg.jp/dbget-bin/www_bget?mpah:110332205",NA,"rn:R01708 rn:R01711",NA,NA,NA,"line",NA,NA,"#FFB3CC","#FFFFFF",0,"01100"
"entry4612","2913","mpah:110332205","gene","http://www.kegg.jp/dbget-bin/www_bget?mpah:110332205",NA,"rn:R01710",NA,NA,NA,"line",NA,NA,"#FFB3CC","#FFFFFF",0,"01100"
"entry4613","2914","mpah:110318918 / mpah:110326837 / mpah:110334906 / mpah:110337958","gene","http://www.kegg.jp/dbget-bin/www_bget?mpah:110318918+mpah:110326837+mpah:110334906+mpah:110337958",NA,"rn:R01909 rn:R01911",NA,NA,NA,"line",NA,NA,"#FFB3CC","#FFFFFF",0,"01100"
"entry4614","2915","mpah:110332205","gene","http://www.kegg.jp/dbget-bin/www_bget?mpah:110332205",NA,"rn:R00278",NA,NA,NA,"line",NA,NA,"#FFB3CC","#FFFFFF",0,"01100"
"entry4615","2916","mpah:110332205","gene","http://www.kegg.jp/dbget-bin/www_bget?mpah:110332205",NA,"rn:R00277",NA,NA,NA,"line",NA,NA,"#FFB3CC","#FFFFFF",0,"01100"
"entry4616","2917","mpah:110318918 / mpah:110326837 / mpah:110334906 / mpah:110337958","gene","http://www.kegg.jp/dbget-bin/www_bget?mpah:110318918+mpah:110326837+mpah:110334906+mpah:110337958",NA,"rn:R02493 rn:R02494",NA,NA,NA,"line",NA,NA,"#FFB3CC","#FFFFFF",0,"01100"
"entry4617","2918","mpah:110321275 / mpah:110321290 / mpah:110321921","gene","http://www.kegg.jp/dbget-bin/www_bget?mpah:110321275+mpah:110321290+mpah:110321921",NA,"rn:R01709",NA,NA,NA,"line",NA,NA,"#FFB3CC","#FFFFFF",0,"01100"
"entry4618","2921","mpah:110318536 / mpah:110320914 / mpah:110322980 / mpah:110331557","gene","http://www.kegg.jp/dbget-bin/www_bget?mpah:110318536+mpah:110320914+mpah:110322980+mpah:110331557",NA,"rn:R03018",NA,NA,NA,"line",NA,NA,"#FFB3CC","#FFFFFF",0,"01100"
"entry4619","2922","mpah:110323533","gene","http://www.kegg.jp/dbget-bin/www_bget?mpah:110323533",NA,"rn:R04230 rn:R04231",NA,NA,NA,"line",NA,NA,"#FFB3CC","#FFFFFF",0,"01100"
"entry4620","2923","mpah:110331632","gene","http://www.kegg.jp/dbget-bin/www_bget?mpah:110331632",NA,"rn:R00130",NA,NA,NA,"line",NA,NA,"#FFB3CC","#FFFFFF",0,"01100"
"entry4621","2924","mpah:110327952","gene","http://www.kegg.jp/dbget-bin/www_bget?mpah:110327952",NA,"rn:R03269",NA,NA,NA,"line",NA,NA,"#FFB3CC","#FFFFFF",0,"01100"
"entry4622","2927","mpah:110329965","gene","http://www.kegg.jp/dbget-bin/www_bget?mpah:110329965",NA,"rn:R01074",NA,NA,NA,"line",NA,NA,"#FFB3CC","#FFFFFF",0,"01100"
"entry4623","2928","mpah:110329965","gene","http://www.kegg.jp/dbget-bin/www_bget?mpah:110329965",NA,"rn:R05145",NA,NA,NA,"line",NA,NA,"#FFB3CC","#FFFFFF",0,"01100"
"entry4624","2929","mpah:110322852","gene","http://www.kegg.jp/dbget-bin/www_bget?mpah:110322852",NA,"rn:R03197",NA,NA,NA,"line",NA,NA,"#FFB3CC","#FFFFFF",0,"01100"
"entry4625","2930","mpah:110329867","gene","http://www.kegg.jp/dbget-bin/www_bget?mpah:110329867",NA,"rn:R03220 rn:R06895",NA,NA,NA,"line",NA,NA,"#FFB3CC","#FFFFFF",0,"01100"
"entry4626","2931","mpah:110321726","gene","http://www.kegg.jp/dbget-bin/www_bget?mpah:110321726",NA,"rn:R03222 rn:R09489",NA,NA,NA,"line",NA,NA,"#FFB3CC","#FFFFFF",0,"01100"
"entry4627","2932","mpah:110333084","gene","http://www.kegg.jp/dbget-bin/www_bget?mpah:110333084",NA,"rn:R00310",NA,NA,NA,"line",NA,NA,"#FFB3CC","#FFFFFF",0,"01100"
"entry4628","2940","mpah:110313039","gene","http://www.kegg.jp/dbget-bin/www_bget?mpah:110313039",NA,"rn:R05220",NA,NA,NA,"line",NA,NA,"#FFB3CC","#FFFFFF",0,"01100"
"entry4629","2946","mpah:110331632 / mpah:110337984 / mpah:110338036","gene","http://www.kegg.jp/dbget-bin/www_bget?mpah:110331632+mpah:110337984+mpah:110338036",NA,"rn:R03035 rn:R03036",NA,NA,NA,"line",NA,NA,"#FFB3CC","#FFFFFF",0,"01100"
"entry4630","2955","mpah:110321220","gene","http://www.kegg.jp/dbget-bin/www_bget?mpah:110321220",NA,"rn:R05085",NA,NA,NA,"line",NA,NA,"#FFB3CC","#FFFFFF",0,"01100"
"entry4631","2960","mpah:110312811 / mpah:110313181 / mpah:110314995 / mpah:110315701 / mpah:110315884 / mpah:110321409 / mpah:110323111 / mpah:110323251 / mpah:110323340 / mpah:110323372 / mpah:110323386 / mpah:110323498 / mpah:110328034 / mpah:110329381","gene","http://www.kegg.jp/dbget-bin/www_bget?mpah:110312811+mpah:110313181+mpah:110314995+mpah:110315701+mpah:110315884+mpah:110321409+mpah:110323111+mpah:110323251+mpah:110323340+mpah:110323372+mpah:110323386+mpah:110323498+mpah:110328034+mpah:110329381",NA,"rn:R07055",NA,NA,NA,"line",NA,NA,"#80CCB3","#FFFFFF",0,"01100"
"entry4632","2961","mpah:110332116","gene","http://www.kegg.jp/dbget-bin/www_bget?mpah:110332116",NA,"rn:R03626",NA,NA,NA,"line",NA,NA,"#80CCB3","#FFFFFF",0,"01100"
"entry4633","2962","mpah:110325104","gene","http://www.kegg.jp/dbget-bin/www_bget?mpah:110325104",NA,"rn:R07108",NA,NA,NA,"line",NA,NA,"#80CCB3","#FFFFFF",0,"01100"
"entry4634","2963","mpah:110322485 / mpah:110323294 / mpah:110323710 / mpah:110324488 / mpah:110326500 / mpah:110328777 / mpah:110332158","gene","http://www.kegg.jp/dbget-bin/www_bget?mpah:110322485+mpah:110323294+mpah:110323710+mpah:110324488+mpah:110326500+mpah:110328777+mpah:110332158",NA,"rn:R01926 rn:R06521",NA,NA,NA,"line",NA,NA,"#80CCB3","#FFFFFF",0,"01100"
"entry4635","2967","mpah:110312771 / mpah:110331113 / mpah:110337530","gene","http://www.kegg.jp/dbget-bin/www_bget?mpah:110312771+mpah:110331113+mpah:110337530",NA,"rn:R00233 rn:R00353 rn:R00742",NA,NA,NA,"line",NA,NA,"#B3B3E6","#FFFFFF",0,"01100"
"entry4636","2968","mpah:110324726","gene","http://www.kegg.jp/dbget-bin/www_bget?mpah:110324726",NA,"rn:R00315 rn:R00317 rn:R00320",NA,NA,NA,"line",NA,NA,"#B3B3E6","#FFFFFF",0,"01100"
"entry4637","2969","mpah:110321867","gene","http://www.kegg.jp/dbget-bin/www_bget?mpah:110321867",NA,"rn:R00667",NA,NA,NA,"line",NA,NA,"#FFCC66","#FFFFFF",0,"01100"
"entry4638","2970","mpah:110324296 / mpah:110327492 / mpah:110327655 / mpah:110328451 / mpah:110333199 / mpah:110338406 / mpah:110338461","gene","http://www.kegg.jp/dbget-bin/www_bget?mpah:110324296+mpah:110327492+mpah:110327655+mpah:110328451+mpah:110333199+mpah:110338406+mpah:110338461",NA,"rn:R00238",NA,NA,NA,"line",NA,NA,"#80CCCC","#FFFFFF",0,"01100"
"entry4639","2972","mpah:110315932 / mpah:110316482 / mpah:110330685","gene","http://www.kegg.jp/dbget-bin/www_bget?mpah:110315932+mpah:110316482+mpah:110330685",NA,"rn:R01518",NA,NA,NA,"line",NA,NA,"#6C63F6","#FFFFFF",0,"01100"
"entry4640","2973","mpah:110332726","gene","http://www.kegg.jp/dbget-bin/www_bget?mpah:110332726",NA,"rn:R06171",NA,NA,NA,"line",NA,NA,"#FFCC66","#FFFFFF",0,"01100"
"entry4641","2974","mpah:110318132","gene","http://www.kegg.jp/dbget-bin/www_bget?mpah:110318132",NA,"rn:R03425",NA,NA,NA,"line",NA,NA,"#FFCC66","#FFFFFF",0,"01100"
"entry4642","2975","mpah:110316418","gene","http://www.kegg.jp/dbget-bin/www_bget?mpah:110316418",NA,"rn:R00715 rn:R00716",NA,NA,NA,"line",NA,NA,"#FFCC66","#FFFFFF",0,"01100"
"entry4643","2976","mpah:110319959 / mpah:110320867 / mpah:110320868 / mpah:110320987","gene","http://www.kegg.jp/dbget-bin/www_bget?mpah:110319959+mpah:110320867+mpah:110320868+mpah:110320987",NA,"rn:R02112",NA,NA,NA,"line",NA,NA,"#B3B3E6","#FFFFFF",0,"01100"
"entry4644","2978","mpah:110312743 / mpah:110323452 / mpah:110331449","gene","http://www.kegg.jp/dbget-bin/www_bget?mpah:110312743+mpah:110323452+mpah:110331449",NA,"rn:R02568",NA,NA,NA,"line",NA,NA,"#B3B3E6","#FFFFFF",0,"01100"
"entry4645","2981","mpah:110333808","gene","http://www.kegg.jp/dbget-bin/www_bget?mpah:110333808",NA,"rn:R02765",NA,NA,NA,"line",NA,NA,"#B3B3E6","#FFFFFF",0,"01100"
"entry4646","2983","mpah:110318399 / mpah:110320614 / mpah:110338833","gene","http://www.kegg.jp/dbget-bin/www_bget?mpah:110318399+mpah:110320614+mpah:110338833",NA,"rn:R00465 rn:R00475 rn:R00476 rn:R00717",NA,NA,NA,"line",NA,NA,"#B3B3E6","#FFFFFF",0,"01100"
"entry4647","2984","mpah:110338090","gene","http://www.kegg.jp/dbget-bin/www_bget?mpah:110338090",NA,"rn:R01334",NA,NA,NA,"line",NA,NA,"#B3B3E6","#FFFFFF",0,"01100"
"entry4648","2985","mpah:110312894 / mpah:110330653 / mpah:110331272","gene","http://www.kegg.jp/dbget-bin/www_bget?mpah:110312894+mpah:110330653+mpah:110331272",NA,"rn:R00919 rn:R04432 rn:R10161 rn:R12356",NA,NA,NA,"line",NA,NA,"#B3B3E6","#FFFFFF",0,"01100"
"entry4649","2986","mpah:110316032 / mpah:110323274 / mpah:110324507 / mpah:110325118 / mpah:110326344","gene","http://www.kegg.jp/dbget-bin/www_bget?mpah:110316032+mpah:110323274+mpah:110324507+mpah:110325118+mpah:110326344",NA,"rn:R01176 rn:R01179",NA,NA,NA,"line",NA,NA,"#B3B3E6","#FFFFFF",0,"01100"
"entry4650","2989","mpah:110316008 / mpah:110323736 / mpah:110331427 / mpah:110337303","gene","http://www.kegg.jp/dbget-bin/www_bget?mpah:110316008+mpah:110323736+mpah:110331427+mpah:110337303",NA,"rn:R00658",NA,NA,NA,"line",NA,NA,"#6C63F6","#FFFFFF",0,"01100"
"entry4651","2991","mpah:110332410","gene","http://www.kegg.jp/dbget-bin/www_bget?mpah:110332410",NA,"rn:R00259",NA,NA,NA,"line",NA,NA,"#FFCC66","#FFFFFF",0,"01100"
"entry4652","2992","mpah:110324844","gene","http://www.kegg.jp/dbget-bin/www_bget?mpah:110324844",NA,"rn:R00575",NA,NA,NA,"line",NA,NA,"#FFCC66","#FFFFFF",0,"01100"
"entry4653","2996","mpah:110327286","gene","http://www.kegg.jp/dbget-bin/www_bget?mpah:110327286",NA,"rn:R04884",NA,NA,NA,"line",NA,NA,"#FFCC66","#FFFFFF",0,"01100"
"entry4654","2997","mpah:110325053","gene","http://www.kegg.jp/dbget-bin/www_bget?mpah:110325053",NA,"rn:R03673",NA,NA,NA,"line",NA,NA,"#FFCC66","#FFFFFF",0,"01100"
"entry4655","2998","mpah:110316784 / mpah:110325520 / mpah:110325535 / mpah:110327470 / mpah:110331990","gene","http://www.kegg.jp/dbget-bin/www_bget?mpah:110316784+mpah:110325520+mpah:110325535+mpah:110327470+mpah:110331990",NA,"rn:R03300 rn:R03302",NA,NA,NA,"line",NA,NA,"#FFCC66","#FFFFFF",0,"01100"
"entry4656","2999","mpah:110314555 / mpah:110330916 / mpah:110333379","gene","http://www.kegg.jp/dbget-bin/www_bget?mpah:110314555+mpah:110330916+mpah:110333379",NA,"rn:R00841 rn:R00847",NA,NA,NA,"line",NA,NA,"#80CCB3","#FFFFFF",0,"01100"
"entry4657","3000","mpah:110326294","gene","http://www.kegg.jp/dbget-bin/www_bget?mpah:110326294",NA,"rn:R03057",NA,NA,NA,"line",NA,NA,"#80CCB3","#FFFFFF",0,"01100"
"entry4658","3003","mpah:110326870","gene","http://www.kegg.jp/dbget-bin/www_bget?mpah:110326870",NA,"rn:R04666",NA,NA,NA,"line",NA,NA,"#FF8080","#FFFFFF",0,"01100"
"entry4659","3006","mpah:110313838 / mpah:110320141 / mpah:110330110","gene","http://www.kegg.jp/dbget-bin/www_bget?mpah:110313838+mpah:110320141+mpah:110330110",NA,"rn:R04203",NA,NA,NA,"line",NA,NA,"#FFCC66","#FFFFFF",0,"01100"
"entry4660","3007","mpah:110319307 / mpah:110325228","gene","http://www.kegg.jp/dbget-bin/www_bget?mpah:110319307+mpah:110325228",NA,"rn:R00341 rn:R00345 rn:R00346 rn:R00431 rn:R00726",NA,NA,NA,"line",NA,NA,"#B3B3E6","#FFFFFF",0,"01100"
"entry4661","3008","mpah:110322171","gene","http://www.kegg.jp/dbget-bin/www_bget?mpah:110322171",NA,"rn:R00217 rn:R00344 rn:R12212",NA,NA,NA,"line",NA,NA,"#B3B3E6","#FFFFFF",0,"01100"
"entry4662","3009","mpah:110314383 / mpah:110319257 / mpah:110326557 / mpah:110326866 / mpah:110327365 / mpah:110330598 / mpah:110332154 / mpah:110332429 / mpah:110334200","gene","http://www.kegg.jp/dbget-bin/www_bget?mpah:110314383+mpah:110319257+mpah:110326557+mpah:110326866+mpah:110327365+mpah:110330598+mpah:110332154+mpah:110332429+mpah:110334200",NA,"rn:R01786 rn:R01788 rn:R02738 rn:R02189 rn:R09085",NA,NA,NA,"line",NA,NA,"#6C63F6","#FFFFFF",0,"01100"
"entry4663","3010","mpah:110325840","gene","http://www.kegg.jp/dbget-bin/www_bget?mpah:110325840",NA,"rn:R01827",NA,NA,NA,"line",NA,NA,"#6C63F6","#FFFFFF",0,"01100"
"entry4664","3012","mpah:110314346 / mpah:110325636 / mpah:110336991","gene","http://www.kegg.jp/dbget-bin/www_bget?mpah:110314346+mpah:110325636+mpah:110336991",NA,"rn:R01830",NA,NA,NA,"line",NA,NA,"#6C63F6","#FFFFFF",0,"01100"
"entry4665","3014","mpah:110314346 / mpah:110325636 / mpah:110336991","gene","http://www.kegg.jp/dbget-bin/www_bget?mpah:110314346+mpah:110325636+mpah:110336991",NA,"rn:R01641",NA,NA,NA,"line",NA,NA,"#8080F7","#FFFFFF",0,"01100"
"entry4666","3016","mpah:110317057","gene","http://www.kegg.jp/dbget-bin/www_bget?mpah:110317057",NA,"rn:R01056",NA,NA,NA,"line",NA,NA,"#6C63F6","#FFFFFF",0,"01100"
"entry4667","3017","mpah:110321811 / mpah:110333010","gene","http://www.kegg.jp/dbget-bin/www_bget?mpah:110321811+mpah:110333010",NA,"rn:R01529",NA,NA,NA,"line",NA,NA,"#6C63F6","#FFFFFF",0,"01100"
"entry4668","3025","mpah:110315378 / mpah:110319834 / mpah:110319836 / mpah:110320478 / mpah:110320490","gene","http://www.kegg.jp/dbget-bin/www_bget?mpah:110315378+mpah:110319834+mpah:110319836+mpah:110320478+mpah:110320490",NA,"rn:R02216",NA,NA,NA,"line",NA,NA,"#80CCCC","#FFFFFF",0,"01100"
"entry4669","3026","mpah:110334801","gene","http://www.kegg.jp/dbget-bin/www_bget?mpah:110334801",NA,"rn:R08517",NA,NA,NA,"line",NA,NA,"#80CCCC","#FFFFFF",0,"01100"
"entry4670","3028","mpah:110330601","gene","http://www.kegg.jp/dbget-bin/www_bget?mpah:110330601",NA,"rn:R02080",NA,NA,NA,"line",NA,NA,"#FFCC66","#FFFFFF",0,"01100"
"entry4671","3029","mpah:110313452 / mpah:110313782","gene","http://www.kegg.jp/dbget-bin/www_bget?mpah:110313452+mpah:110313782",NA,"rn:R02532",NA,NA,NA,"line",NA,NA,"#FFCC66","#FFFFFF",0,"01100"
"entry4672","3030","mpah:110313452 / mpah:110313782","gene","http://www.kegg.jp/dbget-bin/www_bget?mpah:110313452+mpah:110313782",NA,"rn:R02919",NA,NA,NA,"line",NA,NA,"#FFCC66","#FFFFFF",0,"01100"
"entry4673","3031","mpah:110316493 / mpah:110329689","gene","http://www.kegg.jp/dbget-bin/www_bget?mpah:110316493+mpah:110329689",NA,"rn:R02920",NA,NA,NA,"line",NA,NA,"#FFCC66","#FFFFFF",0,"01100"
"entry4674","3032","mpah:110313452 / mpah:110313782","gene","http://www.kegg.jp/dbget-bin/www_bget?mpah:110313452+mpah:110313782",NA,"rn:R04893",NA,NA,NA,"line",NA,NA,"#FFCC66","#FFFFFF",0,"01100"
"entry4675","3036","mpah:110313975","gene","http://www.kegg.jp/dbget-bin/www_bget?mpah:110313975",NA,"rn:R00966",NA,NA,NA,"line",NA,NA,"#FF8080","#FFFFFF",0,"01100"
"entry4676","3037","mpah:110323387 / mpah:110324821 / mpah:110333566","gene","http://www.kegg.jp/dbget-bin/www_bget?mpah:110323387+mpah:110324821+mpah:110333566",NA,"rn:R01665 rn:R01667",NA,NA,NA,"line",NA,NA,"#FF8080","#FFFFFF",0,"01100"
"entry4677","3038","mpah:110336549","gene","http://www.kegg.jp/dbget-bin/www_bget?mpah:110336549",NA,"rn:R01663",NA,NA,NA,"line",NA,NA,"#FF8080","#FFFFFF",0,"01100"
"entry4678","3039","mpah:110321275 / mpah:110321290 / mpah:110321921","gene","http://www.kegg.jp/dbget-bin/www_bget?mpah:110321275+mpah:110321290+mpah:110321921",NA,"rn:R02655 rn:R02657",NA,NA,NA,"line",NA,NA,"#FFCC66","#FFFFFF",0,"01100"
"entry4679","3044","mpah:110321548 / mpah:110323726 / mpah:110324379 / mpah:110331259 / mpah:110337421 / mpah:110337538","gene","http://www.kegg.jp/dbget-bin/www_bget?mpah:110321548+mpah:110323726+mpah:110324379+mpah:110331259+mpah:110337421+mpah:110337538",NA,"rn:R00729 rn:R00734 rn:R09254 rn:R09830",NA,NA,NA,"line",NA,NA,"#FFCC66","#FFFFFF",0,"01100"
"entry4680","3045","mpah:110324682","gene","http://www.kegg.jp/dbget-bin/www_bget?mpah:110324682",NA,"rn:R03539",NA,NA,NA,"line",NA,NA,"#FFCC66","#FFFFFF",0,"01100"
"entry4681","3052","mpah:110327921 / mpah:110334695","gene","http://www.kegg.jp/dbget-bin/www_bget?mpah:110327921+mpah:110334695",NA,"rn:R07505",NA,NA,NA,"line",NA,NA,"#80CCCC","#FFFFFF",0,"01100"
"entry4682","3058","mpah:110321496 / mpah:110325635 / mpah:110326724 / mpah:110328147 / mpah:110329056 / mpah:110331266 / mpah:110338000 / mpah:110338177","gene","http://www.kegg.jp/dbget-bin/www_bget?mpah:110321496+mpah:110325635+mpah:110326724+mpah:110328147+mpah:110329056+mpah:110331266+mpah:110338000+mpah:110338177",NA,"rn:R02330 rn:R02331",NA,NA,NA,"line",NA,NA,"#FF8080","#FFFFFF",0,"01100"
"entry4683","3059","mpah:110318848 / mpah:110318948","gene","http://www.kegg.jp/dbget-bin/www_bget?mpah:110318848+mpah:110318948",NA,"rn:R02100",NA,NA,NA,"line",NA,NA,"#FF8080","#FFFFFF",0,"01100"
"entry4684","3060","mpah:110321840","gene","http://www.kegg.jp/dbget-bin/www_bget?mpah:110321840",NA,"rn:R02098",NA,NA,NA,"line",NA,NA,"#FF8080","#FFFFFF",0,"01100"
"entry4685","3063","mpah:110327256","gene","http://www.kegg.jp/dbget-bin/www_bget?mpah:110327256",NA,"rn:R03652",NA,NA,NA,"line",NA,NA,"#FFCC66","#FFFFFF",0,"01100"
"entry4686","3064","mpah:110313101 / mpah:110320111 / mpah:110326854","gene","http://www.kegg.jp/dbget-bin/www_bget?mpah:110313101+mpah:110320111+mpah:110326854",NA,"rn:R03905",NA,NA,NA,"line",NA,NA,"#FFCC66","#FFFFFF",0,"01100"
"entry4687","3066","mpah:110317841 / mpah:110319727","gene","http://www.kegg.jp/dbget-bin/www_bget?mpah:110317841+mpah:110319727",NA,"rn:R00529 rn:R00530 rn:R00531",NA,NA,NA,"line",NA,NA,"#CC99FF","#FFFFFF",0,"01100"
"entry4688","3068","mpah:110313054 / mpah:110316784 / mpah:110321543 / mpah:110323147 / mpah:110325520 / mpah:110325535 / mpah:110327470 / mpah:110331656 / mpah:110331990 / mpah:110333007","gene","http://www.kegg.jp/dbget-bin/www_bget?mpah:110313054+mpah:110316784+mpah:110321543+mpah:110323147+mpah:110325520+mpah:110325535+mpah:110327470+mpah:110331656+mpah:110331990+mpah:110333007",NA,"rn:R00710 rn:R00711",NA,NA,NA,"line",NA,NA,"#6C63F6","#FFFFFF",0,"01100"
"entry4689","3069","mpah:110319844 / mpah:110320167 / mpah:110320307 / mpah:110320387 / mpah:110322723","gene","http://www.kegg.jp/dbget-bin/www_bget?mpah:110319844+mpah:110320167+mpah:110320307+mpah:110320387+mpah:110322723",NA,"rn:R00746 rn:R00754 rn:R05198 rn:R09127 rn:R09479",NA,NA,NA,"line",NA,NA,"#6C63F6","#FFFFFF",0,"01100"
"entry4690","3070","mpah:110334068","gene","http://www.kegg.jp/dbget-bin/www_bget?mpah:110334068",NA,"rn:R01737",NA,NA,NA,"line",NA,NA,"#6C63F6","#FFFFFF",0,"01100"
"entry4691","3073","mpah:110313911","gene","http://www.kegg.jp/dbget-bin/www_bget?mpah:110313911",NA,"rn:R01519",NA,NA,NA,"line",NA,NA,"#6C63F6","#FFFFFF",0,"01100"
"entry4692","3077","mpah:110327870","gene","http://www.kegg.jp/dbget-bin/www_bget?mpah:110327870",NA,"rn:R08572",NA,NA,NA,"line",NA,NA,"#6C63F6","#FFFFFF",0,"01100"
"entry4693","3082","mpah:110313367 / mpah:110313407 / mpah:110324698","gene","http://www.kegg.jp/dbget-bin/www_bget?mpah:110313367+mpah:110313407+mpah:110324698",NA,"rn:R01049",NA,NA,NA,"line",NA,NA,"#6C63F6","#FFFFFF",0,"01100"
"entry4694","3083","mpah:110320360 / mpah:110328209","gene","http://www.kegg.jp/dbget-bin/www_bget?mpah:110320360+mpah:110328209",NA,"rn:R00199 rn:R00200 rn:R00206 rn:R02320",NA,NA,NA,"line",NA,NA,"#6C63F6","#FFFFFF",0,"01100"
"entry4695","3084","mpah:110313131","gene","http://www.kegg.jp/dbget-bin/www_bget?mpah:110313131",NA,"rn:R03321",NA,NA,NA,"line",NA,NA,"#6C63F6","#FFFFFF",0,"01100"
"entry4696","3085","mpah:110313131","gene","http://www.kegg.jp/dbget-bin/www_bget?mpah:110313131",NA,"rn:R02739",NA,NA,NA,"line",NA,NA,"#6C63F6","#FFFFFF",0,"01100"
"entry4768","3170","mpah:110330167","gene","http://www.kegg.jp/dbget-bin/www_bget?mpah:110330167",NA,"rn:R06258",NA,NA,NA,"line",NA,NA,"#99CCFF","#FFFFFF",0,"01100"
"entry4769","3172","mpah:110327746","gene","http://www.kegg.jp/dbget-bin/www_bget?mpah:110327746",NA,"rn:R06259",NA,NA,NA,"line",NA,NA,"#99CCFF","#FFFFFF",0,"01100"
"entry4770","3173","mpah:110334975","gene","http://www.kegg.jp/dbget-bin/www_bget?mpah:110334975",NA,"rn:R06260",NA,NA,NA,"line",NA,NA,"#99CCFF","#FFFFFF",0,"01100"
"entry4771","3174","mpah:110327746","gene","http://www.kegg.jp/dbget-bin/www_bget?mpah:110327746",NA,"rn:R06261",NA,NA,NA,"line",NA,NA,"#99CCFF","#FFFFFF",0,"01100"
"entry5203","4038","mpah:110322932 / mpah:110330516","gene","http://www.kegg.jp/dbget-bin/www_bget?mpah:110322932+mpah:110330516",NA,"rn:R00959",NA,NA,NA,"line",NA,NA,"#6C63F6","#FFFFFF",0,"01100"
"entry5208","4044","mpah:110321548 / mpah:110337421","gene","http://www.kegg.jp/dbget-bin/www_bget?mpah:110321548+mpah:110337421",NA,"rn:R00355",NA,NA,NA,"line",NA,NA,"#FFCC66","#FFFFFF",0,"01100"
"entry5209","4046","mpah:110325247","gene","http://www.kegg.jp/dbget-bin/www_bget?mpah:110325247",NA,"rn:R00093 rn:R00114 rn:R00243 rn:R00248",NA,NA,NA,"line",NA,NA,"#FFCC66","#FFFFFF",0,"01100"
"entry5210","4047","mpah:110323726 / mpah:110324379 / mpah:110331259","gene","http://www.kegg.jp/dbget-bin/www_bget?mpah:110323726+mpah:110324379+mpah:110331259",NA,"rn:R00357",NA,NA,NA,"line",NA,NA,"#FFCC66","#FFFFFF",0,"01100"
"entry5213","4057","mpah:110323723","gene","http://www.kegg.jp/dbget-bin/www_bget?mpah:110323723",NA,"rn:R01157",NA,NA,NA,"line",NA,NA,"#FFCC66","#FFFFFF",0,"01100"
"entry5215","4062","mpah:110318887","gene","http://www.kegg.jp/dbget-bin/www_bget?mpah:110318887",NA,"rn:R00987",NA,NA,NA,"line",NA,NA,"#FFCC66","#FFFFFF",0,"01100"
"entry5217","4068","mpah:110318657 / mpah:110320405 / mpah:110320651","gene","http://www.kegg.jp/dbget-bin/www_bget?mpah:110318657+mpah:110320405+mpah:110320651",NA,"rn:R00782",NA,NA,NA,"line",NA,NA,"#FFCC66","#FFFFFF",0,"01100"
"entry5218","4070","mpah:110334949 / mpah:110335016","gene","http://www.kegg.jp/dbget-bin/www_bget?mpah:110334949+mpah:110335016",NA,"rn:R03105",NA,NA,NA,"line",NA,NA,"#FFCC66","#FFFFFF",0,"01100"
"entry5221","4073","mpah:110315978","gene","http://www.kegg.jp/dbget-bin/www_bget?mpah:110315978",NA,"rn:R01015",NA,NA,NA,"line",NA,NA,"#6C63F6","#FFFFFF",0,"01100"
"entry5223","4092","mpah:110325250","gene","http://www.kegg.jp/dbget-bin/www_bget?mpah:110325250",NA,"rn:R00702",NA,NA,NA,"line",NA,NA,"#9EE284","#FFFFFF",0,"01100"
"entry5226","4095","mpah:110330705","gene","http://www.kegg.jp/dbget-bin/www_bget?mpah:110330705",NA,"rn:R05000",NA,NA,NA,"line",NA,NA,"#FFB3CC","#FFFFFF",0,"01100"
"entry5227","4099","mpah:110338896","gene","http://www.kegg.jp/dbget-bin/www_bget?mpah:110338896",NA,"rn:R08771",NA,NA,NA,"line",NA,NA,"#FFB3CC","#FFFFFF",0,"01100"
"entry5228","4102","mpah:110324874","gene","http://www.kegg.jp/dbget-bin/www_bget?mpah:110324874",NA,"rn:R08773",NA,NA,NA,"line",NA,NA,"#FFB3CC","#FFFFFF",0,"01100"
"entry5229","4103","mpah:110313123","gene","http://www.kegg.jp/dbget-bin/www_bget?mpah:110313123",NA,"rn:R08774",NA,NA,NA,"line",NA,NA,"#FFB3CC","#FFFFFF",0,"01100"
"entry5230","4104","mpah:110329695","gene","http://www.kegg.jp/dbget-bin/www_bget?mpah:110329695",NA,"rn:R08775",NA,NA,NA,"line",NA,NA,"#FFB3CC","#FFFFFF",0,"01100"
"entry5231","4105","mpah:110338896","gene","http://www.kegg.jp/dbget-bin/www_bget?mpah:110338896",NA,"rn:R08781",NA,NA,NA,"line",NA,NA,"#FFB3CC","#FFFFFF",0,"01100"
"entry5241","4125","mpah:110315099 / mpah:110315313 / mpah:110315329 / mpah:110315340 / mpah:110330299","gene","http://www.kegg.jp/dbget-bin/www_bget?mpah:110315099+mpah:110315313+mpah:110315329+mpah:110315340+mpah:110330299",NA,"rn:R01787",NA,NA,NA,"line",NA,NA,"#B3B3E6","#FFFFFF",0,"01100"
"entry5242","4126","mpah:110318414","gene","http://www.kegg.jp/dbget-bin/www_bget?mpah:110318414",NA,"rn:R00875",NA,NA,NA,"line",NA,NA,"#B3B3E6","#FFFFFF",0,"01100"
"entry5244","4129","mpah:110328039","gene","http://www.kegg.jp/dbget-bin/www_bget?mpah:110328039",NA,"rn:R01819",NA,NA,NA,"line",NA,NA,"#B3B3E6","#FFFFFF",0,"01100"
"entry5246","4131","mpah:110316235","gene","http://www.kegg.jp/dbget-bin/www_bget?mpah:110316235",NA,"rn:R02215 rn:R02219",NA,NA,NA,"line",NA,NA,"#80CCCC","#FFFFFF",0,"01100"
"entry5249","4138","mpah:110328033","gene","http://www.kegg.jp/dbget-bin/www_bget?mpah:110328033",NA,"rn:R03089",NA,NA,NA,"line",NA,NA,"#80CCCC","#FFFFFF",0,"01100"
"entry5250","4139","mpah:110312811 / mpah:110313181 / mpah:110314995 / mpah:110315701 / mpah:110315884","gene","http://www.kegg.jp/dbget-bin/www_bget?mpah:110312811+mpah:110313181+mpah:110314995+mpah:110315701+mpah:110315884",NA,"rn:R02356",NA,NA,NA,"line",NA,NA,"#80CCCC","#FFFFFF",0,"01100"
"entry5251","4140","mpah:110318386 / mpah:110322287 / mpah:110326955 / mpah:110332622 / mpah:110335682 / mpah:110337701","gene","http://www.kegg.jp/dbget-bin/www_bget?mpah:110318386+mpah:110322287+mpah:110326955+mpah:110332622+mpah:110335682+mpah:110337701",NA,"rn:R04681 rn:R04682",NA,NA,NA,"line",NA,NA,"#80CCCC","#FFFFFF",0,"01100"
"entry5257","4146","mpah:110328611 / mpah:110336346","gene","http://www.kegg.jp/dbget-bin/www_bget?mpah:110328611+mpah:110336346",NA,"rn:R06527 rn:R06528",NA,NA,NA,"line",NA,NA,"#80CCB3","#FFFFFF",0,"01100"
"entry5258","4147","mpah:110321736 / mpah:110322299 / mpah:110324835","gene","http://www.kegg.jp/dbget-bin/www_bget?mpah:110321736+mpah:110322299+mpah:110324835",NA,"rn:R06525",NA,NA,NA,"line",NA,NA,"#80CCB3","#FFFFFF",0,"01100"
"entry5259","4148","mpah:110321736 / mpah:110322299 / mpah:110324835","gene","http://www.kegg.jp/dbget-bin/www_bget?mpah:110321736+mpah:110322299+mpah:110324835",NA,"rn:R06526",NA,NA,NA,"line",NA,NA,"#80CCB3","#FFFFFF",0,"01100"
"entry5266","4158","mpah:110313131","gene","http://www.kegg.jp/dbget-bin/www_bget?mpah:110313131",NA,"rn:R02740",NA,NA,NA,"line",NA,NA,"#6C63F6","#FFFFFF",0,"01100"
"entry5267","4159","mpah:110329397","gene","http://www.kegg.jp/dbget-bin/www_bget?mpah:110329397",NA,"rn:R04325",NA,NA,NA,"line",NA,NA,"#FF8080","#FFFFFF",0,"01100"
"entry5268","4160","mpah:110331482","gene","http://www.kegg.jp/dbget-bin/www_bget?mpah:110331482",NA,"rn:R04463",NA,NA,NA,"line",NA,NA,"#FF8080","#FFFFFF",0,"01100"
"entry5269","4161","mpah:110329397","gene","http://www.kegg.jp/dbget-bin/www_bget?mpah:110329397",NA,"rn:R04144",NA,NA,NA,"line",NA,NA,"#FF8080","#FFFFFF",0,"01100"
"entry5273","4165","mpah:110324682","gene","http://www.kegg.jp/dbget-bin/www_bget?mpah:110324682",NA,"rn:R03208",NA,NA,NA,"line",NA,NA,"#FFCC66","#FFFFFF",0,"01100"
"entry5274","4166","mpah:110324682","gene","http://www.kegg.jp/dbget-bin/www_bget?mpah:110324682",NA,"rn:R03973",NA,NA,NA,"line",NA,NA,"#FFCC66","#FFFFFF",0,"01100"
"entry5275","4167","mpah:110324682","gene","http://www.kegg.jp/dbget-bin/www_bget?mpah:110324682",NA,"rn:R03953",NA,NA,NA,"line",NA,NA,"#FFCC66","#FFFFFF",0,"01100"
"entry5280","4178","mpah:110317693 / mpah:110318095","gene","http://www.kegg.jp/dbget-bin/www_bget?mpah:110317693+mpah:110318095",NA,"rn:R00229 rn:R00235",NA,NA,NA,"line",NA,NA,"#6C63F6","#FFFFFF",0,"01100"
"entry5288","4249","mpah:110322302","gene","http://www.kegg.jp/dbget-bin/www_bget?mpah:110322302",NA,"rn:R01960",NA,NA,NA,"line",NA,NA,"#FFCC66","#FFFFFF",0,"01100"
"entry5289","4250","mpah:110332394","gene","http://www.kegg.jp/dbget-bin/www_bget?mpah:110332394",NA,"rn:R01959",NA,NA,NA,"line",NA,NA,"#FFCC66","#FFFFFF",0,"01100"
"entry5293","4256","mpah:110318657 / mpah:110320405 / mpah:110338180","gene","http://www.kegg.jp/dbget-bin/www_bget?mpah:110318657+mpah:110320405+mpah:110338180",NA,"rn:R01286 rn:R01290 rn:R10305",NA,NA,NA,"line",NA,NA,"#FFCC66","#FFFFFF",0,"01100"
"entry5295","4267","mpah:110337430","gene","http://www.kegg.jp/dbget-bin/www_bget?mpah:110337430",NA,"rn:R07806",NA,NA,NA,"line",NA,NA,"#99CCFF","#FFFFFF",0,"01100"
"entry5296","4268","mpah:110327096","gene","http://www.kegg.jp/dbget-bin/www_bget?mpah:110327096",NA,"rn:R07808",NA,NA,NA,"line",NA,NA,"#99CCFF","#FFFFFF",0,"01100"
"entry5297","4269","mpah:110327739 / mpah:110328763","gene","http://www.kegg.jp/dbget-bin/www_bget?mpah:110327739+mpah:110328763",NA,"rn:R07809",NA,NA,NA,"line",NA,NA,"#99CCFF","#FFFFFF",0,"01100"
"entry5298","4270","mpah:110327739 / mpah:110328763","gene","http://www.kegg.jp/dbget-bin/www_bget?mpah:110327739+mpah:110328763",NA,"rn:R07810",NA,NA,NA,"line",NA,NA,"#99CCFF","#FFFFFF",0,"01100"
"entry5304","4277","mpah:110320549 / mpah:110325330","gene","http://www.kegg.jp/dbget-bin/www_bget?mpah:110320549+mpah:110325330",NA,"rn:R05930",NA,NA,NA,"line",NA,NA,"#99CCFF","#FFFFFF",0,"01100"
"entry5305","4278","mpah:110317782 / mpah:110334870","gene","http://www.kegg.jp/dbget-bin/www_bget?mpah:110317782+mpah:110334870",NA,"rn:R05935",NA,NA,NA,"line",NA,NA,"#99CCFF","#FFFFFF",0,"01100"
"entry5306","4279","mpah:110323450 / mpah:110325330","gene","http://www.kegg.jp/dbget-bin/www_bget?mpah:110323450+mpah:110325330",NA,"rn:R05936",NA,NA,NA,"line",NA,NA,"#99CCFF","#FFFFFF",0,"01100"
"entry5307","4280","mpah:110319865 / mpah:110320403 / mpah:110325394 / mpah:110327461 / mpah:110333107","gene","http://www.kegg.jp/dbget-bin/www_bget?mpah:110319865+mpah:110320403+mpah:110325394+mpah:110327461+mpah:110333107",NA,NA,NA,NA,NA,"line",NA,NA,"#99CCFF","#FFFFFF",0,"01100"
"entry5311","4284","mpah:110318165 / mpah:110330557","gene","http://www.kegg.jp/dbget-bin/www_bget?mpah:110318165+mpah:110330557",NA,"rn:R07811",NA,NA,NA,"line",NA,NA,"#99CCFF","#FFFFFF",0,"01100"
"entry5312","4285","mpah:110332344","gene","http://www.kegg.jp/dbget-bin/www_bget?mpah:110332344",NA,"rn:R07814",NA,NA,NA,"line",NA,NA,"#99CCFF","#FFFFFF",0,"01100"
"entry5313","4286","mpah:110336556","gene","http://www.kegg.jp/dbget-bin/www_bget?mpah:110336556",NA,"rn:R07815",NA,NA,NA,"line",NA,NA,"#99CCFF","#FFFFFF",0,"01100"
"entry5314","4287","mpah:110331768","gene","http://www.kegg.jp/dbget-bin/www_bget?mpah:110331768",NA,"rn:R07816",NA,NA,NA,"line",NA,NA,"#99CCFF","#FFFFFF",0,"01100"
"entry5315","4289","mpah:110339056","gene","http://www.kegg.jp/dbget-bin/www_bget?mpah:110339056",NA,"rn:R07818",NA,NA,NA,"line",NA,NA,"#99CCFF","#FFFFFF",0,"01100"
"entry5316","4290","mpah:110327096","gene","http://www.kegg.jp/dbget-bin/www_bget?mpah:110327096",NA,"rn:R07819",NA,NA,NA,"line",NA,NA,"#99CCFF","#FFFFFF",0,"01100"
"entry5327","4310","mpah:110327492 / mpah:110328451","gene","http://www.kegg.jp/dbget-bin/www_bget?mpah:110327492+mpah:110328451",NA,"rn:R07895",NA,NA,NA,"line",NA,NA,"#80CCB3","#FFFFFF",0,"01100"
"entry5328","4311","mpah:110330653 / mpah:110331272","gene","http://www.kegg.jp/dbget-bin/www_bget?mpah:110330653+mpah:110331272",NA,"rn:R07896",NA,NA,NA,"line",NA,NA,"#80CCB3","#FFFFFF",0,"01100"
"entry5333","4328","mpah:110316950 / mpah:110319050 / mpah:110322307 / mpah:110327335 / mpah:110328165 / mpah:110329962 / mpah:110331269 / mpah:110333215 / mpah:110335319","gene","http://www.kegg.jp/dbget-bin/www_bget?mpah:110316950+mpah:110319050+mpah:110322307+mpah:110327335+mpah:110328165+mpah:110329962+mpah:110331269+mpah:110333215+mpah:110335319",NA,"rn:R02687",NA,NA,NA,"line",NA,NA,"#80CCB3","#FFFFFF",0,"01100"
"entry5337","4355","mpah:110334613 / mpah:110338616","gene","http://www.kegg.jp/dbget-bin/www_bget?mpah:110334613+mpah:110338616",NA,"rn:R01325",NA,NA,NA,"line",NA,NA,"#6C63F6","#FFFFFF",0,"01100"
"entry5338","4356","mpah:110316662 / mpah:110322685","gene","http://www.kegg.jp/dbget-bin/www_bget?mpah:110316662+mpah:110322685",NA,"rn:R01899",NA,NA,NA,"line",NA,NA,"#6C63F6","#FFFFFF",0,"01100"
"entry5339","4357","mpah:110312755 / mpah:110330437","gene","http://www.kegg.jp/dbget-bin/www_bget?mpah:110312755+mpah:110330437",NA,"rn:R00342 rn:R00361",NA,NA,NA,"line",NA,NA,"#6C63F6","#FFFFFF",0,"01100"
"entry5340","4358","mpah:110314189 / mpah:110315477 / mpah:110316662 / mpah:110317476 / mpah:110322685 / mpah:110327242","gene","http://www.kegg.jp/dbget-bin/www_bget?mpah:110314189+mpah:110315477+mpah:110316662+mpah:110317476+mpah:110322685+mpah:110327242",NA,"rn:R00267 rn:R00709",NA,NA,NA,"line",NA,NA,"#6C63F6","#FFFFFF",0,"01100"
"entry5341","4359","mpah:110334613 / mpah:110338616","gene","http://www.kegg.jp/dbget-bin/www_bget?mpah:110334613+mpah:110338616",NA,"rn:R01900",NA,NA,NA,"line",NA,NA,"#6C63F6","#FFFFFF",0,"01100"
"entry5343","4361","mpah:110316662 / mpah:110322685","gene","http://www.kegg.jp/dbget-bin/www_bget?mpah:110316662+mpah:110322685",NA,"rn:R00268",NA,NA,NA,"line",NA,NA,"#6C63F6","#FFFFFF",0,"01100"
"entry5346","4364","mpah:110315980 / mpah:110316308 / mpah:110325268","gene","http://www.kegg.jp/dbget-bin/www_bget?mpah:110315980+mpah:110316308+mpah:110325268",NA,"rn:R00405 rn:R00432 rn:R00727 rn:R10343",NA,NA,NA,"line",NA,NA,"#6C63F6","#FFFFFF",0,"01100"
"entry5347","4365","mpah:110324154 / mpah:110324922 / mpah:110326028 / mpah:110330823","gene","http://www.kegg.jp/dbget-bin/www_bget?mpah:110324154+mpah:110324922+mpah:110326028+mpah:110330823",NA,"rn:R08549 rn:R01197",NA,NA,NA,"line",NA,NA,"#6C63F6","#FFFFFF",0,"01100"
"entry5348","4366","mpah:110321454","gene","http://www.kegg.jp/dbget-bin/www_bget?mpah:110321454",NA,"rn:R01082",NA,NA,NA,"line",NA,NA,"#6C63F6","#FFFFFF",0,"01100"
"entry5353","4371","mpah:110337924","gene","http://www.kegg.jp/dbget-bin/www_bget?mpah:110337924",NA,"rn:R05981",NA,NA,NA,"line",NA,NA,"#99CCFF","#FFFFFF",0,"01100"
"entry5357","4377","mpah:110324525 / mpah:110324537 / mpah:110324577 / mpah:110324653 / mpah:110324711 / mpah:110327016 / mpah:110333910 / mpah:110333922 / mpah:110334301 / mpah:110334554","gene","http://www.kegg.jp/dbget-bin/www_bget?mpah:110324525+mpah:110324537+mpah:110324577+mpah:110324653+mpah:110324711+mpah:110327016+mpah:110333910+mpah:110333922+mpah:110334301+mpah:110334554",NA,"rn:R04779 rn:R04780 rn:R09084 rn:R02073",NA,NA,NA,"line",NA,NA,"#6C63F6","#FFFFFF",0,"01100"
"entry5359","4387","mpah:110318664 / mpah:110321275 / mpah:110321290 / mpah:110321921 / mpah:110321962 / mpah:110327235","gene","http://www.kegg.jp/dbget-bin/www_bget?mpah:110318664+mpah:110321275+mpah:110321290+mpah:110321921+mpah:110321962+mpah:110327235",NA,"rn:R02123 rn:R02125",NA,NA,NA,"line",NA,NA,"#FFB3CC","#FFFFFF",0,"01100"
"entry5360","4388","mpah:110337549","gene","http://www.kegg.jp/dbget-bin/www_bget?mpah:110337549",NA,"rn:R00032",NA,NA,NA,"line",NA,NA,"#FFB3CC","#FFFFFF",0,"01100"
"entry5361","4389","mpah:110315130 / mpah:110319267 / mpah:110319844 / mpah:110320167 / mpah:110320307 / mpah:110320387 / mpah:110321809 / mpah:110323041 / mpah:110324273 / mpah:110324761 / mpah:110325487 / mpah:110326096 / mpah:110326097 / mpah:110326828 / mpah:110326849 / mpah:110326888 / mpah:110326955 / mpah:110327143 / mpah:110338709","gene","http://www.kegg.jp/dbget-bin/www_bget?mpah:110315130+mpah:110319267+mpah:110319844+mpah:110320167+mpah:110320307+mpah:110320387+mpah:110321809+mpah:110323041+mpah:110324273+mpah:110324761+mpah:110325487+mpah:110326096+mpah:110326097+mpah:110326828+mpah:110326849+mpah:110326888+mpah:110326955+mpah:110327143+mpah:110338709",NA,"rn:R02124 rn:R08379",NA,NA,NA,"line",NA,NA,"#FFB3CC","#FFFFFF",0,"01100"
"entry5368","4440","mpah:110321716","gene","http://www.kegg.jp/dbget-bin/www_bget?mpah:110321716",NA,"rn:R02596",NA,NA,NA,"line",NA,NA,"#F06292","#FFFFFF",0,"01100"
"entry5369","4444","mpah:110321716","gene","http://www.kegg.jp/dbget-bin/www_bget?mpah:110321716",NA,"rn:R03919",NA,NA,NA,"line",NA,NA,"#F06292","#FFFFFF",0,"01100"
"entry5374","4467","mpah:110324654","gene","http://www.kegg.jp/dbget-bin/www_bget?mpah:110324654",NA,"rn:R07363",NA,NA,NA,"line",NA,NA,"#FFCC66","#FFFFFF",0,"01100"
"entry5377","4482","mpah:110313073 / mpah:110313088","gene","http://www.kegg.jp/dbget-bin/www_bget?mpah:110313073+mpah:110313088",NA,"rn:R00220",NA,NA,NA,"line",NA,NA,"#FFCC66","#FFFFFF",0,"01100"
"entry5378","4483","mpah:110322334 / mpah:110328982 / mpah:110334950 / mpah:110337340","gene","http://www.kegg.jp/dbget-bin/www_bget?mpah:110322334+mpah:110328982+mpah:110334950+mpah:110337340",NA,"rn:R00258 rn:R00369 rn:R00396 rn:R00400",NA,NA,NA,"line",NA,NA,"#FFCC66","#FFFFFF",0,"01100"
"entry5380","4496","mpah:110320876","gene","http://www.kegg.jp/dbget-bin/www_bget?mpah:110320876",NA,"rn:R00977 rn:R00978",NA,NA,NA,"line",NA,NA,"#FF8080","#FFFFFF",0,"01100"
"entry5385","4506","mpah:110328289","gene","http://www.kegg.jp/dbget-bin/www_bget?mpah:110328289",NA,"rn:R00010 rn:R02727",NA,NA,NA,"line",NA,NA,"#B3B3E6","#FFFFFF",0,"01100"
"entry5393","4544","mpah:110325615","gene","http://www.kegg.jp/dbget-bin/www_bget?mpah:110325615",NA,"rn:R10119",NA,NA,NA,"line",NA,NA,"#FFB3CC","#FFFFFF",0,"01100"
"entry5395","4550","mpah:110325615","gene","http://www.kegg.jp/dbget-bin/www_bget?mpah:110325615",NA,"rn:R10115",NA,NA,NA,"line",NA,NA,"#FFB3CC","#FFFFFF",0,"01100"
"entry5400","4561","mpah:110326742","gene","http://www.kegg.jp/dbget-bin/www_bget?mpah:110326742",NA,"rn:R04104",NA,NA,NA,"line",NA,NA,"#99CCFF","#FFFFFF",0,"01100"
"entry5401","4565","mpah:110313631","gene","http://www.kegg.jp/dbget-bin/www_bget?mpah:110313631",NA,"rn:R07821",NA,NA,NA,"line",NA,NA,"#99CCFF","#FFFFFF",0,"01100"
"entry5402","4566","mpah:110330560","gene","http://www.kegg.jp/dbget-bin/www_bget?mpah:110330560",NA,"rn:R07822",NA,NA,NA,"line",NA,NA,"#99CCFF","#FFFFFF",0,"01100"
"entry5403","4568","mpah:110328948","gene","http://www.kegg.jp/dbget-bin/www_bget?mpah:110328948",NA,"rn:R07823",NA,NA,NA,"line",NA,NA,"#99CCFF","#FFFFFF",0,"01100"
"entry5404","4569","mpah:110317111 / mpah:110317225 / mpah:110317269 / mpah:110317392 / mpah:110327584 / mpah:110327585 / mpah:110327750","gene","http://www.kegg.jp/dbget-bin/www_bget?mpah:110317111+mpah:110317225+mpah:110317269+mpah:110317392+mpah:110327584+mpah:110327585+mpah:110327750",NA,"rn:R07824",NA,NA,NA,"line",NA,NA,"#99CCFF","#FFFFFF",0,"01100"
"entry5405","4570","mpah:110317111 / mpah:110317225 / mpah:110317269 / mpah:110317392 / mpah:110327584 / mpah:110327585 / mpah:110327750","gene","http://www.kegg.jp/dbget-bin/www_bget?mpah:110317111+mpah:110317225+mpah:110317269+mpah:110317392+mpah:110327584+mpah:110327585+mpah:110327750",NA,"rn:R07825",NA,NA,NA,"line",NA,NA,"#99CCFF","#FFFFFF",0,"01100"
"entry5416","4589","mpah:110335921","gene","http://www.kegg.jp/dbget-bin/www_bget?mpah:110335921",NA,"rn:R10619",NA,NA,NA,"line",NA,NA,"#B3B3E6","#FFFFFF",0,"01100"
"entry5422","4601","mpah:110315898 / mpah:110317797 / mpah:110319779","gene","http://www.kegg.jp/dbget-bin/www_bget?mpah:110315898+mpah:110317797+mpah:110319779",NA,"rn:R00192",NA,NA,NA,"line",NA,NA,"#FFCC66","#FFFFFF",0,"01100"
"entry5429","4613","mpah:110332726","gene","http://www.kegg.jp/dbget-bin/www_bget?mpah:110332726",NA,"rn:R00751",NA,NA,NA,"line",NA,NA,"#FFCC66","#FFFFFF",0,"01100"
"entry5430","4614","mpah:110317693 / mpah:110318095 / mpah:110326643","gene","http://www.kegg.jp/dbget-bin/www_bget?mpah:110317693+mpah:110318095+mpah:110326643",NA,"rn:R00925 rn:R00920 rn:R00928",NA,NA,NA,"line",NA,NA,"#B3B3E6","#FFFFFF",0,"01100"
"entry5432","4666","mpah:110330348","gene","http://www.kegg.jp/dbget-bin/www_bget?mpah:110330348",NA,"rn:R07395",NA,NA,NA,"line",NA,NA,"#FFCC66","#FFFFFF",0,"01100"
"entry5447","4756","mpah:110325500","gene","http://www.kegg.jp/dbget-bin/www_bget?mpah:110325500",NA,"rn:R02294",NA,NA,NA,"line",NA,NA,"#FFB3CC","#FFFFFF",0,"01100"
"entry5448","4757","mpah:110327023 / mpah:110331593","gene","http://www.kegg.jp/dbget-bin/www_bget?mpah:110327023+mpah:110331593",NA,"rn:R02324",NA,NA,NA,"line",NA,NA,"#FFB3CC","#FFFFFF",0,"01100"
"entry5449","4758","mpah:110322159 / mpah:110322982 / mpah:110328276 / mpah:110335826 / mpah:110337984 / mpah:110338036","gene","http://www.kegg.jp/dbget-bin/www_bget?mpah:110322159+mpah:110322982+mpah:110328276+mpah:110335826+mpah:110337984+mpah:110338036",NA,"rn:R00103 rn:R00137",NA,NA,NA,"line",NA,NA,"#FFB3CC","#FFFFFF",0,"01100"
"entry5450","4759","mpah:110324293","gene","http://www.kegg.jp/dbget-bin/www_bget?mpah:110324293",NA,"rn:R01271",NA,NA,NA,"line",NA,NA,"#FFB3CC","#FFFFFF",0,"01100"
"entry5451","4760","mpah:110325500","gene","http://www.kegg.jp/dbget-bin/www_bget?mpah:110325500",NA,"rn:R02295",NA,NA,NA,"line",NA,NA,"#FFB3CC","#FFFFFF",0,"01100"
"entry5452","4761","mpah:110327023 / mpah:110331593","gene","http://www.kegg.jp/dbget-bin/www_bget?mpah:110327023+mpah:110331593",NA,"rn:R03347",NA,NA,NA,"line",NA,NA,"#FFB3CC","#FFFFFF",0,"01100"
"entry5465","4781","mpah:110313054 / mpah:110321543 / mpah:110323147 / mpah:110331656 / mpah:110333007","gene","http://www.kegg.jp/dbget-bin/www_bget?mpah:110313054+mpah:110321543+mpah:110323147+mpah:110331656+mpah:110333007",NA,"rn:R02957",NA,NA,NA,"line",NA,NA,"#B3B3E6","#FFFFFF",0,"01100"
"entry5472","4811","mpah:110322887","gene","http://www.kegg.jp/dbget-bin/www_bget?mpah:110322887",NA,"rn:R00707 rn:R00708",NA,NA,NA,"line",NA,NA,"#FFCC66","#FFFFFF",0,"01100"
"entry5478","4931","mpah:110320145 / mpah:110323716 / mpah:110324234","gene","http://www.kegg.jp/dbget-bin/www_bget?mpah:110320145+mpah:110323716+mpah:110324234",NA,"rn:R00670",NA,NA,NA,"line",NA,NA,"#FFCC66","#FFFFFF",0,"01100"
"entry5479","4934","mpah:110327471","gene","http://www.kegg.jp/dbget-bin/www_bget?mpah:110327471",NA,"rn:R00669 rn:R02282",NA,NA,NA,"line",NA,NA,"#FFCC66","#FFFFFF",0,"01100"
"entry5543","5054","mpah:110333811","gene","http://www.kegg.jp/dbget-bin/www_bget?mpah:110333811",NA,"rn:R06623",NA,NA,NA,"line",NA,NA,"#99CCFF","#FFFFFF",0,"01100"
"entry5544","5055","mpah:110332470","gene","http://www.kegg.jp/dbget-bin/www_bget?mpah:110332470",NA,"rn:R05917",NA,NA,NA,"line",NA,NA,"#99CCFF","#FFFFFF",0,"01100"
"entry5545","5056","mpah:110331350","gene","http://www.kegg.jp/dbget-bin/www_bget?mpah:110331350",NA,"rn:R05918",NA,NA,NA,"line",NA,NA,"#99CCFF","#FFFFFF",0,"01100"
"entry5546","5057","mpah:110321838 / mpah:110329819","gene","http://www.kegg.jp/dbget-bin/www_bget?mpah:110321838+mpah:110329819",NA,"rn:R05919",NA,NA,NA,"line",NA,NA,"#99CCFF","#FFFFFF",0,"01100"
"entry5547","5058","mpah:110323618","gene","http://www.kegg.jp/dbget-bin/www_bget?mpah:110323618",NA,"rn:R12350",NA,NA,NA,"line",NA,NA,"#99CCFF","#FFFFFF",0,"01100"
"entry5548","5059","mpah:110321366","gene","http://www.kegg.jp/dbget-bin/www_bget?mpah:110321366",NA,"rn:R12351",NA,NA,NA,"line",NA,NA,"#99CCFF","#FFFFFF",0,"01100"
"entry5554","5065","mpah:110328383","gene","http://www.kegg.jp/dbget-bin/www_bget?mpah:110328383",NA,"rn:R05922",NA,NA,NA,"line",NA,NA,"#99CCFF","#FFFFFF",0,"01100"
"entry5555","5066","mpah:110335617 / mpah:110338676","gene","http://www.kegg.jp/dbget-bin/www_bget?mpah:110335617+mpah:110338676",NA,"rn:R08107",NA,NA,NA,"line",NA,NA,"#99CCFF","#FFFFFF",0,"01100"
"entry5556","5067","mpah:110317756 / mpah:110318105 / mpah:110320351 / mpah:110331383 / mpah:110334853","gene","http://www.kegg.jp/dbget-bin/www_bget?mpah:110317756+mpah:110318105+mpah:110320351+mpah:110331383+mpah:110334853",NA,NA,NA,NA,NA,"line",NA,NA,"#99CCFF","#FFFFFF",0,"01100"
"entry5557","5068","mpah:110321663","gene","http://www.kegg.jp/dbget-bin/www_bget?mpah:110321663",NA,NA,NA,NA,NA,"line",NA,NA,"#99CCFF","#FFFFFF",0,"01100"
"entry5575","5102","mpah:110338661","gene","http://www.kegg.jp/dbget-bin/www_bget?mpah:110338661",NA,"rn:R05909",NA,NA,NA,"line",NA,NA,"#99CCFF","#FFFFFF",0,"01100"
"entry5576","5103","mpah:110328627","gene","http://www.kegg.jp/dbget-bin/www_bget?mpah:110328627",NA,"rn:R05915",NA,NA,NA,"line",NA,NA,"#99CCFF","#FFFFFF",0,"01100"
"entry5577","5104","mpah:110316545 / mpah:110320001 / mpah:110332445","gene","http://www.kegg.jp/dbget-bin/www_bget?mpah:110316545+mpah:110320001+mpah:110332445",NA,"rn:R00292",NA,NA,NA,"line",NA,NA,"#B3B3E6","#FFFFFF",0,"01100"
"entry5578","5105","mpah:110316710 / mpah:110317682 / mpah:110319888 / mpah:110324962","gene","http://www.kegg.jp/dbget-bin/www_bget?mpah:110316710+mpah:110317682+mpah:110319888+mpah:110324962",NA,"rn:R02111",NA,NA,NA,"line",NA,NA,"#B3B3E6","#FFFFFF",0,"01100"
"entry5579","5107","mpah:110314791 / mpah:110314880 / mpah:110315628 / mpah:110322609 / mpah:110322610 / mpah:110330272 / mpah:110330325 / mpah:110330329 / mpah:110330368 / mpah:110330401 / mpah:110330746 / mpah:110330748","gene","http://www.kegg.jp/dbget-bin/www_bget?mpah:110314791+mpah:110314880+mpah:110315628+mpah:110322609+mpah:110322610+mpah:110330272+mpah:110330325+mpah:110330329+mpah:110330368+mpah:110330401+mpah:110330746+mpah:110330748",NA,"rn:R01383",NA,NA,NA,"line",NA,NA,"#B3B3E6","#FFFFFF",0,"01100"
"entry5580","5108","mpah:110329569","gene","http://www.kegg.jp/dbget-bin/www_bget?mpah:110329569",NA,"rn:R02110",NA,NA,NA,"line",NA,NA,"#B3B3E6","#FFFFFF",0,"01100"
"entry5581","5111","mpah:110313761 / mpah:110316313 / mpah:110331014","gene","http://www.kegg.jp/dbget-bin/www_bget?mpah:110313761+mpah:110316313+mpah:110331014",NA,"rn:R05908",NA,NA,NA,"line",NA,NA,"#99CCFF","#FFFFFF",0,"01100"
"entry5582","5112","mpah:110328627 / mpah:110329292 / mpah:110334399","gene","http://www.kegg.jp/dbget-bin/www_bget?mpah:110328627+mpah:110329292+mpah:110334399",NA,"rn:R05912",NA,NA,NA,"line",NA,NA,"#99CCFF","#FFFFFF",0,"01100"
"entry5583","5113","mpah:110334399","gene","http://www.kegg.jp/dbget-bin/www_bget?mpah:110334399",NA,"rn:R05910",NA,NA,NA,"line",NA,NA,"#99CCFF","#FFFFFF",0,"01100"
"entry5584","5114","mpah:110333877","gene","http://www.kegg.jp/dbget-bin/www_bget?mpah:110333877",NA,"rn:R05926",NA,NA,NA,"line",NA,NA,"#99CCFF","#FFFFFF",0,"01100"
"entry5585","5115","mpah:110322882","gene","http://www.kegg.jp/dbget-bin/www_bget?mpah:110322882",NA,"rn:R05927",NA,NA,NA,"line",NA,NA,"#99CCFF","#FFFFFF",0,"01100"
"entry5586","5116","mpah:110320357","gene","http://www.kegg.jp/dbget-bin/www_bget?mpah:110320357",NA,"rn:R05928",NA,NA,NA,"line",NA,NA,"#99CCFF","#FFFFFF",0,"01100"
"entry5587","5117","mpah:110315909 / mpah:110336490","gene","http://www.kegg.jp/dbget-bin/www_bget?mpah:110315909+mpah:110336490",NA,"rn:R05929",NA,NA,NA,"line",NA,NA,"#99CCFF","#FFFFFF",0,"01100"
"entry5588","5120","mpah:110320892 / mpah:110321900 / mpah:110333105","gene","http://www.kegg.jp/dbget-bin/www_bget?mpah:110320892+mpah:110321900+mpah:110333105",NA,"rn:R05932",NA,NA,NA,"line",NA,NA,"#99CCFF","#FFFFFF",0,"01100"
"entry5593","5146","mpah:110315370 / mpah:110319406","gene","http://www.kegg.jp/dbget-bin/www_bget?mpah:110315370+mpah:110319406",NA,"rn:R06187",NA,NA,NA,"line",NA,NA,"#99CCFF","#FFFFFF",0,"01100"
"entry5595","5149","mpah:110319305 / mpah:110328262","gene","http://www.kegg.jp/dbget-bin/www_bget?mpah:110319305+mpah:110328262",NA,"rn:R06075",NA,NA,NA,"line",NA,NA,"#99CCFF","#FFFFFF",0,"01100"
"entry5596","5150","mpah:110334098 / mpah:110334752 / mpah:110335813","gene","http://www.kegg.jp/dbget-bin/www_bget?mpah:110334098+mpah:110334752+mpah:110335813",NA,"rn:R06031",NA,NA,NA,"line",NA,NA,"#99CCFF","#FFFFFF",0,"01100"
"entry5599","5154","mpah:110334098 / mpah:110334752 / mpah:110335813","gene","http://www.kegg.jp/dbget-bin/www_bget?mpah:110334098+mpah:110334752+mpah:110335813",NA,"rn:R06156",NA,NA,NA,"line",NA,NA,"#99CCFF","#FFFFFF",0,"01100"
"entry5600","5157","mpah:110323790 / mpah:110327837","gene","http://www.kegg.jp/dbget-bin/www_bget?mpah:110323790+mpah:110327837",NA,"rn:R06153",NA,NA,NA,"line",NA,NA,"#99CCFF","#FFFFFF",0,"01100"
"entry5601","5158","mpah:110315370 / mpah:110319406","gene","http://www.kegg.jp/dbget-bin/www_bget?mpah:110315370+mpah:110319406",NA,"rn:R06167",NA,NA,NA,"line",NA,NA,"#99CCFF","#FFFFFF",0,"01100"
"entry5602","5160","mpah:110315370 / mpah:110319406","gene","http://www.kegg.jp/dbget-bin/www_bget?mpah:110315370+mpah:110319406",NA,"rn:R06168",NA,NA,NA,"line",NA,NA,"#99CCFF","#FFFFFF",0,"01100"
"entry5613","5180","mpah:110313452 / mpah:110313782","gene","http://www.kegg.jp/dbget-bin/www_bget?mpah:110313452+mpah:110313782",NA,"rn:R04890",NA,NA,NA,"line",NA,NA,"#FFCC66","#FFFFFF",0,"01100"
"entry5617","5192","mpah:110322852","gene","http://www.kegg.jp/dbget-bin/www_bget?mpah:110322852",NA,"rn:R04972",NA,NA,NA,"line",NA,NA,"#FFB3CC","#FFFFFF",0,"01100"
"entry5618","5193","mpah:110323119","gene","http://www.kegg.jp/dbget-bin/www_bget?mpah:110323119",NA,"rn:R00036",NA,NA,NA,"line",NA,NA,"#FFB3CC","#FFFFFF",0,"01100"
"entry5620","5195","mpah:110327613","gene","http://www.kegg.jp/dbget-bin/www_bget?mpah:110327613",NA,"rn:R00084",NA,NA,NA,"line",NA,NA,"#FFB3CC","#FFFFFF",0,"01100"
"entry5649","5235","mpah:110315938","gene","http://www.kegg.jp/dbget-bin/www_bget?mpah:110315938",NA,"rn:R09991",NA,NA,NA,"line",NA,NA,"#FFB3CC","#FFFFFF",0,"01100"
"entry5650","5236","mpah:110332422","gene","http://www.kegg.jp/dbget-bin/www_bget?mpah:110332422",NA,"rn:R09992",NA,NA,NA,"line",NA,NA,"#FFB3CC","#FFFFFF",0,"01100"
"entry5651","5237","mpah:110315938","gene","http://www.kegg.jp/dbget-bin/www_bget?mpah:110315938",NA,"rn:R05144",NA,NA,NA,"line",NA,NA,"#FFB3CC","#FFFFFF",0,"01100"
"entry5652","5238","mpah:110332422","gene","http://www.kegg.jp/dbget-bin/www_bget?mpah:110332422",NA,"rn:R03511",NA,NA,NA,"line",NA,NA,"#FFB3CC","#FFFFFF",0,"01100"
"entry5653","5239","mpah:110337573","gene","http://www.kegg.jp/dbget-bin/www_bget?mpah:110337573",NA,"rn:R03816",NA,NA,NA,"line",NA,NA,"#FFB3CC","#FFFFFF",0,"01100"
"entry5656","5251","mpah:110337573","gene","http://www.kegg.jp/dbget-bin/www_bget?mpah:110337573",NA,"rn:R02964",NA,NA,NA,"line",NA,NA,"#FFB3CC","#FFFFFF",0,"01100"
"entry5670","5325","mpah:110328215","gene","http://www.kegg.jp/dbget-bin/www_bget?mpah:110328215",NA,"rn:R04286",NA,NA,NA,"line",NA,NA,"#FFB3CC","#FFFFFF",0,"01100"
"entry5671","5327","mpah:110328950","gene","http://www.kegg.jp/dbget-bin/www_bget?mpah:110328950",NA,"rn:R11765",NA,NA,NA,"line",NA,NA,"#FFB3CC","#FFFFFF",0,"01100"
"entry5672","5328","mpah:110316619","gene","http://www.kegg.jp/dbget-bin/www_bget?mpah:110316619",NA,"rn:R08208",NA,NA,NA,"line",NA,NA,"#FFB3CC","#FFFFFF",0,"01100"
"entry5673","5330","mpah:110316619 / mpah:110329855 / mpah:110329915","gene","http://www.kegg.jp/dbget-bin/www_bget?mpah:110316619+mpah:110329855+mpah:110329915",NA,"rn:R02975",NA,NA,NA,"line",NA,NA,"#FFB3CC","#FFFFFF",0,"01100"
"entry5674","5332","mpah:110315099 / mpah:110315313 / mpah:110315329 / mpah:110315340 / mpah:110330299","gene","http://www.kegg.jp/dbget-bin/www_bget?mpah:110315099+mpah:110315313+mpah:110315329+mpah:110315340+mpah:110330299",NA,"rn:R11764",NA,NA,NA,"line",NA,NA,"#FFB3CC","#FFFFFF",0,"01100"
"entry5675","5333","mpah:110326908 / mpah:110334146","gene","http://www.kegg.jp/dbget-bin/www_bget?mpah:110326908+mpah:110334146",NA,"rn:R04734",NA,NA,NA,"line",NA,NA,"#FFB3CC","#FFFFFF",0,"01100"
"entry5676","5335","mpah:110326639 / mpah:110326744 / mpah:110327669 / mpah:110330199","gene","http://www.kegg.jp/dbget-bin/www_bget?mpah:110326639+mpah:110326744+mpah:110327669+mpah:110330199",NA,"rn:R07211 rn:R07212 rn:R07213",NA,NA,NA,"line",NA,NA,"#FFB3CC","#FFFFFF",0,"01100"
"entry5677","5342","mpah:110331802","gene","http://www.kegg.jp/dbget-bin/www_bget?mpah:110331802",NA,"rn:R05707 rn:R09750",NA,NA,NA,"line",NA,NA,"#FFB3CC","#FFFFFF",0,"01100"
"entry5678","5345","mpah:110335456","gene","http://www.kegg.jp/dbget-bin/www_bget?mpah:110335456",NA,"rn:R11372",NA,NA,NA,"line",NA,NA,"#FFB3CC","#FFFFFF",0,"01100"
"entry5679","5349","mpah:110316175 / mpah:110318801 / mpah:110323494 / mpah:110324394 / mpah:110328204 / mpah:110328789 / mpah:110331628 / mpah:110331972 / mpah:110332192","gene","http://www.kegg.jp/dbget-bin/www_bget?mpah:110316175+mpah:110318801+mpah:110323494+mpah:110324394+mpah:110328204+mpah:110328789+mpah:110331628+mpah:110331972+mpah:110332192",NA,"rn:R01227 rn:R01228",NA,NA,NA,"line",NA,NA,"#FF8080","#FFFFFF",0,"01100"
"entry5680","5350","mpah:110325500","gene","http://www.kegg.jp/dbget-bin/www_bget?mpah:110325500",NA,"rn:R01677 rn:R02147",NA,NA,NA,"line",NA,NA,"#FF8080","#FFFFFF",0,"01100"
"entry5681","5352","mpah:110325935","gene","http://www.kegg.jp/dbget-bin/www_bget?mpah:110325935",NA,"rn:R00428",NA,NA,NA,"line",NA,NA,"#FFB3CC","#FFFFFF",0,"01100"
"entry5682","5354","mpah:110325500","gene","http://www.kegg.jp/dbget-bin/www_bget?mpah:110325500",NA,"rn:R02557",NA,NA,NA,"line",NA,NA,"#FF8080","#FFFFFF",0,"01100"
"entry5683","5355","mpah:110328034","gene","http://www.kegg.jp/dbget-bin/www_bget?mpah:110328034",NA,"rn:R07939 rn:R07954",NA,NA,NA,"line",NA,NA,"#F06292","#FFFFFF",0,"01100"
"entry5684","5356","mpah:110315099 / mpah:110315313 / mpah:110315329 / mpah:110315340 / mpah:110329855 / mpah:110329915 / mpah:110330299","gene","http://www.kegg.jp/dbget-bin/www_bget?mpah:110315099+mpah:110315313+mpah:110315329+mpah:110315340+mpah:110329855+mpah:110329915+mpah:110330299",NA,"rn:R04285",NA,NA,NA,"line",NA,NA,"#FFB3CC","#FFFFFF",0,"01100"
"entry5685","5357","mpah:110316619","gene","http://www.kegg.jp/dbget-bin/www_bget?mpah:110316619",NA,"rn:R01813",NA,NA,NA,"line",NA,NA,"#FFB3CC","#FFFFFF",0,"01100"
"entry5686","5358","mpah:110330580","gene","http://www.kegg.jp/dbget-bin/www_bget?mpah:110330580",NA,"rn:R01793 rn:R01794",NA,NA,NA,"line",NA,NA,"#FFB3CC","#FFFFFF",0,"01100"
"entry5687","5359","mpah:110313454","gene","http://www.kegg.jp/dbget-bin/www_bget?mpah:110313454",NA,"rn:R02142",NA,NA,NA,"line",NA,NA,"#FF8080","#FFFFFF",0,"01100"
"entry5688","5360","mpah:110325500","gene","http://www.kegg.jp/dbget-bin/www_bget?mpah:110325500",NA,"rn:R01245 rn:R01561",NA,NA,NA,"line",NA,NA,"#FF8080","#FFFFFF",0,"01100"
"entry5689","5361","mpah:110317224 / mpah:110319883 / mpah:110320331","gene","http://www.kegg.jp/dbget-bin/www_bget?mpah:110317224+mpah:110319883+mpah:110320331",NA,"rn:R00181",NA,NA,NA,"line",NA,NA,"#FF8080","#FFFFFF",0,"01100"
"entry5690","5362","mpah:110324512 / mpah:110332415 / mpah:110334944","gene","http://www.kegg.jp/dbget-bin/www_bget?mpah:110324512+mpah:110332415+mpah:110334944",NA,"rn:R02017",NA,NA,NA,"line",NA,NA,"#FF8080","#FFFFFF",0,"01100"
"entry5691","5367","mpah:110316175 / mpah:110318801 / mpah:110323494 / mpah:110324394 / mpah:110328204 / mpah:110328789 / mpah:110331628 / mpah:110331972 / mpah:110332192","gene","http://www.kegg.jp/dbget-bin/www_bget?mpah:110316175+mpah:110318801+mpah:110323494+mpah:110324394+mpah:110328204+mpah:110328789+mpah:110331628+mpah:110331972+mpah:110332192",NA,"rn:R01126 rn:R01131",NA,NA,NA,"line",NA,NA,"#FF8080","#FFFFFF",0,"01100"
"entry5692","5368","mpah:110325500","gene","http://www.kegg.jp/dbget-bin/www_bget?mpah:110325500",NA,"rn:R01770 rn:R01863",NA,NA,NA,"line",NA,NA,"#FF8080","#FFFFFF",0,"01100"
"entry5693","5369","mpah:110313454","gene","http://www.kegg.jp/dbget-bin/www_bget?mpah:110313454",NA,"rn:R01128 rn:R01132",NA,NA,NA,"line",NA,NA,"#FF8080","#FFFFFF",0,"01100"
"entry5694","5370","mpah:110321725 / mpah:110324351","gene","http://www.kegg.jp/dbget-bin/www_bget?mpah:110321725+mpah:110324351",NA,"rn:R01135",NA,NA,NA,"line",NA,NA,"#FF8080","#FFFFFF",0,"01100"
"entry5695","5371","mpah:110334688","gene","http://www.kegg.jp/dbget-bin/www_bget?mpah:110334688",NA,"rn:R01083",NA,NA,NA,"line",NA,NA,"#FF8080","#FFFFFF",0,"01100"
"entry5696","5372","mpah:110316175 / mpah:110318801 / mpah:110323494 / mpah:110324394 / mpah:110325275 / mpah:110328204 / mpah:110328789 / mpah:110330622 / mpah:110331628 / mpah:110331972 / mpah:110332192","gene","http://www.kegg.jp/dbget-bin/www_bget?mpah:110316175+mpah:110318801+mpah:110323494+mpah:110324394+mpah:110325275+mpah:110328204+mpah:110328789+mpah:110330622+mpah:110331628+mpah:110331972+mpah:110332192",NA,"rn:R00183 rn:R00185",NA,NA,NA,"line",NA,NA,"#FF8080","#FFFFFF",0,"01100"
"entry5697","5373","mpah:110337592","gene","http://www.kegg.jp/dbget-bin/www_bget?mpah:110337592",NA,"rn:R00182 rn:R00190",NA,NA,NA,"line",NA,NA,"#FF8080","#FFFFFF",0,"01100"
"entry5698","5374","mpah:110318769 / mpah:110319182 / mpah:110319482 / mpah:110320440 / mpah:110323081 / mpah:110323215 / mpah:110324856 / mpah:110326188 / mpah:110326724 / mpah:110328569 / mpah:110328836 / mpah:110335474","gene","http://www.kegg.jp/dbget-bin/www_bget?mpah:110318769+mpah:110319182+mpah:110319482+mpah:110320440+mpah:110323081+mpah:110323215+mpah:110324856+mpah:110326188+mpah:110326724+mpah:110328569+mpah:110328836+mpah:110335474",NA,"rn:R00122 rn:R00127",NA,NA,NA,"line",NA,NA,"#FF8080","#FFFFFF",0,"01100"
"entry5699","5375","mpah:110316175 / mpah:110318801 / mpah:110323494 / mpah:110324394 / mpah:110328204 / mpah:110328789 / mpah:110331628 / mpah:110331972 / mpah:110332192","gene","http://www.kegg.jp/dbget-bin/www_bget?mpah:110316175+mpah:110318801+mpah:110323494+mpah:110324394+mpah:110328204+mpah:110328789+mpah:110331628+mpah:110331972+mpah:110332192",NA,"rn:R02719",NA,NA,NA,"line",NA,NA,"#FF8080","#FFFFFF",0,"01100"
"entry5700","5376","mpah:110325500","gene","http://www.kegg.jp/dbget-bin/www_bget?mpah:110325500",NA,"rn:R02143 rn:R02297",NA,NA,NA,"line",NA,NA,"#FF8080","#FFFFFF",0,"01100"
"entry5701","5377","mpah:110324512 / mpah:110332415 / mpah:110334944","gene","http://www.kegg.jp/dbget-bin/www_bget?mpah:110324512+mpah:110332415+mpah:110334944",NA,"rn:R02019",NA,NA,NA,"line",NA,NA,"#FF8080","#FFFFFF",0,"01100"
"entry5702","5379","mpah:110335631","gene","http://www.kegg.jp/dbget-bin/www_bget?mpah:110335631",NA,"rn:R06601",NA,NA,NA,"line",NA,NA,"#FF8080","#FFFFFF",0,"01100"
"entry5703","5383","mpah:110336889 / mpah:110336987 / mpah:110337099","gene","http://www.kegg.jp/dbget-bin/www_bget?mpah:110336889+mpah:110336987+mpah:110337099",NA,"rn:R07940",NA,NA,NA,"line",NA,NA,"#F06292","#FFFFFF",0,"01100"
"entry5704","5384","mpah:110328034","gene","http://www.kegg.jp/dbget-bin/www_bget?mpah:110328034",NA,"rn:R07943 rn:R07959 rn:R07960",NA,NA,NA,"line",NA,NA,"#F06292","#FFFFFF",0,"01100"
"entry5705","5392","mpah:110319598 / mpah:110324784 / mpah:110328235 / mpah:110333440 / mpah:110336841","gene","http://www.kegg.jp/dbget-bin/www_bget?mpah:110319598+mpah:110324784+mpah:110328235+mpah:110333440+mpah:110336841",NA,"rn:R00548 rn:R00549 rn:R00550 rn:R08574",NA,NA,NA,"line",NA,NA,"#FFB3CC","#FFFFFF",0,"01100"
"entry5706","5393","mpah:110320088 / mpah:110337984 / mpah:110338036","gene","http://www.kegg.jp/dbget-bin/www_bget?mpah:110320088+mpah:110337984+mpah:110338036",NA,"rn:R00160 rn:R00161",NA,NA,NA,"line",NA,NA,"#FFB3CC","#FFFFFF",0,"01100"
"entry5707","5394","mpah:110325935","gene","http://www.kegg.jp/dbget-bin/www_bget?mpah:110325935",NA,"rn:R05046",NA,NA,NA,"line",NA,NA,"#FFB3CC","#FFFFFF",0,"01100"
"entry5708","5395","mpah:110325935","gene","http://www.kegg.jp/dbget-bin/www_bget?mpah:110325935",NA,"rn:R05048",NA,NA,NA,"line",NA,NA,"#FFB3CC","#FFFFFF",0,"01100"
"entry5709","5396","mpah:110325935","gene","http://www.kegg.jp/dbget-bin/www_bget?mpah:110325935",NA,"rn:R04639",NA,NA,NA,"line",NA,NA,"#FFB3CC","#FFFFFF",0,"01100"
"entry5710","5397","mpah:110321885 / mpah:110321909 / mpah:110322118 / mpah:110322154 / mpah:110322797","gene","http://www.kegg.jp/dbget-bin/www_bget?mpah:110321885+mpah:110321909+mpah:110322118+mpah:110322154+mpah:110322797",NA,"rn:R04620",NA,NA,NA,"line",NA,NA,"#FFB3CC","#FFFFFF",0,"01100"
"entry5711","5400","mpah:110318401","gene","http://www.kegg.jp/dbget-bin/www_bget?mpah:110318401",NA,"rn:R02237",NA,NA,NA,"line",NA,NA,"#FFB3CC","#FFFFFF",0,"01100"
"entry5712","5401","mpah:110328950","gene","http://www.kegg.jp/dbget-bin/www_bget?mpah:110328950",NA,"rn:R00936 rn:R00939",NA,NA,NA,"line",NA,NA,"#FFB3CC","#FFFFFF",0,"01100"
"entry5713","5402","mpah:110328950","gene","http://www.kegg.jp/dbget-bin/www_bget?mpah:110328950",NA,"rn:R02235 rn:R02236",NA,NA,NA,"line",NA,NA,"#FFB3CC","#FFFFFF",0,"01100"
"entry5714","5403","mpah:110328950","gene","http://www.kegg.jp/dbget-bin/www_bget?mpah:110328950",NA,"rn:R00937 rn:R00940",NA,NA,NA,"line",NA,NA,"#FFB3CC","#FFFFFF",0,"01100"
"entry5715","5406","mpah:110323320","gene","http://www.kegg.jp/dbget-bin/www_bget?mpah:110323320",NA,"rn:R01217 rn:R01224 rn:R07168",NA,NA,NA,"line",NA,NA,"#FFB3CC","#FFFFFF",0,"01100"
"entry5716","5407","mpah:110327010","gene","http://www.kegg.jp/dbget-bin/www_bget?mpah:110327010",NA,"rn:R02302",NA,NA,NA,"line",NA,NA,"#FFB3CC","#FFFFFF",0,"01100"
"entry5717","5409","mpah:110327010","gene","http://www.kegg.jp/dbget-bin/www_bget?mpah:110327010",NA,"rn:R03189",NA,NA,NA,"line",NA,NA,"#FFB3CC","#FFFFFF",0,"01100"
"entry5718","5411","mpah:110326232 / mpah:110327854 / mpah:110331359","gene","http://www.kegg.jp/dbget-bin/www_bget?mpah:110326232+mpah:110327854+mpah:110331359",NA,"rn:R00945 rn:R01669 rn:R01225 rn:R04125 rn:R06613",NA,NA,NA,"line",NA,NA,"#FFB3CC","#FFFFFF",0,"01100"
"entry5719","5412","mpah:110321552 / mpah:110324943 / mpah:110329397 / mpah:110337874","gene","http://www.kegg.jp/dbget-bin/www_bget?mpah:110321552+mpah:110324943+mpah:110329397+mpah:110337874",NA,"rn:R00943 rn:R04325 rn:R04560",NA,NA,NA,"line",NA,NA,"#FFB3CC","#FFFFFF",0,"01100"
"entry5720","5413","mpah:110316109 / mpah:110324943 / mpah:110330651","gene","http://www.kegg.jp/dbget-bin/www_bget?mpah:110316109+mpah:110324943+mpah:110330651",NA,"rn:R01655",NA,NA,NA,"line",NA,NA,"#FFB3CC","#FFFFFF",0,"01100"
"entry5721","5414","mpah:110316109 / mpah:110324943 / mpah:110330651","gene","http://www.kegg.jp/dbget-bin/www_bget?mpah:110316109+mpah:110324943+mpah:110330651",NA,"rn:R01218 rn:R01220",NA,NA,NA,"line",NA,NA,"#FFB3CC","#FFFFFF",0,"01100"
"entry5722","5415","mpah:110318769 / mpah:110319182 / mpah:110320440 / mpah:110323081 / mpah:110323215 / mpah:110324856 / mpah:110326724 / mpah:110328836 / mpah:110335474","gene","http://www.kegg.jp/dbget-bin/www_bget?mpah:110318769+mpah:110319182+mpah:110320440+mpah:110323081+mpah:110323215+mpah:110324856+mpah:110326724+mpah:110328836+mpah:110335474",NA,"rn:R01547",NA,NA,NA,"line",NA,NA,"#FF8080","#FFFFFF",0,"01100"
"entry5723","5416","mpah:110325500","gene","http://www.kegg.jp/dbget-bin/www_bget?mpah:110325500",NA,"rn:R02748",NA,NA,NA,"line",NA,NA,"#FF8080","#FFFFFF",0,"01100"
"entry5724","5417","mpah:110331305","gene","http://www.kegg.jp/dbget-bin/www_bget?mpah:110331305",NA,"rn:R02090",NA,NA,NA,"line",NA,NA,"#FF8080","#FFFFFF",0,"01100"
"entry5725","5418","mpah:110316175 / mpah:110316470 / mpah:110318801 / mpah:110323494 / mpah:110324394 / mpah:110328204 / mpah:110328789 / mpah:110331628 / mpah:110331972 / mpah:110332192","gene","http://www.kegg.jp/dbget-bin/www_bget?mpah:110316175+mpah:110316470+mpah:110318801+mpah:110323494+mpah:110324394+mpah:110328204+mpah:110328789+mpah:110331628+mpah:110331972+mpah:110332192",NA,"rn:R01967 rn:R01968",NA,NA,NA,"line",NA,NA,"#FF8080","#FFFFFF",0,"01100"
"entry5774","5476","mpah:110329397","gene","http://www.kegg.jp/dbget-bin/www_bget?mpah:110329397",NA,"rn:R04326",NA,NA,NA,"line",NA,NA,"#FFB3CC","#FFFFFF",0,"01100"
"entry5778","5480","mpah:110329397","gene","http://www.kegg.jp/dbget-bin/www_bget?mpah:110329397",NA,"rn:R04208",NA,NA,NA,"line",NA,NA,"#FF8080","#FFFFFF",0,"01100"
"entry5779","5481","mpah:110321552","gene","http://www.kegg.jp/dbget-bin/www_bget?mpah:110321552",NA,"rn:R04560 rn:R06975",NA,NA,NA,"line",NA,NA,"#FF8080","#FFFFFF",0,"01100"
"entry5787","5506","mpah:110329041","gene","http://www.kegg.jp/dbget-bin/www_bget?mpah:110329041",NA,"rn:R09395",NA,NA,NA,"line",NA,NA,"#FFB3CC","#FFFFFF",0,"01100"
"entry5788","5507","mpah:110324199","gene","http://www.kegg.jp/dbget-bin/www_bget?mpah:110324199",NA,"rn:R09726",NA,NA,NA,"line",NA,NA,"#FFB3CC","#FFFFFF",0,"01100"
"entry5789","5508","mpah:110324199","gene","http://www.kegg.jp/dbget-bin/www_bget?mpah:110324199",NA,"rn:R09735",NA,NA,NA,"line",NA,NA,"#FFB3CC","#FFFFFF",0,"01100"
"entry5801","5533","mpah:110314736 / mpah:110320160 / mpah:110320304 / mpah:110320540 / mpah:110320697 / mpah:110322193","gene","http://www.kegg.jp/dbget-bin/www_bget?mpah:110314736+mpah:110320160+mpah:110320304+mpah:110320540+mpah:110320697+mpah:110322193",NA,"rn:R01206",NA,NA,NA,"line",NA,NA,"#B3B3E6","#FFFFFF",0,"01100"
"entry5804","5536","mpah:110322225 / mpah:110323062","gene","http://www.kegg.jp/dbget-bin/www_bget?mpah:110322225+mpah:110323062",NA,"rn:R01804 rn:R01811",NA,NA,NA,"line",NA,NA,"#B3B3E6","#FFFFFF",0,"01100"
"entry5807","5539","mpah:110325660 / mpah:110338064","gene","http://www.kegg.jp/dbget-bin/www_bget?mpah:110325660+mpah:110338064",NA,"rn:R02058 rn:R02059",NA,NA,NA,"line",NA,NA,"#B3B3E6","#FFFFFF",0,"01100"
"entry5809","5575","mpah:110313463 / mpah:110330658","gene","http://www.kegg.jp/dbget-bin/www_bget?mpah:110313463+mpah:110330658",NA,"rn:R02736 rn:R10907",NA,NA,NA,"line",NA,NA,"#6C63F6","#FFFFFF",0,"01100"
"entry5812","5596","mpah:110336544","gene","http://www.kegg.jp/dbget-bin/www_bget?mpah:110336544",NA,"rn:R07324",NA,NA,NA,"line",NA,NA,"#B3B3E6","#FFFFFF",0,"01100"
"entry5836","5622","mpah:110312755 / mpah:110330437","gene","http://www.kegg.jp/dbget-bin/www_bget?mpah:110312755+mpah:110330437",NA,"rn:R00342 rn:R00343",NA,NA,NA,"line",NA,NA,"#CC99FF","#FFFFFF",0,"01100"
"entry5843","5633","mpah:110322178 / mpah:110323139 / mpah:110324197 / mpah:110328112 / mpah:110328746","gene","http://www.kegg.jp/dbget-bin/www_bget?mpah:110322178+mpah:110323139+mpah:110324197+mpah:110328112+mpah:110328746",NA,"rn:R02164 rn:R00402 rn:R10660",NA,NA,NA,"line",NA,NA,"#6C63F6","#FFFFFF",0,"01100"
"entry5848","5643","mpah:110325271 / mpah:110327231 / mpah:110338255","gene","http://www.kegg.jp/dbget-bin/www_bget?mpah:110325271+mpah:110327231+mpah:110338255",NA,"rn:R00923 rn:R00930 rn:R01859",NA,NA,NA,"line",NA,NA,"#B3B3E6","#FFFFFF",0,"01100"
"entry5855","5676","mpah:110335921","gene","http://www.kegg.jp/dbget-bin/www_bget?mpah:110335921",NA,"rn:R01602",NA,NA,NA,"line",NA,NA,"#6C63F6","#FFFFFF",0,"01100"
"entry5856","5677","mpah:110323039","gene","http://www.kegg.jp/dbget-bin/www_bget?mpah:110323039",NA,"rn:R02736 rn:R02035",NA,NA,NA,"line",NA,NA,"#6C63F6","#FFFFFF",0,"01100"
"entry5864","5686","mpah:110324592","gene","http://www.kegg.jp/dbget-bin/www_bget?mpah:110324592",NA,"rn:R02750",NA,NA,NA,"line",NA,NA,"#6C63F6","#FFFFFF",0,"01100"
"entry5867","5689","mpah:110317091 / mpah:110320784 / mpah:110321241 / mpah:110322762 / mpah:110328704 / mpah:110330614 / mpah:110332267 / mpah:110337773","gene","http://www.kegg.jp/dbget-bin/www_bget?mpah:110317091+mpah:110320784+mpah:110321241+mpah:110322762+mpah:110328704+mpah:110330614+mpah:110332267+mpah:110337773",NA,"rn:R01061 rn:R01063",NA,NA,NA,"line",NA,NA,"#6C63F6","#FFFFFF",0,"01100"
"entry5891","5768","mpah:110318656 / mpah:110332417 / mpah:110335591","gene","http://www.kegg.jp/dbget-bin/www_bget?mpah:110318656+mpah:110332417+mpah:110335591",NA,"rn:R00367 rn:R00610 rn:R00611",NA,NA,NA,"line",NA,NA,"#FFCC66","#FFFFFF",0,"01100"
"entry5893","5779","mpah:110318848 / mpah:110337984 / mpah:110338036","gene","http://www.kegg.jp/dbget-bin/www_bget?mpah:110318848+mpah:110337984+mpah:110338036",NA,"rn:R00426",NA,NA,NA,"line",NA,NA,"#FF8080","#FFFFFF",0,"01100"
"entry5895","5781","mpah:110320139","gene","http://www.kegg.jp/dbget-bin/www_bget?mpah:110320139",NA,"rn:R03409",NA,NA,NA,"line",NA,NA,"#FF8080","#FFFFFF",0,"01100"
"entry5914","5865","mpah:110326789","gene","http://www.kegg.jp/dbget-bin/www_bget?mpah:110326789",NA,"rn:R00528 rn:R00533 rn:R11487",NA,NA,NA,"line",NA,NA,"#CC99FF","#FFFFFF",0,"01100"
"entry5926","5892","mpah:110336911","gene","http://www.kegg.jp/dbget-bin/www_bget?mpah:110336911",NA,"rn:R08678",NA,NA,NA,"line",NA,NA,"#CC99FF","#FFFFFF",0,"01100"
"entry5928","5894","mpah:110319011","gene","http://www.kegg.jp/dbget-bin/www_bget?mpah:110319011",NA,"rn:R11929",NA,NA,NA,"line",NA,NA,"#CC99FF","#FFFFFF",0,"01100"
"entry5932","5901","mpah:110338180","gene","http://www.kegg.jp/dbget-bin/www_bget?mpah:110338180",NA,"rn:R00891",NA,NA,NA,"line",NA,NA,"#FFCC66","#FFFFFF",0,"01100"
"entry5937","5929","mpah:110327310 / mpah:110336437","gene","http://www.kegg.jp/dbget-bin/www_bget?mpah:110327310+mpah:110336437",NA,"rn:R04225",NA,NA,NA,"line",NA,NA,"#FFCC66","#FFFFFF",0,"01100"
"entry5940","5932","mpah:110327310 / mpah:110336437","gene","http://www.kegg.jp/dbget-bin/www_bget?mpah:110327310+mpah:110336437",NA,"rn:R01701",NA,NA,NA,"line",NA,NA,"#FFCC66","#FFFFFF",0,"01100"
"entry5946","5939","mpah:110313054 / mpah:110321275 / mpah:110321290 / mpah:110321543 / mpah:110321921 / mpah:110323147 / mpah:110331656 / mpah:110333007","gene","http://www.kegg.jp/dbget-bin/www_bget?mpah:110313054+mpah:110321275+mpah:110321290+mpah:110321543+mpah:110321921+mpah:110323147+mpah:110331656+mpah:110333007",NA,"rn:R03869 rn:R03871 rn:R03872",NA,NA,NA,"line",NA,NA,"#FFCC66","#FFFFFF",0,"01100"
"entry5950","5945","mpah:110333007","gene","http://www.kegg.jp/dbget-bin/www_bget?mpah:110333007",NA,"rn:R03102 rn:R03103",NA,NA,NA,"line",NA,NA,"#FFCC66","#FFFFFF",0,"01100"
"entry5951","5946","mpah:110316418","gene","http://www.kegg.jp/dbget-bin/www_bget?mpah:110316418",NA,"rn:R02313 rn:R02315",NA,NA,NA,"line",NA,NA,"#FFCC66","#FFFFFF",0,"01100"
"entry5961","5994","mpah:110313452 / mpah:110313782","gene","http://www.kegg.jp/dbget-bin/www_bget?mpah:110313452+mpah:110313782",NA,"rn:R04025",NA,NA,NA,"line",NA,NA,"#FFCC66","#FFFFFF",0,"01100"
"entry5962","5995","mpah:110313054 / mpah:110321543 / mpah:110323147 / mpah:110331656 / mpah:110333007","gene","http://www.kegg.jp/dbget-bin/www_bget?mpah:110313054+mpah:110321543+mpah:110323147+mpah:110331656+mpah:110333007",NA,"rn:R05050",NA,NA,NA,"line",NA,NA,"#FFCC66","#FFFFFF",0,"01100"
"entry5966","6000","mpah:110321594 / mpah:110332161 / mpah:110334969 / mpah:110335390","gene","http://www.kegg.jp/dbget-bin/www_bget?mpah:110321594+mpah:110332161+mpah:110334969+mpah:110335390",NA,"rn:R03291 rn:R03293 rn:R03295",NA,NA,NA,"line",NA,NA,"#FFCC66","#FFFFFF",0,"01100"
"entry5967","6001","mpah:110321594 / mpah:110329890 / mpah:110332161 / mpah:110334969","gene","http://www.kegg.jp/dbget-bin/www_bget?mpah:110321594+mpah:110329890+mpah:110332161+mpah:110334969",NA,"rn:R01248 rn:R01251 rn:R01253 rn:R10507",NA,NA,NA,"line",NA,NA,"#FFCC66","#FFFFFF",0,"01100"
"entry5970","6004","mpah:110324263 / mpah:110326222 / mpah:110331503","gene","http://www.kegg.jp/dbget-bin/www_bget?mpah:110324263+mpah:110326222+mpah:110331503",NA,"rn:R01252",NA,NA,NA,"line",NA,NA,"#FFCC66","#FFFFFF",0,"01100"
"entry5992","6053","mpah:110330601","gene","http://www.kegg.jp/dbget-bin/www_bget?mpah:110330601",NA,"rn:R00736",NA,NA,NA,"line",NA,NA,"#CC99FF","#FFFFFF",0,"01100"
"entry6000","6073","mpah:110312930","gene","http://www.kegg.jp/dbget-bin/www_bget?mpah:110312930",NA,"rn:R01372",NA,NA,NA,"line",NA,NA,"#FFCC66","#FFFFFF",0,"01100"
"entry6005","6101","mpah:110328787","gene","http://www.kegg.jp/dbget-bin/www_bget?mpah:110328787",NA,"rn:R02082",NA,NA,NA,"line",NA,NA,"#9EE284","#FFFFFF",0,"01100"
"entry6011","6121","mpah:110317265","gene","http://www.kegg.jp/dbget-bin/www_bget?mpah:110317265",NA,"rn:R02174",NA,NA,NA,"line",NA,NA,"#FFCC66","#FFFFFF",0,"01100"
"entry6014","6128","mpah:110337001 / mpah:110337123","gene","http://www.kegg.jp/dbget-bin/www_bget?mpah:110337001+mpah:110337123",NA,"rn:R02702",NA,NA,NA,"line",NA,NA,"#FFCC66","#FFFFFF",0,"01100"
"entry6015","6129","mpah:110332394","gene","http://www.kegg.jp/dbget-bin/www_bget?mpah:110332394",NA,"rn:R04911",NA,NA,NA,"line",NA,NA,"#FFCC66","#FFFFFF",0,"01100"
"entry6016","6130","mpah:110330601","gene","http://www.kegg.jp/dbget-bin/www_bget?mpah:110330601",NA,"rn:R04909",NA,NA,NA,"line",NA,NA,"#FFCC66","#FFFFFF",0,"01100"
"entry6017","6131","mpah:110313452 / mpah:110313782","gene","http://www.kegg.jp/dbget-bin/www_bget?mpah:110313452+mpah:110313782",NA,"rn:R04908",NA,NA,NA,"line",NA,NA,"#FFCC66","#FFFFFF",0,"01100"
"entry6018","6132","mpah:110330601","gene","http://www.kegg.jp/dbget-bin/www_bget?mpah:110330601",NA,"rn:R02701",NA,NA,NA,"line",NA,NA,"#FFCC66","#FFFFFF",0,"01100"
"entry6019","6133","mpah:110332666","gene","http://www.kegg.jp/dbget-bin/www_bget?mpah:110332666",NA,"rn:R02911",NA,NA,NA,"line",NA,NA,"#FFCC66","#FFFFFF",0,"01100"
"entry6020","6134","mpah:110315745","gene","http://www.kegg.jp/dbget-bin/www_bget?mpah:110315745",NA,"rn:R03130",NA,NA,NA,"line",NA,NA,"#FFCC66","#FFFFFF",0,"01100"
"entry6033","6163","mpah:110336527","gene","http://www.kegg.jp/dbget-bin/www_bget?mpah:110336527",NA,"rn:R00912 rn:R03935",NA,NA,NA,"line",NA,NA,"#FF9900","#FFFFFF",0,"01100"
"entry6036","6167","mpah:110317636 / mpah:110317896 / mpah:110318146 / mpah:110326820 / mpah:110334767","gene","http://www.kegg.jp/dbget-bin/www_bget?mpah:110317636+mpah:110317896+mpah:110318146+mpah:110326820+mpah:110334767",NA,"rn:R01682",NA,NA,NA,"line",NA,NA,"#FF9900","#FFFFFF",0,"01100"
"entry6058","6235","mpah:110326095 / mpah:110326858 / mpah:110332696","gene","http://www.kegg.jp/dbget-bin/www_bget?mpah:110326095+mpah:110326858+mpah:110332696",NA,"rn:R00351 rn:R00352",NA,NA,NA,"line",NA,NA,"#6C63F6","#FFFFFF",0,"01100"
"entry6076","6261","mpah:110334834","gene","http://www.kegg.jp/dbget-bin/www_bget?mpah:110334834",NA,"rn:R06264",NA,NA,NA,"line",NA,NA,"#99CCFF","#FFFFFF",0,"01100"
"entry6080","6265","mpah:110339056","gene","http://www.kegg.jp/dbget-bin/www_bget?mpah:110339056",NA,NA,NA,NA,NA,"line",NA,NA,"#99CCFF","#FFFFFF",0,"01100"
"entry6081","6266","mpah:110337430","gene","http://www.kegg.jp/dbget-bin/www_bget?mpah:110337430",NA,NA,NA,NA,NA,"line",NA,NA,"#99CCFF","#FFFFFF",0,"01100"
"entry6085","6650","mpah:110323450","gene","http://www.kegg.jp/dbget-bin/www_bget?mpah:110323450",NA,"rn:R03543",NA,NA,NA,"line",NA,NA,"#DA8E82","#FFFFFF",0,"01100"
"entry6091","6753","mpah:110332881","gene","http://www.kegg.jp/dbget-bin/www_bget?mpah:110332881",NA,"rn:R04812",NA,NA,NA,"line",NA,NA,"#80CCCC","#FFFFFF",0,"01100"
"entry6092","6754","mpah:110323775 / mpah:110323900","gene","http://www.kegg.jp/dbget-bin/www_bget?mpah:110323775+mpah:110323900",NA,"rn:R03718",NA,NA,NA,"line",NA,NA,"#80CCCC","#FFFFFF",0,"01100"
"entry6093","6755","mpah:110332881","gene","http://www.kegg.jp/dbget-bin/www_bget?mpah:110332881",NA,"rn:R04809",NA,NA,NA,"line",NA,NA,"#80CCCC","#FFFFFF",0,"01100"
"entry6094","6756","mpah:110332881","gene","http://www.kegg.jp/dbget-bin/www_bget?mpah:110332881",NA,"rn:R04813",NA,NA,NA,"line",NA,NA,"#80CCCC","#FFFFFF",0,"01100"
"entry6095","6757","mpah:110323135","gene","http://www.kegg.jp/dbget-bin/www_bget?mpah:110323135",NA,"rn:R03719",NA,NA,NA,"line",NA,NA,"#80CCCC","#FFFFFF",0,"01100"
"entry6096","6758","mpah:110318159 / mpah:110336881","gene","http://www.kegg.jp/dbget-bin/www_bget?mpah:110318159+mpah:110336881",NA,"rn:R02794 rn:R07296",NA,NA,NA,"line",NA,NA,"#80CCCC","#FFFFFF",0,"01100"
"entry6097","6760","mpah:110323775 / mpah:110323900","gene","http://www.kegg.jp/dbget-bin/www_bget?mpah:110323775+mpah:110323900",NA,"rn:R03720",NA,NA,NA,"line",NA,NA,"#80CCCC","#FFFFFF",0,"01100"
"entry6106","6770","mpah:110332881","gene","http://www.kegg.jp/dbget-bin/www_bget?mpah:110332881",NA,"rn:R04810",NA,NA,NA,"line",NA,NA,"#80CCCC","#FFFFFF",0,"01100"
"entry6107","6771","mpah:110323135","gene","http://www.kegg.jp/dbget-bin/www_bget?mpah:110323135",NA,"rn:R04811",NA,NA,NA,"line",NA,NA,"#80CCCC","#FFFFFF",0,"01100"
"entry6108","6772","mpah:110318159 / mpah:110336881","gene","http://www.kegg.jp/dbget-bin/www_bget?mpah:110318159+mpah:110336881",NA,"rn:R03974 rn:R08743",NA,NA,NA,"line",NA,NA,"#80CCCC","#FFFFFF",0,"01100"
"entry6113","6788","mpah:110318232 / mpah:110323660 / mpah:110326979 / mpah:110327331 / mpah:110330872 / mpah:110332489 / mpah:110334014","gene","http://www.kegg.jp/dbget-bin/www_bget?mpah:110318232+mpah:110323660+mpah:110326979+mpah:110327331+mpah:110330872+mpah:110332489+mpah:110334014",NA,NA,NA,NA,NA,"line",NA,NA,"#CC99FF","#FFFFFF",0,"01100"
"entry6114","6790","mpah:110313018 / mpah:110313979 / mpah:110319299 / mpah:110322258 / mpah:110324960 / mpah:110325548 / mpah:110325962 / mpah:110328046 / mpah:110328169 / mpah:110329085 / mpah:110330051 / mpah:110330226 / mpah:110331676 / mpah:110331720 / mpah:110332346 / mpah:110332943 / mpah:110335202 / mpah:110335711 / mpah:110336798 / mpah:110337554 / mpah:110338814 / mpah:110339130 / mpah:36165339 / mpah:36165343 / mpah:36165346","gene","http://www.kegg.jp/dbget-bin/www_bget?mpah:110313018+mpah:110313979+mpah:110319299+mpah:110322258+mpah:110324960+mpah:110325548+mpah:110325962+mpah:110328046+mpah:110328169+mpah:110329085+mpah:110330051+mpah:110330226+mpah:110331676+mpah:110331720+mpah:110332346+mpah:110332943+mpah:110335202+mpah:110335711+mpah:110336798+mpah:110337554+mpah:110338814+mpah:110339130+mpah:36165339+mpah:36165343+mpah:36165346",NA,NA,NA,NA,NA,"line",NA,NA,"#CC99FF","#FFFFFF",0,"01100"
"entry6115","6793","mpah:110331676","gene","http://www.kegg.jp/dbget-bin/www_bget?mpah:110331676",NA,NA,NA,NA,NA,"line",NA,NA,"#CC99FF","#FFFFFF",0,"01100"
"entry6116","6796","mpah:110313222 / mpah:110313377 / mpah:110315964 / mpah:110316108 / mpah:110316557 / mpah:110316644 / mpah:110316696 / mpah:110316697 / mpah:110318096 / mpah:110318121 / mpah:110318554 / mpah:110319359 / mpah:110320209 / mpah:110320480 / mpah:110322621 / mpah:110323004 / mpah:110323169 / mpah:110324404 / mpah:110324657 / mpah:110324968 / mpah:110325315 / mpah:110326266 / mpah:110326670 / mpah:110327846 / mpah:110329067 / mpah:110329594 / mpah:110329651 / mpah:110329905 / mpah:110330930 / mpah:110331847 / mpah:110332247 / mpah:110332361 / mpah:110333376 / mpah:110333647 / mpah:110334697 / mpah:110334965 / mpah:110335431 / mpah:110335958 / mpah:110336762 / mpah:110336832 / mpah:110337411 / mpah:110338063 / mpah:110338388 / mpah:110338621 / mpah:110338819 / mpah:110339027 / mpah:36165340 / mpah:36165341","gene","http://www.kegg.jp/dbget-bin/www_bget?mpah:110313222+mpah:110313377+mpah:110315964+mpah:110316108+mpah:110316557+mpah:110316644+mpah:110316696+mpah:110316697+mpah:110318096+mpah:110318121+mpah:110318554+mpah:110319359+mpah:110320209+mpah:110320480+mpah:110322621+mpah:110323004+mpah:110323169+mpah:110324404+mpah:110324657+mpah:110324968+mpah:110325315+mpah:110326266+mpah:110326670+mpah:110327846+mpah:110329067+mpah:110329594+mpah:110329651+mpah:110329905+mpah:110330930+mpah:110331847+mpah:110332247+mpah:110332361+mpah:110333376+mpah:110333647+mpah:110334697+mpah:110334965+mpah:110335431+mpah:110335958+mpah:110336762+mpah:110336832+mpah:110337411+mpah:110338063+mpah:110338388+mpah:110338621+mpah:110338819+mpah:110339027+mpah:36165340+mpah:36165341",NA,NA,NA,NA,NA,"line",NA,NA,"#CC99FF","#FFFFFF",0,"01100"
"entry6117","6822","mpah:110333870 / mpah:110334724 / mpah:36165327","gene","http://www.kegg.jp/dbget-bin/www_bget?mpah:110333870+mpah:110334724+mpah:36165327",NA,NA,NA,NA,NA,"line",NA,NA,"#CC99FF","#FFFFFF",0,"01100"
"entry6118","6840","mpah:110313685 / mpah:110314570 / mpah:110316386 / mpah:110316704 / mpah:110316888 / mpah:110317006 / mpah:110317149 / mpah:110318572 / mpah:110318772 / mpah:110320492 / mpah:110320722 / mpah:110321204 / mpah:110321406 / mpah:110321748 / mpah:110322308 / mpah:110323693 / mpah:110324555 / mpah:110326037 / mpah:110326234 / mpah:110326784 / mpah:110326881 / mpah:110327359 / mpah:110328243 / mpah:110329019 / mpah:110329167 / mpah:110329959 / mpah:110331668 / mpah:110332408 / mpah:110333203 / mpah:110334970 / mpah:110335084 / mpah:110335628 / mpah:110335777 / mpah:110335867 / mpah:110336643 / mpah:110337062 / mpah:110337650 / mpah:110338235 / mpah:110338345 / mpah:36165329 / mpah:36165330 / mpah:36165334 / mpah:36165335 / mpah:36165337 / mpah:36165352 / mpah:36165356","gene","http://www.kegg.jp/dbget-bin/www_bget?mpah:110313685+mpah:110314570+mpah:110316386+mpah:110316704+mpah:110316888+mpah:110317006+mpah:110317149+mpah:110318572+mpah:110318772+mpah:110320492+mpah:110320722+mpah:110321204+mpah:110321406+mpah:110321748+mpah:110322308+mpah:110323693+mpah:110324555+mpah:110326037+mpah:110326234+mpah:110326784+mpah:110326881+mpah:110327359+mpah:110328243+mpah:110329019+mpah:110329167+mpah:110329959+mpah:110331668+mpah:110332408+mpah:110333203+mpah:110334970+mpah:110335084+mpah:110335628+mpah:110335777+mpah:110335867+mpah:110336643+mpah:110337062+mpah:110337650+mpah:110338235+mpah:110338345+mpah:36165329+mpah:36165330+mpah:36165334+mpah:36165335+mpah:36165337+mpah:36165352+mpah:36165356",NA,NA,NA,NA,NA,"line",NA,NA,"#CC99FF","#FFFFFF",0,"01100"
"entry6146","2318","mpah:110336636","gene","http://www.kegg.jp/dbget-bin/www_bget?mpah:110336636",NA,"rn:R07509",NA,NA,NA,"line",NA,NA,"#80CCCC","#FFFFFF",0,"01100"
"entry6150","6930","mpah:110322485 / mpah:110323294 / mpah:110323710 / mpah:110324488 / mpah:110326500 / mpah:110328777 / mpah:110332158","gene","http://www.kegg.jp/dbget-bin/www_bget?mpah:110322485+mpah:110323294+mpah:110323710+mpah:110324488+mpah:110326500+mpah:110328777+mpah:110332158",NA,"rn:R02976 rn:R06520",NA,NA,NA,"line",NA,NA,"#80CCB3","#FFFFFF",0,"01100"
"entry6151","2510","mpah:110318337 / mpah:110320738 / mpah:110328611 / mpah:110332014 / mpah:110333640 / mpah:110334738 / mpah:110336346 / mpah:110336399 / mpah:110336871","gene","http://www.kegg.jp/dbget-bin/www_bget?mpah:110318337+mpah:110320738+mpah:110328611+mpah:110332014+mpah:110333640+mpah:110334738+mpah:110336346+mpah:110336399+mpah:110336871",NA,"rn:R06517 rn:R06518",NA,NA,NA,"line",NA,NA,"#80CCB3","#FFFFFF",0,"01100"
"entry6155","6932","mpah:110312745 / mpah:110312821 / mpah:110313347 / mpah:110313856 / mpah:110315211 / mpah:110316198 / mpah:110316349 / mpah:110317687 / mpah:110317691 / mpah:110320364 / mpah:110320636 / mpah:110320737 / mpah:110321293 / mpah:110322084 / mpah:110322886 / mpah:110325326 / mpah:110326191 / mpah:110327485 / mpah:110330238 / mpah:110331872 / mpah:110333293 / mpah:110333642 / mpah:110334011 / mpah:110334561 / mpah:110335712 / mpah:110335935 / mpah:110337154 / mpah:110338243 / mpah:110338314","gene","http://www.kegg.jp/dbget-bin/www_bget?mpah:110312745+mpah:110312821+mpah:110313347+mpah:110313856+mpah:110315211+mpah:110316198+mpah:110316349+mpah:110317687+mpah:110317691+mpah:110320364+mpah:110320636+mpah:110320737+mpah:110321293+mpah:110322084+mpah:110322886+mpah:110325326+mpah:110326191+mpah:110327485+mpah:110330238+mpah:110331872+mpah:110333293+mpah:110333642+mpah:110334011+mpah:110334561+mpah:110335712+mpah:110335935+mpah:110337154+mpah:110338243+mpah:110338314",NA,"rn:R03875",NA,NA,NA,"line",NA,NA,"#FFCC66","#FFFFFF",0,"01100"
"entry6156","6933","mpah:110312745 / mpah:110313347 / mpah:110313856 / mpah:110315211 / mpah:110316198 / mpah:110316349 / mpah:110317184 / mpah:110317687 / mpah:110317691 / mpah:110320364 / mpah:110320636 / mpah:110320737 / mpah:110321293 / mpah:110322084 / mpah:110322886 / mpah:110325326 / mpah:110326191 / mpah:110327485 / mpah:110330238 / mpah:110331872 / mpah:110333642 / mpah:110334011 / mpah:110334213 / mpah:110334561 / mpah:110335712 / mpah:110335935 / mpah:110336454 / mpah:110337154 / mpah:110338243 / mpah:110338314","gene","http://www.kegg.jp/dbget-bin/www_bget?mpah:110312745+mpah:110313347+mpah:110313856+mpah:110315211+mpah:110316198+mpah:110316349+mpah:110317184+mpah:110317687+mpah:110317691+mpah:110320364+mpah:110320636+mpah:110320737+mpah:110321293+mpah:110322084+mpah:110322886+mpah:110325326+mpah:110326191+mpah:110327485+mpah:110330238+mpah:110331872+mpah:110333642+mpah:110334011+mpah:110334213+mpah:110334561+mpah:110335712+mpah:110335935+mpah:110336454+mpah:110337154+mpah:110338243+mpah:110338314",NA,"rn:R04866",NA,NA,NA,"line",NA,NA,"#FFCC66","#FFFFFF",0,"01100"
"entry6157","6934","mpah:110312745 / mpah:110313347 / mpah:110313856 / mpah:110315211 / mpah:110316198 / mpah:110316349 / mpah:110317184 / mpah:110317687 / mpah:110317691 / mpah:110320364 / mpah:110320636 / mpah:110320737 / mpah:110321293 / mpah:110322084 / mpah:110322886 / mpah:110325326 / mpah:110326191 / mpah:110327485 / mpah:110328077 / mpah:110330238 / mpah:110331872 / mpah:110333642 / mpah:110334011 / mpah:110334561 / mpah:110335712 / mpah:110335935 / mpah:110337154 / mpah:110338243 / mpah:110338314","gene","http://www.kegg.jp/dbget-bin/www_bget?mpah:110312745+mpah:110313347+mpah:110313856+mpah:110315211+mpah:110316198+mpah:110316349+mpah:110317184+mpah:110317687+mpah:110317691+mpah:110320364+mpah:110320636+mpah:110320737+mpah:110321293+mpah:110322084+mpah:110322886+mpah:110325326+mpah:110326191+mpah:110327485+mpah:110328077+mpah:110330238+mpah:110331872+mpah:110333642+mpah:110334011+mpah:110334561+mpah:110335712+mpah:110335935+mpah:110337154+mpah:110338243+mpah:110338314",NA,"rn:R04867",NA,NA,NA,"line",NA,NA,"#FFCC66","#FFFFFF",0,"01100"
"entry6158","6936","mpah:110314603","gene","http://www.kegg.jp/dbget-bin/www_bget?mpah:110314603",NA,"rn:R03451",NA,NA,NA,"line",NA,NA,"#FFCC66","#FFFFFF",0,"01100"
"entry6159","6938","mpah:110313054 / mpah:110321543 / mpah:110323147 / mpah:110331656 / mpah:110333007","gene","http://www.kegg.jp/dbget-bin/www_bget?mpah:110313054+mpah:110321543+mpah:110323147+mpah:110331656+mpah:110333007",NA,"rn:R03283",NA,NA,NA,"line",NA,NA,"#FFCC66","#FFFFFF",0,"01100"
"entry6160","6939","mpah:110319316","gene","http://www.kegg.jp/dbget-bin/www_bget?mpah:110319316",NA,"rn:R02397",NA,NA,NA,"line",NA,NA,"#FFCC66","#FFFFFF",0,"01100"
"entry6161","6940","mpah:110322828 / mpah:110327389","gene","http://www.kegg.jp/dbget-bin/www_bget?mpah:110322828+mpah:110327389",NA,"rn:R03376",NA,NA,NA,"line",NA,NA,"#FFCC66","#FFFFFF",0,"01100"
"entry6162","6941","mpah:110321624 / mpah:110336530 / mpah:110339077","gene","http://www.kegg.jp/dbget-bin/www_bget?mpah:110321624+mpah:110336530+mpah:110339077",NA,"rn:R03380",NA,NA,NA,"line",NA,NA,"#FFCC66","#FFFFFF",0,"01100"
