"","entryID","name","type","link","component","reaction","map","x","y","graphicalType","width","height","fgcolor","bgcolor","freq","pathway"
"entry4678","6960","pln:Plano_2664","gene","http://www.kegg.jp/dbget-bin/www_bget?pln:Plano_2664",NA,NA,NA,NA,NA,"line",NA,NA,"#99CCFF","#FFFFFF",0,"01100"
"entry4679","1657","pln:Plano_0869","gene","http://www.kegg.jp/dbget-bin/www_bget?pln:Plano_0869",NA,"rn:R11143",NA,NA,NA,"line",NA,NA,"#FFB3CC","#FFFFFF",0,"01100"
"entry4680","6918","pln:Plano_0869","gene","http://www.kegg.jp/dbget-bin/www_bget?pln:Plano_0869",NA,"rn:R12433",NA,NA,NA,"line",NA,NA,"#FFB3CC","#FFFFFF",0,"01100"
"entry4681","6920","pln:Plano_0869","gene","http://www.kegg.jp/dbget-bin/www_bget?pln:Plano_0869",NA,"rn:R12434",NA,NA,NA,"line",NA,NA,"#FFB3CC","#FFFFFF",0,"01100"
"entry4682","6921","pln:Plano_0950","gene","http://www.kegg.jp/dbget-bin/www_bget?pln:Plano_0950",NA,"rn:R12423",NA,NA,NA,"line",NA,NA,"#FFB3CC","#FFFFFF",0,"01100"
"entry4683","6922","pln:Plano_0950","gene","http://www.kegg.jp/dbget-bin/www_bget?pln:Plano_0950",NA,"rn:R12424",NA,NA,NA,"line",NA,NA,"#FFB3CC","#FFFFFF",0,"01100"
"entry4684","6923","pln:Plano_2452","gene","http://www.kegg.jp/dbget-bin/www_bget?pln:Plano_2452",NA,"rn:R12432",NA,NA,NA,"line",NA,NA,"#FFB3CC","#FFFFFF",0,"01100"
"entry4685","6924","pln:Plano_2452","gene","http://www.kegg.jp/dbget-bin/www_bget?pln:Plano_2452",NA,"rn:R12425",NA,NA,NA,"line",NA,NA,"#FFB3CC","#FFFFFF",0,"01100"
"entry4686","6926","pln:Plano_1341","gene","http://www.kegg.jp/dbget-bin/www_bget?pln:Plano_1341",NA,"rn:R12428",NA,NA,NA,"line",NA,NA,"#FFB3CC","#FFFFFF",0,"01100"
"entry4687","21","pln:Plano_2113","gene","http://www.kegg.jp/dbget-bin/www_bget?pln:Plano_2113",NA,"rn:R02768 rn:R04355",NA,NA,NA,"line",NA,NA,"#80CCCC","#FFFFFF",0,"01100"
"entry4688","22","pln:Plano_1922","gene","http://www.kegg.jp/dbget-bin/www_bget?pln:Plano_1922",NA,"rn:R01626",NA,NA,NA,"line",NA,NA,"#80CCCC","#FFFFFF",0,"01100"
"entry4689","23","pln:Plano_0300 / pln:Plano_0624 / pln:Plano_0688 / pln:Plano_0719 / pln:Plano_1518 / pln:Plano_1863 / pln:Plano_1921","gene","http://www.kegg.jp/dbget-bin/www_bget?pln:Plano_0300+pln:Plano_0624+pln:Plano_0688+pln:Plano_0719+pln:Plano_1518+pln:Plano_1863+pln:Plano_1921",NA,"rn:R02767",NA,NA,NA,"line",NA,NA,"#80CCCC","#FFFFFF",0,"01100"
"entry4690","34","pln:Plano_0088","gene","http://www.kegg.jp/dbget-bin/www_bget?pln:Plano_0088",NA,"rn:R00551",NA,NA,NA,"line",NA,NA,"#FFCC66","#FFFFFF",0,"01100"
"entry4691","40","pln:Plano_1159 / pln:Plano_1160 / pln:Plano_1161","gene","http://www.kegg.jp/dbget-bin/www_bget?pln:Plano_1159+pln:Plano_1160+pln:Plano_1161",NA,NA,NA,NA,NA,"line",NA,NA,"#CC99FF","#FFFFFF",0,"01100"
"entry4692","50","pln:Plano_0925","gene","http://www.kegg.jp/dbget-bin/www_bget?pln:Plano_0925",NA,"rn:R05305",NA,NA,NA,"line",NA,NA,"#DA8E82","#FFFFFF",0,"01100"
"entry4693","119","pln:Plano_2459","gene","http://www.kegg.jp/dbget-bin/www_bget?pln:Plano_2459",NA,"rn:R00173",NA,NA,NA,"line",NA,NA,"#FFB3CC","#FFFFFF",0,"01100"
"entry4694","134","pln:Plano_2257","gene","http://www.kegg.jp/dbget-bin/www_bget?pln:Plano_2257",NA,"rn:R00883 rn:R00885",NA,NA,NA,"line",NA,NA,"#B3B3E6","#FFFFFF",0,"01100"
"entry4695","147","pln:Plano_1092","gene","http://www.kegg.jp/dbget-bin/www_bget?pln:Plano_1092",NA,"rn:R09959",NA,NA,NA,"line",NA,NA,"#FFB3CC","#FFFFFF",0,"01100"
"entry4696","163","pln:Plano_0365 / pln:Plano_0926","gene","http://www.kegg.jp/dbget-bin/www_bget?pln:Plano_0365+pln:Plano_0926",NA,"rn:R05586",NA,NA,NA,"line",NA,NA,"#DA8E82","#FFFFFF",0,"01100"
"entry4698","165","pln:Plano_0640","gene","http://www.kegg.jp/dbget-bin/www_bget?pln:Plano_0640",NA,"rn:R05579",NA,NA,NA,"line",NA,NA,"#DA8E82","#FFFFFF",0,"01100"
"entry4699","195","pln:Plano_1920","gene","http://www.kegg.jp/dbget-bin/www_bget?pln:Plano_1920",NA,"rn:R12049",NA,NA,NA,"line",NA,NA,"#F06292","#FFFFFF",0,"01100"
"entry4701","212","pln:Plano_2716","gene","http://www.kegg.jp/dbget-bin/www_bget?pln:Plano_2716",NA,"rn:R02065",NA,NA,NA,"line",NA,NA,"#9EE284","#FFFFFF",0,"01100"
"entry4702","250","pln:Plano_0692","gene","http://www.kegg.jp/dbget-bin/www_bget?pln:Plano_0692",NA,"rn:R09707",NA,NA,NA,"line",NA,NA,"#F06292","#FFFFFF",0,"01100"
"entry4703","380","pln:Plano_2267","gene","http://www.kegg.jp/dbget-bin/www_bget?pln:Plano_2267",NA,"rn:R02328",NA,NA,NA,"line",NA,NA,"#9EE284","#FFFFFF",0,"01100"
"entry4704","381","pln:Plano_2266 / pln:Plano_2342","gene","http://www.kegg.jp/dbget-bin/www_bget?pln:Plano_2266+pln:Plano_2342",NA,"rn:R06513",NA,NA,NA,"line",NA,NA,"#9EE284","#FFFFFF",0,"01100"
"entry4706","560","pln:Plano_0988","gene","http://www.kegg.jp/dbget-bin/www_bget?pln:Plano_0988",NA,"rn:R10757",NA,NA,NA,"line",NA,NA,"#FFB3CC","#FFFFFF",0,"01100"
"entry4707","568","pln:Plano_0737","gene","http://www.kegg.jp/dbget-bin/www_bget?pln:Plano_0737",NA,"rn:R01072",NA,NA,NA,"line",NA,NA,"#FF8080","#FFFFFF",0,"01100"
"entry4708","570","pln:Plano_2603","gene","http://www.kegg.jp/dbget-bin/www_bget?pln:Plano_2603",NA,"rn:R07281",NA,NA,NA,"line",NA,NA,"#FFB3CC","#FFFFFF",0,"01100"
"entry4709","601","pln:Plano_1366 / pln:Plano_2022","gene","http://www.kegg.jp/dbget-bin/www_bget?pln:Plano_1366+pln:Plano_2022",NA,"rn:R07618",NA,NA,NA,"line",NA,NA,"#FFCC66","#FFFFFF",0,"01100"
"entry4710","602","pln:Plano_1367 / pln:Plano_1368","gene","http://www.kegg.jp/dbget-bin/www_bget?pln:Plano_1367+pln:Plano_1368",NA,"rn:R01702 rn:R07601 rn:R07602",NA,NA,NA,"line",NA,NA,"#FFCC66","#FFFFFF",0,"01100"
"entry4711","604","pln:Plano_1369","gene","http://www.kegg.jp/dbget-bin/www_bget?pln:Plano_1369",NA,"rn:R04097",NA,NA,NA,"line",NA,NA,"#FFCC66","#FFFFFF",0,"01100"
"entry4713","609","pln:Plano_1407 / pln:Plano_2521","gene","http://www.kegg.jp/dbget-bin/www_bget?pln:Plano_1407+pln:Plano_2521",NA,"rn:R12241",NA,NA,NA,"line",NA,NA,"#80CCB3","#FFFFFF",0,"01100"
"entry4714","611","pln:Plano_1923","gene","http://www.kegg.jp/dbget-bin/www_bget?pln:Plano_1923",NA,"rn:R12240",NA,NA,NA,"line",NA,NA,"#80CCB3","#FFFFFF",0,"01100"
"entry4715","624","pln:Plano_0661 / pln:Plano_2417","gene","http://www.kegg.jp/dbget-bin/www_bget?pln:Plano_0661+pln:Plano_2417",NA,"rn:R01068",NA,NA,NA,"line",NA,NA,"#CC99FF","#FFFFFF",0,"01100"
"entry4716","629","pln:Plano_0609","gene","http://www.kegg.jp/dbget-bin/www_bget?pln:Plano_0609",NA,"rn:R08572",NA,NA,NA,"line",NA,NA,"#CC99FF","#FFFFFF",0,"01100"
"entry4717","635","pln:Plano_2404","gene","http://www.kegg.jp/dbget-bin/www_bget?pln:Plano_2404",NA,"rn:R00945",NA,NA,NA,"line",NA,NA,"#FFCC66","#FFFFFF",0,"01100"
"entry4718","637","pln:Plano_1337","gene","http://www.kegg.jp/dbget-bin/www_bget?pln:Plano_1337",NA,"rn:R04125",NA,NA,NA,"line",NA,NA,"#FFCC66","#FFFFFF",0,"01100"
"entry4719","643","pln:Plano_0233","gene","http://www.kegg.jp/dbget-bin/www_bget?pln:Plano_0233",NA,"rn:R00943",NA,NA,NA,"line",NA,NA,"#CC99FF","#FFFFFF",0,"01100"
"entry4720","645","pln:Plano_0469","gene","http://www.kegg.jp/dbget-bin/www_bget?pln:Plano_0469",NA,"rn:R07168",NA,NA,NA,"line",NA,NA,"#CC99FF","#FFFFFF",0,"01100"
"entry4722","656","pln:Plano_1369","gene","http://www.kegg.jp/dbget-bin/www_bget?pln:Plano_1369",NA,"rn:R10998",NA,NA,NA,"line",NA,NA,"#B3B3E6","#FFFFFF",0,"01100"
"entry4723","672","pln:Plano_2545","gene","http://www.kegg.jp/dbget-bin/www_bget?pln:Plano_2545",NA,"rn:R03916",NA,NA,NA,"line",NA,NA,"#FF9900","#FFFFFF",0,"01100"
"entry4724","673","pln:Plano_0964","gene","http://www.kegg.jp/dbget-bin/www_bget?pln:Plano_0964",NA,"rn:R04951",NA,NA,NA,"line",NA,NA,"#FF9900","#FFFFFF",0,"01100"
"entry4725","675","pln:Plano_2887","gene","http://www.kegg.jp/dbget-bin/www_bget?pln:Plano_2887",NA,"rn:R00115 rn:R00120 rn:R00274 rn:R01108 rn:R01109 rn:R01110 rn:R01111 rn:R01875 rn:R02824 rn:R03167 rn:R03915 rn:R03984 rn:R04039",NA,NA,NA,"line",NA,NA,"#FF9900","#FFFFFF",0,"01100"
"entry4726","682","pln:Plano_0157","gene","http://www.kegg.jp/dbget-bin/www_bget?pln:Plano_0157",NA,"rn:R00251",NA,NA,NA,"line",NA,NA,"#FF9900","#FFFFFF",0,"01100"
"entry4727","683","pln:Plano_0735 / pln:Plano_1845 / pln:Plano_2538 / pln:Plano_2850","gene","http://www.kegg.jp/dbget-bin/www_bget?pln:Plano_0735+pln:Plano_1845+pln:Plano_2538+pln:Plano_2850",NA,"rn:R00253 rn:R00256",NA,NA,NA,"line",NA,NA,"#FFCC66","#FFFFFF",0,"01100"
"entry4728","716","pln:Plano_3053","gene","http://www.kegg.jp/dbget-bin/www_bget?pln:Plano_3053",NA,"rn:R04773",NA,NA,NA,"line",NA,NA,"#FF9900","#FFFFFF",0,"01100"
"entry4729","719","pln:Plano_2133 / pln:Plano_2194","gene","http://www.kegg.jp/dbget-bin/www_bget?pln:Plano_2133+pln:Plano_2194",NA,"rn:R04944 rn:R04946",NA,NA,NA,"line",NA,NA,"#FF9900","#FFFFFF",0,"01100"
"entry4730","720","pln:Plano_2195 / pln:Plano_2615 / pln:Plano_2837","gene","http://www.kegg.jp/dbget-bin/www_bget?pln:Plano_2195+pln:Plano_2615+pln:Plano_2837",NA,"rn:R04941",NA,NA,NA,"line",NA,NA,"#FF9900","#FFFFFF",0,"01100"
"entry4731","721","pln:Plano_0470","gene","http://www.kegg.jp/dbget-bin/www_bget?pln:Plano_0470",NA,"rn:R09365",NA,NA,NA,"line",NA,NA,"#FF9900","#FFFFFF",0,"01100"
"entry4732","722","pln:Plano_1074","gene","http://www.kegg.jp/dbget-bin/www_bget?pln:Plano_1074",NA,"rn:R04770",NA,NA,NA,"line",NA,NA,"#FF9900","#FFFFFF",0,"01100"
"entry4733","725","pln:Plano_0940","gene","http://www.kegg.jp/dbget-bin/www_bget?pln:Plano_0940",NA,"rn:R03599",NA,NA,NA,"line",NA,NA,"#FF9900","#FFFFFF",0,"01100"
"entry4734","742","pln:Plano_0720 / pln:Plano_2072","gene","http://www.kegg.jp/dbget-bin/www_bget?pln:Plano_0720+pln:Plano_2072",NA,"rn:R00904",NA,NA,NA,"line",NA,NA,"#FF9900","#FFFFFF",0,"01100"
"entry4735","752","pln:Plano_1212","gene","http://www.kegg.jp/dbget-bin/www_bget?pln:Plano_1212",NA,"rn:R00691",NA,NA,NA,"line",NA,NA,"#FFCC66","#FFFFFF",0,"01100"
"entry4736","762","pln:Plano_0829","gene","http://www.kegg.jp/dbget-bin/www_bget?pln:Plano_0829",NA,"rn:R08639",NA,NA,NA,"line",NA,NA,"#B3B3E6","#FFFFFF",0,"01100"
"entry4737","763","pln:Plano_0509","gene","http://www.kegg.jp/dbget-bin/www_bget?pln:Plano_0509",NA,"rn:R00299 rn:R00303",NA,NA,NA,"line",NA,NA,"#B3B3E6","#FFFFFF",0,"01100"
"entry4738","782","pln:Plano_2015","gene","http://www.kegg.jp/dbget-bin/www_bget?pln:Plano_2015",NA,"rn:R01187 rn:R07279",NA,NA,NA,"line",NA,NA,"#B3B3E6","#FFFFFF",0,"01100"
"entry4739","792","pln:Plano_2015","gene","http://www.kegg.jp/dbget-bin/www_bget?pln:Plano_2015",NA,"rn:R01185",NA,NA,NA,"line",NA,NA,"#B3B3E6","#FFFFFF",0,"01100"
"entry4740","793","pln:Plano_2015","gene","http://www.kegg.jp/dbget-bin/www_bget?pln:Plano_2015",NA,"rn:R01186",NA,NA,NA,"line",NA,NA,"#B3B3E6","#FFFFFF",0,"01100"
"entry4741","799","pln:Plano_0228 / pln:Plano_0269 / pln:Plano_2972","gene","http://www.kegg.jp/dbget-bin/www_bget?pln:Plano_0228+pln:Plano_0269+pln:Plano_2972",NA,"rn:R02670",NA,NA,NA,"line",NA,NA,"#FFCC66","#FFFFFF",0,"01100"
"entry4742","808","pln:Plano_0809 / pln:Plano_1178","gene","http://www.kegg.jp/dbget-bin/www_bget?pln:Plano_0809+pln:Plano_1178",NA,"rn:R02272",NA,NA,NA,"line",NA,NA,"#FFB3CC","#FFFFFF",0,"01100"
"entry4743","823","pln:Plano_0838","gene","http://www.kegg.jp/dbget-bin/www_bget?pln:Plano_0838",NA,"rn:R03936",NA,NA,NA,"line",NA,NA,"#FFCC66","#FFFFFF",0,"01100"
"entry4744","824","pln:Plano_0839","gene","http://www.kegg.jp/dbget-bin/www_bget?pln:Plano_0839",NA,"rn:R00988",NA,NA,NA,"line",NA,NA,"#FFCC66","#FFFFFF",0,"01100"
"entry4745","845","pln:Plano_0412 / pln:Plano_1045","gene","http://www.kegg.jp/dbget-bin/www_bget?pln:Plano_0412+pln:Plano_1045",NA,"rn:R01374 rn:R01582",NA,NA,NA,"line",NA,NA,"#FFCC66","#FFFFFF",0,"01100"
"entry4746","855","pln:Plano_0571","gene","http://www.kegg.jp/dbget-bin/www_bget?pln:Plano_0571",NA,"rn:R02540",NA,NA,NA,"line",NA,NA,"#FFCC66","#FFFFFF",0,"01100"
"entry4747","856","pln:Plano_2972","gene","http://www.kegg.jp/dbget-bin/www_bget?pln:Plano_2972",NA,"rn:R00698 rn:R00690",NA,NA,NA,"line",NA,NA,"#FFCC66","#FFFFFF",0,"01100"
"entry4748","900","pln:Plano_0720 / pln:Plano_2072","gene","http://www.kegg.jp/dbget-bin/www_bget?pln:Plano_0720+pln:Plano_2072",NA,"rn:R04065",NA,NA,NA,"line",NA,NA,"#FFCC66","#FFFFFF",0,"01100"
"entry4749","908","pln:Plano_0367 / pln:Plano_2571","gene","http://www.kegg.jp/dbget-bin/www_bget?pln:Plano_0367+pln:Plano_2571",NA,"rn:R05051",NA,NA,NA,"line",NA,NA,"#FFCC66","#FFFFFF",0,"01100"
"entry4750","916","pln:Plano_0608 / pln:Plano_2238","gene","http://www.kegg.jp/dbget-bin/www_bget?pln:Plano_0608+pln:Plano_2238",NA,"rn:R00481 rn:R07407 rn:R07410",NA,NA,NA,"line",NA,NA,"#FFB3CC","#FFFFFF",0,"01100"
"entry4751","917","pln:Plano_2240","gene","http://www.kegg.jp/dbget-bin/www_bget?pln:Plano_2240",NA,"rn:R04292",NA,NA,NA,"line",NA,NA,"#FFB3CC","#FFFFFF",0,"01100"
"entry4752","924","pln:Plano_2573","gene","http://www.kegg.jp/dbget-bin/www_bget?pln:Plano_2573",NA,"rn:R00558 rn:R11033 rn:R11712",NA,NA,NA,"line",NA,NA,"#FFCC66","#FFFFFF",0,"01100"
"entry4753","925","pln:Plano_2573","gene","http://www.kegg.jp/dbget-bin/www_bget?pln:Plano_2573",NA,"rn:R00111 rn:R11713",NA,NA,NA,"line",NA,NA,"#FFCC66","#FFFFFF",0,"01100"
"entry4754","926","pln:Plano_0980","gene","http://www.kegg.jp/dbget-bin/www_bget?pln:Plano_0980",NA,"rn:R00245",NA,NA,NA,"line",NA,NA,"#FFCC66","#FFFFFF",0,"01100"
"entry4755","930","pln:Plano_0571","gene","http://www.kegg.jp/dbget-bin/www_bget?pln:Plano_0571",NA,"rn:R03180",NA,NA,NA,"line",NA,NA,"#FFCC66","#FFFFFF",0,"01100"
"entry4756","944","pln:Plano_2170","gene","http://www.kegg.jp/dbget-bin/www_bget?pln:Plano_2170",NA,"rn:R02401",NA,NA,NA,"line",NA,NA,"#FFCC66","#FFFFFF",0,"01100"
"entry4757","960","pln:Plano_1045","gene","http://www.kegg.jp/dbget-bin/www_bget?pln:Plano_1045",NA,"rn:R02851",NA,NA,NA,"line",NA,NA,"#FFCC66","#FFFFFF",0,"01100"
"entry4758","964","pln:Plano_0330","gene","http://www.kegg.jp/dbget-bin/www_bget?pln:Plano_0330",NA,"rn:R02788",NA,NA,NA,"line",NA,NA,"#FFCC66","#FFFFFF",0,"01100"
"entry4759","965","pln:Plano_0427","gene","http://www.kegg.jp/dbget-bin/www_bget?pln:Plano_0427",NA,"rn:R04617",NA,NA,NA,"line",NA,NA,"#FFCC66","#FFFFFF",0,"01100"
"entry4760","975","pln:Plano_1074","gene","http://www.kegg.jp/dbget-bin/www_bget?pln:Plano_1074",NA,"rn:R00654",NA,NA,NA,"line",NA,NA,"#FFCC66","#FFFFFF",0,"01100"
"entry4761","977","pln:Plano_1955","gene","http://www.kegg.jp/dbget-bin/www_bget?pln:Plano_1955",NA,"rn:R00484 rn:R01397",NA,NA,NA,"line",NA,NA,"#FF8080","#FFFFFF",0,"01100"
"entry4762","978","pln:Plano_1764","gene","http://www.kegg.jp/dbget-bin/www_bget?pln:Plano_1764",NA,"rn:R02473 rn:R02474",NA,NA,NA,"line",NA,NA,"#FFB3CC","#FFFFFF",0,"01100"
"entry4763","984","pln:Plano_2855","gene","http://www.kegg.jp/dbget-bin/www_bget?pln:Plano_2855",NA,"rn:R00907 rn:R00908",NA,NA,NA,"line",NA,NA,"#FF8080","#FFFFFF",0,"01100"
"entry4764","985","pln:Plano_1763","gene","http://www.kegg.jp/dbget-bin/www_bget?pln:Plano_1763",NA,"rn:R00489",NA,NA,NA,"line",NA,NA,"#FF8080","#FFFFFF",0,"01100"
"entry4765","988","pln:Plano_1759","gene","http://www.kegg.jp/dbget-bin/www_bget?pln:Plano_1759",NA,"rn:R02433",NA,NA,NA,"line",NA,NA,"#FFCC66","#FFFFFF",0,"01100"
"entry4766","990","pln:Plano_1926 / pln:Plano_1927","gene","http://www.kegg.jp/dbget-bin/www_bget?pln:Plano_1926+pln:Plano_1927",NA,"rn:R00590",NA,NA,NA,"line",NA,NA,"#FFCC66","#FFFFFF",0,"01100"
"entry4767","999","pln:Plano_0689 / pln:Plano_3083","gene","http://www.kegg.jp/dbget-bin/www_bget?pln:Plano_0689+pln:Plano_3083",NA,"rn:R07274",NA,NA,NA,"line",NA,NA,"#FFCC66","#FFFFFF",0,"01100"
"entry4768","1000","pln:Plano_2195 / pln:Plano_2471 / pln:Plano_2615 / pln:Plano_2837","gene","http://www.kegg.jp/dbget-bin/www_bget?pln:Plano_2195+pln:Plano_2471+pln:Plano_2615+pln:Plano_2837",NA,"rn:R02408",NA,NA,NA,"line",NA,NA,"#FFCC66","#FFFFFF",0,"01100"
"entry4769","1003","pln:Plano_2469","gene","http://www.kegg.jp/dbget-bin/www_bget?pln:Plano_2469",NA,"rn:R00371",NA,NA,NA,"line",NA,NA,"#FFCC66","#FFFFFF",0,"01100"
"entry4770","1011","pln:Plano_0964","gene","http://www.kegg.jp/dbget-bin/www_bget?pln:Plano_0964",NA,"rn:R00899",NA,NA,NA,"line",NA,NA,"#FF9900","#FFFFFF",0,"01100"
"entry4771","1017","pln:Plano_1947","gene","http://www.kegg.jp/dbget-bin/www_bget?pln:Plano_1947",NA,"rn:R00221",NA,NA,NA,"line",NA,NA,"#FFCC66","#FFFFFF",0,"01100"
"entry4772","1019","pln:Plano_2639","gene","http://www.kegg.jp/dbget-bin/www_bget?pln:Plano_2639",NA,"rn:R00269",NA,NA,NA,"line",NA,NA,"#FFCC66","#FFFFFF",0,"01100"
"entry4773","1022","pln:Plano_2639","gene","http://www.kegg.jp/dbget-bin/www_bget?pln:Plano_2639",NA,"rn:R00348",NA,NA,NA,"line",NA,NA,"#FFCC66","#FFFFFF",0,"01100"
"entry4774","1026","pln:Plano_0372 / pln:Plano_0373","gene","http://www.kegg.jp/dbget-bin/www_bget?pln:Plano_0372+pln:Plano_0373",NA,"rn:R02722",NA,NA,NA,"line",NA,NA,"#FFCC66","#FFFFFF",0,"01100"
"entry4775","1028","pln:Plano_0030 / pln:Plano_2952","gene","http://www.kegg.jp/dbget-bin/www_bget?pln:Plano_0030+pln:Plano_2952",NA,"rn:R10991 rn:R10992",NA,NA,NA,"line",NA,NA,"#FFCC66","#FFFFFF",0,"01100"
"entry4776","1029","pln:Plano_1176","gene","http://www.kegg.jp/dbget-bin/www_bget?pln:Plano_1176",NA,"rn:R03165",NA,NA,NA,"line",NA,NA,"#FFB3CC","#FFFFFF",0,"01100"
"entry4777","1037","pln:Plano_0603","gene","http://www.kegg.jp/dbget-bin/www_bget?pln:Plano_0603",NA,"rn:R01411",NA,NA,NA,"line",NA,NA,"#FF8080","#FFFFFF",0,"01100"
"entry4778","1049","pln:Plano_1342 / pln:Plano_2881 / pln:Plano_2882 / pln:Plano_2884","gene","http://www.kegg.jp/dbget-bin/www_bget?pln:Plano_1342+pln:Plano_2881+pln:Plano_2882+pln:Plano_2884",NA,"rn:R02018",NA,NA,NA,"line",NA,NA,"#FF8080","#FFFFFF",0,"01100"
"entry4779","1054","pln:Plano_0782","gene","http://www.kegg.jp/dbget-bin/www_bget?pln:Plano_0782",NA,"rn:R01055",NA,NA,NA,"line",NA,NA,"#FF8080","#FFFFFF",0,"01100"
"entry4780","1063","pln:Plano_1621 / pln:Plano_1688 / pln:Plano_1823","gene","http://www.kegg.jp/dbget-bin/www_bget?pln:Plano_1621+pln:Plano_1688+pln:Plano_1823",NA,"rn:R02484",NA,NA,NA,"line",NA,NA,"#FF8080","#FFFFFF",0,"01100"
"entry4781","1064","pln:Plano_2356 / pln:Plano_3037","gene","http://www.kegg.jp/dbget-bin/www_bget?pln:Plano_2356+pln:Plano_3037",NA,"rn:R01664 rn:R01666",NA,NA,NA,"line",NA,NA,"#FF8080","#FFFFFF",0,"01100"
"entry4782","1065","pln:Plano_2356 / pln:Plano_2411","gene","http://www.kegg.jp/dbget-bin/www_bget?pln:Plano_2356+pln:Plano_2411",NA,"rn:R02102 rn:R02099",NA,NA,NA,"line",NA,NA,"#FF8080","#FFFFFF",0,"01100"
"entry4783","1066","pln:Plano_1280","gene","http://www.kegg.jp/dbget-bin/www_bget?pln:Plano_1280",NA,"rn:R02485",NA,NA,NA,"line",NA,NA,"#FF8080","#FFFFFF",0,"01100"
"entry4784","1069","pln:Plano_1948","gene","http://www.kegg.jp/dbget-bin/www_bget?pln:Plano_1948",NA,"rn:R01870",NA,NA,NA,"line",NA,NA,"#FF8080","#FFFFFF",0,"01100"
"entry4785","1071","pln:Plano_3044","gene","http://www.kegg.jp/dbget-bin/www_bget?pln:Plano_3044",NA,"rn:R02092 rn:R02094",NA,NA,NA,"line",NA,NA,"#FF8080","#FFFFFF",0,"01100"
"entry4786","1085","pln:Plano_1166","gene","http://www.kegg.jp/dbget-bin/www_bget?pln:Plano_1166",NA,"rn:R02720",NA,NA,NA,"line",NA,NA,"#FF8080","#FFFFFF",0,"01100"
"entry4787","1086","pln:Plano_1785","gene","http://www.kegg.jp/dbget-bin/www_bget?pln:Plano_1785",NA,"rn:R00719 rn:R00722",NA,NA,NA,"line",NA,NA,"#FF8080","#FFFFFF",0,"01100"
"entry4788","1090","pln:Plano_1537","gene","http://www.kegg.jp/dbget-bin/www_bget?pln:Plano_1537",NA,"rn:R01134",NA,NA,NA,"line",NA,NA,"#FF8080","#FFFFFF",0,"01100"
"entry4789","1092","pln:Plano_1554","gene","http://www.kegg.jp/dbget-bin/www_bget?pln:Plano_1554",NA,"rn:R09394",NA,NA,NA,"line",NA,NA,"#FF8080","#FFFFFF",0,"01100"
"entry4790","1096","pln:Plano_1225 / pln:Plano_2091","gene","http://www.kegg.jp/dbget-bin/www_bget?pln:Plano_1225+pln:Plano_2091",NA,"rn:R00429",NA,NA,NA,"line",NA,NA,"#FF8080","#FFFFFF",0,"01100"
"entry4791","1113","pln:Plano_2167","gene","http://www.kegg.jp/dbget-bin/www_bget?pln:Plano_2167",NA,"rn:R02423",NA,NA,NA,"line",NA,NA,"#FF8080","#FFFFFF",0,"01100"
"entry4792","1116","pln:Plano_1106 / pln:Plano_1785","gene","http://www.kegg.jp/dbget-bin/www_bget?pln:Plano_1106+pln:Plano_1785",NA,"rn:R01857 rn:R01858",NA,NA,NA,"line",NA,NA,"#FF8080","#FFFFFF",0,"01100"
"entry4793","1117","pln:Plano_1106 / pln:Plano_1785","gene","http://www.kegg.jp/dbget-bin/www_bget?pln:Plano_1106+pln:Plano_1785",NA,"rn:R00330 rn:R00335 rn:R00430",NA,NA,NA,"line",NA,NA,"#FF8080","#FFFFFF",0,"01100"
"entry4794","1118","pln:Plano_1942","gene","http://www.kegg.jp/dbget-bin/www_bget?pln:Plano_1942",NA,"rn:R00332 rn:R00328",NA,NA,NA,"line",NA,NA,"#FF8080","#FFFFFF",0,"01100"
"entry4795","1119","pln:Plano_1621 / pln:Plano_1688","gene","http://www.kegg.jp/dbget-bin/www_bget?pln:Plano_1621+pln:Plano_1688",NA,"rn:R01969",NA,NA,NA,"line",NA,NA,"#FF8080","#FFFFFF",0,"01100"
"entry4796","1120","pln:Plano_1689","gene","http://www.kegg.jp/dbget-bin/www_bget?pln:Plano_1689",NA,"rn:R01676",NA,NA,NA,"line",NA,NA,"#FF8080","#FFFFFF",0,"01100"
"entry4797","1121","pln:Plano_0726","gene","http://www.kegg.jp/dbget-bin/www_bget?pln:Plano_0726",NA,"rn:R01230 rn:R01231",NA,NA,NA,"line",NA,NA,"#FF8080","#FFFFFF",0,"01100"
"entry4798","1122","pln:Plano_0237 / pln:Plano_1223 / pln:Plano_3078","gene","http://www.kegg.jp/dbget-bin/www_bget?pln:Plano_0237+pln:Plano_1223+pln:Plano_3078",NA,"rn:R01229",NA,NA,NA,"line",NA,NA,"#FF8080","#FFFFFF",0,"01100"
"entry4799","1123","pln:Plano_3027","gene","http://www.kegg.jp/dbget-bin/www_bget?pln:Plano_3027",NA,"rn:R01130",NA,NA,NA,"line",NA,NA,"#FF8080","#FFFFFF",0,"01100"
"entry4800","1125","pln:Plano_0740","gene","http://www.kegg.jp/dbget-bin/www_bget?pln:Plano_0740",NA,"rn:R01127",NA,NA,NA,"line",NA,NA,"#FF8080","#FFFFFF",0,"01100"
"entry4801","1126","pln:Plano_0691 / pln:Plano_0743","gene","http://www.kegg.jp/dbget-bin/www_bget?pln:Plano_0691+pln:Plano_0743",NA,"rn:R01244",NA,NA,NA,"line",NA,NA,"#FF8080","#FFFFFF",0,"01100"
"entry4802","1127","pln:Plano_1106 / pln:Plano_1785","gene","http://www.kegg.jp/dbget-bin/www_bget?pln:Plano_1106+pln:Plano_1785",NA,"rn:R00086 rn:R00124 rn:R00200",NA,NA,NA,"line",NA,NA,"#FF8080","#FFFFFF",0,"01100"
"entry4803","1128","pln:Plano_1106 / pln:Plano_1785","gene","http://www.kegg.jp/dbget-bin/www_bget?pln:Plano_1106+pln:Plano_1785",NA,"rn:R01137 rn:R01138",NA,NA,NA,"line",NA,NA,"#FF8080","#FFFFFF",0,"01100"
"entry4804","1129","pln:Plano_2356 / pln:Plano_3037","gene","http://www.kegg.jp/dbget-bin/www_bget?pln:Plano_2356+pln:Plano_3037",NA,"rn:R02088 rn:R02089",NA,NA,NA,"line",NA,NA,"#FF8080","#FFFFFF",0,"01100"
"entry4805","1131","pln:Plano_1223","gene","http://www.kegg.jp/dbget-bin/www_bget?pln:Plano_1223",NA,"rn:R04378",NA,NA,NA,"line",NA,NA,"#FF8080","#FFFFFF",0,"01100"
"entry4806","1132","pln:Plano_0732","gene","http://www.kegg.jp/dbget-bin/www_bget?pln:Plano_0732",NA,"rn:R04559",NA,NA,NA,"line",NA,NA,"#FF8080","#FFFFFF",0,"01100"
"entry4807","1133","pln:Plano_0733","gene","http://www.kegg.jp/dbget-bin/www_bget?pln:Plano_0733",NA,"rn:R04591",NA,NA,NA,"line",NA,NA,"#FF8080","#FFFFFF",0,"01100"
"entry4808","1138","pln:Plano_1827","gene","http://www.kegg.jp/dbget-bin/www_bget?pln:Plano_1827",NA,"rn:R01054",NA,NA,NA,"line",NA,NA,"#FF8080","#FFFFFF",0,"01100"
"entry4809","1140","pln:Plano_2479","gene","http://www.kegg.jp/dbget-bin/www_bget?pln:Plano_2479",NA,"rn:R09513 rn:R10206",NA,NA,NA,"line",NA,NA,"#CC99FF","#FFFFFF",0,"01100"
"entry4810","1154","pln:Plano_0690 / pln:Plano_1743","gene","http://www.kegg.jp/dbget-bin/www_bget?pln:Plano_0690+pln:Plano_1743",NA,"rn:R01931",NA,NA,NA,"line",NA,NA,"#CC99FF","#FFFFFF",0,"01100"
"entry4811","1158","pln:Plano_0777","gene","http://www.kegg.jp/dbget-bin/www_bget?pln:Plano_0777",NA,"rn:R10092",NA,NA,NA,"line",NA,NA,"#CC99FF","#FFFFFF",0,"01100"
"entry4812","1185","pln:Plano_1110","gene","http://www.kegg.jp/dbget-bin/www_bget?pln:Plano_1110",NA,"rn:R07136 rn:R07137",NA,NA,NA,"line",NA,NA,"#CC99FF","#FFFFFF",0,"01100"
"entry4813","1209","pln:Plano_1677","gene","http://www.kegg.jp/dbget-bin/www_bget?pln:Plano_1677",NA,"rn:R06983",NA,NA,NA,"line",NA,NA,"#CC99FF","#FFFFFF",0,"01100"
"entry4814","1210","pln:Plano_1676","gene","http://www.kegg.jp/dbget-bin/www_bget?pln:Plano_1676",NA,"rn:R00527",NA,NA,NA,"line",NA,NA,"#CC99FF","#FFFFFF",0,"01100"
"entry4815","1212","pln:Plano_2404","gene","http://www.kegg.jp/dbget-bin/www_bget?pln:Plano_2404",NA,"rn:R09099",NA,NA,NA,"line",NA,NA,"#CC99FF","#FFFFFF",0,"01100"
"entry4816","1219","pln:Plano_1271","gene","http://www.kegg.jp/dbget-bin/www_bget?pln:Plano_1271",NA,"rn:R01066",NA,NA,NA,"line",NA,NA,"#6C63F6","#FFFFFF",0,"01100"
"entry4817","1220","pln:Plano_1824","gene","http://www.kegg.jp/dbget-bin/www_bget?pln:Plano_1824",NA,"rn:R02749",NA,NA,NA,"line",NA,NA,"#6C63F6","#FFFFFF",0,"01100"
"entry4818","1221","pln:Plano_2565","gene","http://www.kegg.jp/dbget-bin/www_bget?pln:Plano_2565",NA,"rn:R01051",NA,NA,NA,"line",NA,NA,"#6C63F6","#FFFFFF",0,"01100"
"entry4819","1222","pln:Plano_0829 / pln:Plano_1824","gene","http://www.kegg.jp/dbget-bin/www_bget?pln:Plano_0829+pln:Plano_1824",NA,"rn:R01057",NA,NA,NA,"line",NA,NA,"#6C63F6","#FFFFFF",0,"01100"
"entry4820","1228","pln:Plano_1905 / pln:Plano_1906","gene","http://www.kegg.jp/dbget-bin/www_bget?pln:Plano_1905+pln:Plano_1906",NA,"rn:R02404 rn:R02407",NA,NA,NA,"line",NA,NA,"#B3B3E6","#FFFFFF",0,"01100"
"entry4821","1236","pln:Plano_0718","gene","http://www.kegg.jp/dbget-bin/www_bget?pln:Plano_0718",NA,"rn:R00215",NA,NA,NA,"line",NA,NA,"#B3B3E6","#FFFFFF",0,"01100"
"entry4822","1245","pln:Plano_2505","gene","http://www.kegg.jp/dbget-bin/www_bget?pln:Plano_2505",NA,"rn:R00264 rn:R11768",NA,NA,NA,"line",NA,NA,"#B3B3E6","#FFFFFF",0,"01100"
"entry4823","1259","pln:Plano_1037 / pln:Plano_1038","gene","http://www.kegg.jp/dbget-bin/www_bget?pln:Plano_1037+pln:Plano_1038",NA,"rn:R00410 rn:R01357 rn:R01358 rn:R01359",NA,NA,NA,"line",NA,NA,"#B3B3E6","#FFFFFF",0,"01100"
"entry4824","1261","pln:Plano_1768","gene","http://www.kegg.jp/dbget-bin/www_bget?pln:Plano_1768",NA,"rn:R01016",NA,NA,NA,"line",NA,NA,"#B3B3E6","#FFFFFF",0,"01100"
"entry4825","1267","pln:Plano_1367 / pln:Plano_1368","gene","http://www.kegg.jp/dbget-bin/www_bget?pln:Plano_1367+pln:Plano_1368",NA,"rn:R10997",NA,NA,NA,"line",NA,NA,"#B3B3E6","#FFFFFF",0,"01100"
"entry4826","1268","pln:Plano_1367 / pln:Plano_1368","gene","http://www.kegg.jp/dbget-bin/www_bget?pln:Plano_1367+pln:Plano_1368",NA,"rn:R10996",NA,NA,NA,"line",NA,NA,"#B3B3E6","#FFFFFF",0,"01100"
"entry4827","1278","pln:Plano_0206 / pln:Plano_2695","gene","http://www.kegg.jp/dbget-bin/www_bget?pln:Plano_0206+pln:Plano_2695",NA,"rn:R00470",NA,NA,NA,"line",NA,NA,"#B3B3E6","#FFFFFF",0,"01100"
"entry4828","1287","pln:Plano_1375","gene","http://www.kegg.jp/dbget-bin/www_bget?pln:Plano_1375",NA,"rn:R09979",NA,NA,NA,"line",NA,NA,"#B3B3E6","#FFFFFF",0,"01100"
"entry4829","1295","pln:Plano_0718","gene","http://www.kegg.jp/dbget-bin/www_bget?pln:Plano_0718",NA,"rn:R06180",NA,NA,NA,"line",NA,NA,"#B3B3E6","#FFFFFF",0,"01100"
"entry4830","1301","pln:Plano_1067 / pln:Plano_1080","gene","http://www.kegg.jp/dbget-bin/www_bget?pln:Plano_1067+pln:Plano_1080",NA,"rn:R00316",NA,NA,NA,"line",NA,NA,"#B3B3E6","#FFFFFF",0,"01100"
"entry4831","1304","pln:Plano_0607 / pln:Plano_2180","gene","http://www.kegg.jp/dbget-bin/www_bget?pln:Plano_0607+pln:Plano_2180",NA,"rn:R00197 rn:R00198 rn:R00704 rn:R11591 rn:R11593",NA,NA,NA,"line",NA,NA,"#B3B3E6","#FFFFFF",0,"01100"
"entry4832","1309","pln:Plano_1328 / pln:Plano_2568","gene","http://www.kegg.jp/dbget-bin/www_bget?pln:Plano_1328+pln:Plano_2568",NA,"rn:R01736",NA,NA,NA,"line",NA,NA,"#B3B3E6","#FFFFFF",0,"01100"
"entry4833","1311","pln:Plano_0824","gene","http://www.kegg.jp/dbget-bin/www_bget?pln:Plano_0824",NA,"rn:R02260 rn:R10715",NA,NA,NA,"line",NA,NA,"#B3B3E6","#FFFFFF",0,"01100"
"entry4835","1319","pln:Plano_1067 / pln:Plano_1080","gene","http://www.kegg.jp/dbget-bin/www_bget?pln:Plano_1067+pln:Plano_1080",NA,"rn:R00236",NA,NA,NA,"line",NA,NA,"#B3B3E6","#FFFFFF",0,"01100"
"entry4836","1320","pln:Plano_2749 / pln:Plano_2752","gene","http://www.kegg.jp/dbget-bin/www_bget?pln:Plano_2749+pln:Plano_2752",NA,"rn:R00227 rn:R00928 rn:R10343",NA,NA,NA,"line",NA,NA,"#B3B3E6","#FFFFFF",0,"01100"
"entry4837","1327","pln:Plano_2778","gene","http://www.kegg.jp/dbget-bin/www_bget?pln:Plano_2778",NA,"rn:R09953 rn:R09954",NA,NA,NA,"line",NA,NA,"#B3B3E6","#FFFFFF",0,"01100"
"entry4838","1329","pln:Plano_0683","gene","http://www.kegg.jp/dbget-bin/www_bget?pln:Plano_0683",NA,"rn:R05775",NA,NA,NA,"line",NA,NA,"#B3B3E6","#FFFFFF",0,"01100"
"entry4839","1361","pln:Plano_2207","gene","http://www.kegg.jp/dbget-bin/www_bget?pln:Plano_2207",NA,"rn:R06894",NA,NA,NA,"line",NA,NA,"#B3B3E6","#FFFFFF",0,"01100"
"entry4840","1368","pln:Plano_2320","gene","http://www.kegg.jp/dbget-bin/www_bget?pln:Plano_2320",NA,"rn:R03317",NA,NA,NA,"line",NA,NA,"#B3B3E6","#FFFFFF",0,"01100"
"entry4841","1369","pln:Plano_2319 / pln:Plano_2326 / pln:Plano_2401","gene","http://www.kegg.jp/dbget-bin/www_bget?pln:Plano_2319+pln:Plano_2326+pln:Plano_2401",NA,"rn:R00420",NA,NA,NA,"line",NA,NA,"#B3B3E6","#FFFFFF",0,"01100"
"entry4842","1374","pln:Plano_2826","gene","http://www.kegg.jp/dbget-bin/www_bget?pln:Plano_2826",NA,"rn:R02087",NA,NA,NA,"line",NA,NA,"#B3B3E6","#FFFFFF",0,"01100"
"entry4843","1443","pln:Plano_2406","gene","http://www.kegg.jp/dbget-bin/www_bget?pln:Plano_2406",NA,"rn:R09030",NA,NA,NA,"line",NA,NA,"#B3B3E6","#FFFFFF",0,"01100"
"entry4844","1448","pln:Plano_0365 / pln:Plano_0926","gene","http://www.kegg.jp/dbget-bin/www_bget?pln:Plano_0365+pln:Plano_0926",NA,"rn:R03991",NA,NA,NA,"line",NA,NA,"#80CCCC","#FFFFFF",0,"01100"
"entry4845","1450","pln:Plano_1103 / pln:Plano_1104 / pln:Plano_1346 / pln:Plano_1347 / pln:Plano_1982 / pln:Plano_1983","gene","http://www.kegg.jp/dbget-bin/www_bget?pln:Plano_1103+pln:Plano_1104+pln:Plano_1346+pln:Plano_1347+pln:Plano_1982+pln:Plano_1983",NA,"rn:R00742",NA,NA,NA,"line",NA,NA,"#80CCCC","#FFFFFF",0,"01100"
"entry4846","1452","pln:Plano_1506","gene","http://www.kegg.jp/dbget-bin/www_bget?pln:Plano_1506",NA,"rn:R00866 rn:R03232",NA,NA,NA,"line",NA,NA,"#B3B3E6","#FFFFFF",0,"01100"
"entry4847","1454","pln:Plano_2963","gene","http://www.kegg.jp/dbget-bin/www_bget?pln:Plano_2963",NA,"rn:R02704 rn:R02167",NA,NA,NA,"line",NA,NA,"#B3B3E6","#FFFFFF",0,"01100"
"entry4848","1455","pln:Plano_2961","gene","http://www.kegg.jp/dbget-bin/www_bget?pln:Plano_2961",NA,"rn:R02703",NA,NA,NA,"line",NA,NA,"#B3B3E6","#FFFFFF",0,"01100"
"entry4849","1460","pln:Plano_1507","gene","http://www.kegg.jp/dbget-bin/www_bget?pln:Plano_1507",NA,"rn:R02071",NA,NA,NA,"line",NA,NA,"#B3B3E6","#FFFFFF",0,"01100"
"entry4850","1487","pln:Plano_2200 / pln:Plano_2701","gene","http://www.kegg.jp/dbget-bin/www_bget?pln:Plano_2200+pln:Plano_2701",NA,"rn:R01542",NA,NA,NA,"line",NA,NA,"#B3B3E6","#FFFFFF",0,"01100"
"entry4851","1514","pln:Plano_1354","gene","http://www.kegg.jp/dbget-bin/www_bget?pln:Plano_1354",NA,"rn:R05636",NA,NA,NA,"line",NA,NA,"#9EE284","#FFFFFF",0,"01100"
"entry4852","1516","pln:Plano_0706","gene","http://www.kegg.jp/dbget-bin/www_bget?pln:Plano_0706",NA,"rn:R00771",NA,NA,NA,"line",NA,NA,"#B3B3E6","#FFFFFF",0,"01100"
"entry4853","1517","pln:Plano_2634","gene","http://www.kegg.jp/dbget-bin/www_bget?pln:Plano_2634",NA,"rn:R00760",NA,NA,NA,"line",NA,NA,"#B3B3E6","#FFFFFF",0,"01100"
"entry4854","1518","pln:Plano_2153","gene","http://www.kegg.jp/dbget-bin/www_bget?pln:Plano_2153",NA,"rn:R12075",NA,NA,NA,"line",NA,NA,"#99CCFF","#FFFFFF",0,"01100"
"entry4856","1552","pln:Plano_0365 / pln:Plano_0926","gene","http://www.kegg.jp/dbget-bin/www_bget?pln:Plano_0365+pln:Plano_0926",NA,"rn:R07895",NA,NA,NA,"line",NA,NA,"#99CCFF","#FFFFFF",0,"01100"
"entry4857","1556","pln:Plano_1366 / pln:Plano_2022 / pln:Plano_2023 / pln:Plano_2024 / pln:Plano_2025","gene","http://www.kegg.jp/dbget-bin/www_bget?pln:Plano_1366+pln:Plano_2022+pln:Plano_2023+pln:Plano_2024+pln:Plano_2025",NA,"rn:R00209 rn:R00212 rn:R01196 rn:R10866",NA,NA,NA,"line",NA,NA,"#6C63F6","#FFFFFF",0,"01100"
"entry4858","1562","pln:Plano_2545","gene","http://www.kegg.jp/dbget-bin/www_bget?pln:Plano_2545",NA,"rn:R01262",NA,NA,NA,"line",NA,NA,"#FF9900","#FFFFFF",0,"01100"
"entry4859","1572","pln:Plano_0407 / pln:Plano_1068 / pln:Plano_1754 / pln:Plano_3028 / pln:Plano_3071","gene","http://www.kegg.jp/dbget-bin/www_bget?pln:Plano_0407+pln:Plano_1068+pln:Plano_1754+pln:Plano_3028+pln:Plano_3071",NA,NA,NA,NA,NA,"line",NA,NA,"#99CCFF","#FFFFFF",0,"01100"
"entry4860","1578","pln:Plano_0249 / pln:Plano_0250","gene","http://www.kegg.jp/dbget-bin/www_bget?pln:Plano_0249+pln:Plano_0250",NA,"rn:R00948 rn:R00951",NA,NA,NA,"line",NA,NA,"#B3B3E6","#FFFFFF",0,"01100"
"entry4861","1579","pln:Plano_0514 / pln:Plano_0656 / pln:Plano_0708","gene","http://www.kegg.jp/dbget-bin/www_bget?pln:Plano_0514+pln:Plano_0656+pln:Plano_0708",NA,"rn:R00801",NA,NA,NA,"line",NA,NA,"#B3B3E6","#FFFFFF",0,"01100"
"entry4862","1586","pln:Plano_2005","gene","http://www.kegg.jp/dbget-bin/www_bget?pln:Plano_2005",NA,"rn:R07411",NA,NA,NA,"line",NA,NA,"#FFB3CC","#FFFFFF",0,"01100"
"entry4863","1587","pln:Plano_2006","gene","http://www.kegg.jp/dbget-bin/www_bget?pln:Plano_2006",NA,"rn:R07412",NA,NA,NA,"line",NA,NA,"#FFB3CC","#FFFFFF",0,"01100"
"entry4864","1588","pln:Plano_0812 / pln:Plano_2431","gene","http://www.kegg.jp/dbget-bin/www_bget?pln:Plano_0812+pln:Plano_2431",NA,"rn:R01492",NA,NA,NA,"line",NA,NA,"#FFB3CC","#FFFFFF",0,"01100"
"entry4865","1592","pln:Plano_0227","gene","http://www.kegg.jp/dbget-bin/www_bget?pln:Plano_0227",NA,"rn:R04178",NA,NA,NA,"line",NA,NA,"#FFB3CC","#FFFFFF",0,"01100"
"entry4866","1593","pln:Plano_0867","gene","http://www.kegg.jp/dbget-bin/www_bget?pln:Plano_0867",NA,"rn:R11329",NA,NA,NA,"line",NA,NA,"#FFB3CC","#FFFFFF",0,"01100"
"entry4867","1594","pln:Plano_2453","gene","http://www.kegg.jp/dbget-bin/www_bget?pln:Plano_2453",NA,"rn:R11522 rn:R12002",NA,NA,NA,"line",NA,NA,"#FFB3CC","#FFFFFF",0,"01100"
"entry4868","1626","pln:Plano_2746","gene","http://www.kegg.jp/dbget-bin/www_bget?pln:Plano_2746",NA,"rn:R09993",NA,NA,NA,"line",NA,NA,"#FFB3CC","#FFFFFF",0,"01100"
"entry4869","1631","pln:Plano_2273 / pln:Plano_2328","gene","http://www.kegg.jp/dbget-bin/www_bget?pln:Plano_2273+pln:Plano_2328",NA,"rn:R00291",NA,NA,NA,"line",NA,NA,"#B3B3E6","#FFFFFF",0,"01100"
"entry4870","1640","pln:Plano_2664","gene","http://www.kegg.jp/dbget-bin/www_bget?pln:Plano_2664",NA,NA,NA,NA,NA,"line",NA,NA,"#99CCFF","#FFFFFF",0,"01100"
"entry4871","1662","pln:Plano_0408","gene","http://www.kegg.jp/dbget-bin/www_bget?pln:Plano_0408",NA,"rn:R07390 rn:R11062",NA,NA,NA,"line",NA,NA,"#80CCB3","#FFFFFF",0,"01100"
"entry4872","1664","pln:Plano_1045","gene","http://www.kegg.jp/dbget-bin/www_bget?pln:Plano_1045",NA,"rn:R02923 rn:R02924 rn:R11018",NA,NA,NA,"line",NA,NA,"#FF9900","#FFFFFF",0,"01100"
"entry4873","1669","pln:Plano_2133 / pln:Plano_2194","gene","http://www.kegg.jp/dbget-bin/www_bget?pln:Plano_2133+pln:Plano_2194",NA,"rn:R00999",NA,NA,NA,"line",NA,NA,"#FFCC66","#FFFFFF",0,"01100"
"entry4874","1670","pln:Plano_1675","gene","http://www.kegg.jp/dbget-bin/www_bget?pln:Plano_1675",NA,"rn:R10993",NA,NA,NA,"line",NA,NA,"#FFCC66","#FFFFFF",0,"01100"
"entry4875","1679","pln:Plano_0481 / pln:Plano_2664","gene","http://www.kegg.jp/dbget-bin/www_bget?pln:Plano_0481+pln:Plano_2664",NA,"rn:R00022",NA,NA,NA,"line",NA,NA,"#B3B3E6","#FFFFFF",0,"01100"
"entry4876","1685","pln:Plano_0929 / pln:Plano_1337 / pln:Plano_1338 / pln:Plano_1339 / pln:Plano_1366 / pln:Plano_2022","gene","http://www.kegg.jp/dbget-bin/www_bget?pln:Plano_0929+pln:Plano_1337+pln:Plano_1338+pln:Plano_1339+pln:Plano_1366+pln:Plano_2022",NA,"rn:R01221",NA,NA,NA,"line",NA,NA,"#FFCC66","#FFFFFF",0,"01100"
"entry4877","1688","pln:Plano_2447","gene","http://www.kegg.jp/dbget-bin/www_bget?pln:Plano_2447",NA,"rn:R02869 rn:R09076",NA,NA,NA,"line",NA,NA,"#FFCC66","#FFFFFF",0,"01100"
"entry4878","1692","pln:Plano_0720 / pln:Plano_2072","gene","http://www.kegg.jp/dbget-bin/www_bget?pln:Plano_0720+pln:Plano_2072",NA,"rn:R01986 rn:R02549",NA,NA,NA,"line",NA,NA,"#FFCC66","#FFFFFF",0,"01100"
"entry4879","1704","pln:Plano_1078 / pln:Plano_1233 / pln:Plano_2237","gene","http://www.kegg.jp/dbget-bin/www_bget?pln:Plano_1078+pln:Plano_1233+pln:Plano_2237",NA,"rn:R07460",NA,NA,NA,"line",NA,NA,"#FFB3CC","#FFFFFF",0,"01100"
"entry4880","1710","pln:Plano_0869","gene","http://www.kegg.jp/dbget-bin/www_bget?pln:Plano_0869",NA,"rn:R08157 rn:R12429",NA,NA,NA,"line",NA,NA,"#80CCCC","#FFFFFF",0,"01100"
"entry4881","1713","pln:Plano_1576 / pln:Plano_2114","gene","http://www.kegg.jp/dbget-bin/www_bget?pln:Plano_1576+pln:Plano_2114",NA,"rn:R10707",NA,NA,NA,"line",NA,NA,"#80CCCC","#FFFFFF",0,"01100"
"entry4882","1745","pln:Plano_2972","gene","http://www.kegg.jp/dbget-bin/www_bget?pln:Plano_2972",NA,"rn:R04007",NA,NA,NA,"line",NA,NA,"#F06292","#FFFFFF",0,"01100"
"entry4883","1754","pln:Plano_2744","gene","http://www.kegg.jp/dbget-bin/www_bget?pln:Plano_2744",NA,"rn:R04509",NA,NA,NA,"line",NA,NA,"#FFB3CC","#FFFFFF",0,"01100"
"entry4884","1755","pln:Plano_2743","gene","http://www.kegg.jp/dbget-bin/www_bget?pln:Plano_2743",NA,"rn:R03223",NA,NA,NA,"line",NA,NA,"#FFB3CC","#FFFFFF",0,"01100"
"entry4885","1757","pln:Plano_0832 / pln:Plano_1933","gene","http://www.kegg.jp/dbget-bin/www_bget?pln:Plano_0832+pln:Plano_1933",NA,"rn:R00615 rn:R00617",NA,NA,NA,"line",NA,NA,"#FFB3CC","#FFFFFF",0,"01100"
"entry4886","1758","pln:Plano_0061","gene","http://www.kegg.jp/dbget-bin/www_bget?pln:Plano_0061",NA,"rn:R00616 rn:R00618 rn:R11319",NA,NA,NA,"line",NA,NA,"#FFB3CC","#FFFFFF",0,"01100"
"entry4887","1759","pln:Plano_0832 / pln:Plano_1933 / pln:Plano_2950","gene","http://www.kegg.jp/dbget-bin/www_bget?pln:Plano_0832+pln:Plano_1933+pln:Plano_2950",NA,"rn:R02134 rn:R02135",NA,NA,NA,"line",NA,NA,"#FFB3CC","#FFFFFF",0,"01100"
"entry4888","1760","pln:Plano_2746","gene","http://www.kegg.jp/dbget-bin/www_bget?pln:Plano_2746",NA,"rn:R02133",NA,NA,NA,"line",NA,NA,"#FFB3CC","#FFFFFF",0,"01100"
"entry4889","1762","pln:Plano_2744","gene","http://www.kegg.jp/dbget-bin/www_bget?pln:Plano_2744",NA,"rn:R03471",NA,NA,NA,"line",NA,NA,"#FFB3CC","#FFFFFF",0,"01100"
"entry4890","1763","pln:Plano_2745","gene","http://www.kegg.jp/dbget-bin/www_bget?pln:Plano_2745",NA,"rn:R04448",NA,NA,NA,"line",NA,NA,"#FFB3CC","#FFFFFF",0,"01100"
"entry4891","1764","pln:Plano_1931","gene","http://www.kegg.jp/dbget-bin/www_bget?pln:Plano_1931",NA,"rn:R00619",NA,NA,NA,"line",NA,NA,"#FFB3CC","#FFFFFF",0,"01100"
"entry4892","1766","pln:Plano_2743","gene","http://www.kegg.jp/dbget-bin/www_bget?pln:Plano_2743",NA,"rn:R10712",NA,NA,NA,"line",NA,NA,"#FFB3CC","#FFFFFF",0,"01100"
"entry4893","1772","pln:Plano_1079","gene","http://www.kegg.jp/dbget-bin/www_bget?pln:Plano_1079",NA,"rn:R07461",NA,NA,NA,"line",NA,NA,"#FFB3CC","#FFFFFF",0,"01100"
"entry4895","1787","pln:Plano_2473","gene","http://www.kegg.jp/dbget-bin/www_bget?pln:Plano_2473",NA,"rn:R01291",NA,NA,NA,"line",NA,NA,"#FFCC66","#FFFFFF",0,"01100"
"entry4896","1797","pln:Plano_2855","gene","http://www.kegg.jp/dbget-bin/www_bget?pln:Plano_2855",NA,"rn:R01648 rn:R10178",NA,NA,NA,"line",NA,NA,"#FFCC66","#FFFFFF",0,"01100"
"entry4897","1805","pln:Plano_2086","gene","http://www.kegg.jp/dbget-bin/www_bget?pln:Plano_2086",NA,"rn:R10122",NA,NA,NA,"line",NA,NA,"#FFB3CC","#FFFFFF",0,"01100"
"entry4898","1806","pln:Plano_2387","gene","http://www.kegg.jp/dbget-bin/www_bget?pln:Plano_2387",NA,"rn:R10121",NA,NA,NA,"line",NA,NA,"#FFB3CC","#FFFFFF",0,"01100"
"entry4899","1807","pln:Plano_0300 / pln:Plano_0624 / pln:Plano_0688 / pln:Plano_0719 / pln:Plano_1518 / pln:Plano_1863 / pln:Plano_1921","gene","http://www.kegg.jp/dbget-bin/www_bget?pln:Plano_0300+pln:Plano_0624+pln:Plano_0688+pln:Plano_0719+pln:Plano_1518+pln:Plano_1863+pln:Plano_1921",NA,"rn:R10120",NA,NA,NA,"line",NA,NA,"#FFB3CC","#FFFFFF",0,"01100"
"entry4900","1822","pln:Plano_2694","gene","http://www.kegg.jp/dbget-bin/www_bget?pln:Plano_2694",NA,"rn:R03033",NA,NA,NA,"line",NA,NA,"#B3B3E6","#FFFFFF",0,"01100"
"entry4901","1823","pln:Plano_1105","gene","http://www.kegg.jp/dbget-bin/www_bget?pln:Plano_1105",NA,"rn:R03236 rn:R03237 rn:R03238 rn:R03239",NA,NA,NA,"line",NA,NA,"#B3B3E6","#FFFFFF",0,"01100"
"entry4903","1825","pln:Plano_0893","gene","http://www.kegg.jp/dbget-bin/www_bget?pln:Plano_0893",NA,"rn:R03012",NA,NA,NA,"line",NA,NA,"#FFCC66","#FFFFFF",0,"01100"
"entry4904","1852","pln:Plano_2716","gene","http://www.kegg.jp/dbget-bin/www_bget?pln:Plano_2716",NA,"rn:R04218",NA,NA,NA,"line",NA,NA,"#9EE284","#FFFFFF",0,"01100"
"entry4905","1856","pln:Plano_2479","gene","http://www.kegg.jp/dbget-bin/www_bget?pln:Plano_2479",NA,"rn:R05705 rn:R05706",NA,NA,NA,"line",NA,NA,"#FFB3CC","#FFFFFF",0,"01100"
"entry4906","1859","pln:Plano_2447","gene","http://www.kegg.jp/dbget-bin/www_bget?pln:Plano_2447",NA,"rn:R01920",NA,NA,NA,"line",NA,NA,"#FFCC66","#FFFFFF",0,"01100"
"entry4907","1867","pln:Plano_0754","gene","http://www.kegg.jp/dbget-bin/www_bget?pln:Plano_0754",NA,"rn:R02239 rn:R02240 rn:R09944",NA,NA,NA,"line",NA,NA,"#80CCB3","#FFFFFF",0,"01100"
"entry4908","1870","pln:Plano_1045","gene","http://www.kegg.jp/dbget-bin/www_bget?pln:Plano_1045",NA,"rn:R02457 rn:R02459",NA,NA,NA,"line",NA,NA,"#FF9900","#FFFFFF",0,"01100"
"entry4909","1871","pln:Plano_0426","gene","http://www.kegg.jp/dbget-bin/www_bget?pln:Plano_0426",NA,"rn:R01150",NA,NA,NA,"line",NA,NA,"#FF9900","#FFFFFF",0,"01100"
"entry4910","1872","pln:Plano_1100","gene","http://www.kegg.jp/dbget-bin/www_bget?pln:Plano_1100",NA,"rn:R00508 rn:R00509",NA,NA,NA,"line",NA,NA,"#CC99FF","#FFFFFF",0,"01100"
"entry4911","1893","pln:Plano_2435","gene","http://www.kegg.jp/dbget-bin/www_bget?pln:Plano_2435",NA,"rn:R05225",NA,NA,NA,"line",NA,NA,"#FFB3CC","#FFFFFF",0,"01100"
"entry4912","1898","pln:Plano_0373","gene","http://www.kegg.jp/dbget-bin/www_bget?pln:Plano_0373",NA,"rn:R02340",NA,NA,NA,"line",NA,NA,"#FFCC66","#FFFFFF",0,"01100"
"entry4913","1899","pln:Plano_0372 / pln:Plano_0373","gene","http://www.kegg.jp/dbget-bin/www_bget?pln:Plano_0372+pln:Plano_0373",NA,"rn:R00673 rn:R00674",NA,NA,NA,"line",NA,NA,"#FFCC66","#FFFFFF",0,"01100"
"entry4915","1906","pln:Plano_2054","gene","http://www.kegg.jp/dbget-bin/www_bget?pln:Plano_2054",NA,"rn:R05066",NA,NA,NA,"line",NA,NA,"#FFCC66","#FFFFFF",0,"01100"
"entry4916","1909","pln:Plano_0367 / pln:Plano_2571","gene","http://www.kegg.jp/dbget-bin/www_bget?pln:Plano_0367+pln:Plano_2571",NA,"rn:R02661",NA,NA,NA,"line",NA,NA,"#FFCC66","#FFFFFF",0,"01100"
"entry4917","1910","pln:Plano_1369","gene","http://www.kegg.jp/dbget-bin/www_bget?pln:Plano_1369",NA,"rn:R02662",NA,NA,NA,"line",NA,NA,"#FFCC66","#FFFFFF",0,"01100"
"entry4918","1914","pln:Plano_0514 / pln:Plano_0656 / pln:Plano_0708","gene","http://www.kegg.jp/dbget-bin/www_bget?pln:Plano_0514+pln:Plano_0656+pln:Plano_0708",NA,"rn:R00028 rn:R01555 rn:R05196",NA,NA,NA,"line",NA,NA,"#B3B3E6","#FFFFFF",0,"01100"
"entry4919","1923","pln:Plano_0508","gene","http://www.kegg.jp/dbget-bin/www_bget?pln:Plano_0508",NA,"rn:R01791",NA,NA,NA,"line",NA,NA,"#B3B3E6","#FFFFFF",0,"01100"
"entry4920","1925","pln:Plano_2255 / pln:Plano_2280","gene","http://www.kegg.jp/dbget-bin/www_bget?pln:Plano_2255+pln:Plano_2280",NA,"rn:R00287 rn:R00289 rn:R00955",NA,NA,NA,"line",NA,NA,"#B3B3E6","#FFFFFF",0,"01100"
"entry4921","1929","pln:Plano_2390 / pln:Plano_2415","gene","http://www.kegg.jp/dbget-bin/www_bget?pln:Plano_2390+pln:Plano_2415",NA,"rn:R00660",NA,NA,NA,"line",NA,NA,"#B3B3E6","#FFFFFF",0,"01100"
"entry4922","1931","pln:Plano_3063","gene","http://www.kegg.jp/dbget-bin/www_bget?pln:Plano_3063",NA,"rn:R05332",NA,NA,NA,"line",NA,NA,"#B3B3E6","#FFFFFF",0,"01100"
"entry4923","1938","pln:Plano_0603","gene","http://www.kegg.jp/dbget-bin/www_bget?pln:Plano_0603",NA,"rn:R02922",NA,NA,NA,"line",NA,NA,"#FFCC66","#FFFFFF",0,"01100"
"entry4924","1943","pln:Plano_1045","gene","http://www.kegg.jp/dbget-bin/www_bget?pln:Plano_1045",NA,"rn:R01148 rn:R01344",NA,NA,NA,"line",NA,NA,"#FF9900","#FFFFFF",0,"01100"
"entry4925","1944","pln:Plano_1403","gene","http://www.kegg.jp/dbget-bin/www_bget?pln:Plano_1403",NA,"rn:R01324",NA,NA,NA,"line",NA,NA,"#8080F7","#FFFFFF",0,"01100"
"entry4926","1953","pln:Plano_2434","gene","http://www.kegg.jp/dbget-bin/www_bget?pln:Plano_2434",NA,"rn:R05223",NA,NA,NA,"line",NA,NA,"#FFB3CC","#FFFFFF",0,"01100"
"entry4927","1957","pln:Plano_2491","gene","http://www.kegg.jp/dbget-bin/www_bget?pln:Plano_2491",NA,"rn:R00678",NA,NA,NA,"line",NA,NA,"#FFCC66","#FFFFFF",0,"01100"
"entry4928","1965","pln:Plano_1350","gene","http://www.kegg.jp/dbget-bin/www_bget?pln:Plano_1350",NA,"rn:R01655",NA,NA,NA,"line",NA,NA,"#B3B3E6","#FFFFFF",0,"01100"
"entry4929","1966","pln:Plano_1350","gene","http://www.kegg.jp/dbget-bin/www_bget?pln:Plano_1350",NA,"rn:R01220",NA,NA,NA,"line",NA,NA,"#B3B3E6","#FFFFFF",0,"01100"
"entry4930","1967","pln:Plano_0233","gene","http://www.kegg.jp/dbget-bin/www_bget?pln:Plano_0233",NA,"rn:R00943",NA,NA,NA,"line",NA,NA,"#B3B3E6","#FFFFFF",0,"01100"
"entry4931","1969","pln:Plano_0409","gene","http://www.kegg.jp/dbget-bin/www_bget?pln:Plano_0409",NA,"rn:R06223",NA,NA,NA,"line",NA,NA,"#9EE284","#FFFFFF",0,"01100"
"entry4932","1977","pln:Plano_3063","gene","http://www.kegg.jp/dbget-bin/www_bget?pln:Plano_3063",NA,"rn:R00416",NA,NA,NA,"line",NA,NA,"#B3B3E6","#FFFFFF",0,"01100"
"entry4933","1995","pln:Plano_1675","gene","http://www.kegg.jp/dbget-bin/www_bget?pln:Plano_1675",NA,"rn:R00894",NA,NA,NA,"line",NA,NA,"#FF9900","#FFFFFF",0,"01100"
"entry4934","2000","pln:Plano_0315","gene","http://www.kegg.jp/dbget-bin/www_bget?pln:Plano_0315",NA,"rn:R05404",NA,NA,NA,"line",NA,NA,"#DA8E82","#FFFFFF",0,"01100"
"entry4935","2002","pln:Plano_1353","gene","http://www.kegg.jp/dbget-bin/www_bget?pln:Plano_1353",NA,"rn:R02061",NA,NA,NA,"line",NA,NA,"#9EE284","#FFFFFF",0,"01100"
"entry4936","2005","pln:Plano_0206 / pln:Plano_2695","gene","http://www.kegg.jp/dbget-bin/www_bget?pln:Plano_0206+pln:Plano_2695",NA,"rn:R05605",NA,NA,NA,"line",NA,NA,"#6C63F6","#FFFFFF",0,"01100"
"entry4937","2007","pln:Plano_0661 / pln:Plano_2417","gene","http://www.kegg.jp/dbget-bin/www_bget?pln:Plano_0661+pln:Plano_2417",NA,"rn:R01070",NA,NA,NA,"line",NA,NA,"#6C63F6","#FFFFFF",0,"01100"
"entry4938","2009","pln:Plano_0910","gene","http://www.kegg.jp/dbget-bin/www_bget?pln:Plano_0910",NA,"rn:R01512",NA,NA,NA,"line",NA,NA,"#6C63F6","#FFFFFF",0,"01100"
"entry4939","2010","pln:Plano_2700 / pln:Plano_2933","gene","http://www.kegg.jp/dbget-bin/www_bget?pln:Plano_2700+pln:Plano_2933",NA,"rn:R01528 rn:R10221",NA,NA,NA,"line",NA,NA,"#6C63F6","#FFFFFF",0,"01100"
"entry4940","2011","pln:Plano_0245","gene","http://www.kegg.jp/dbget-bin/www_bget?pln:Plano_0245",NA,"rn:R02035",NA,NA,NA,"line",NA,NA,"#6C63F6","#FFFFFF",0,"01100"
"entry4941","2018","pln:Plano_2254","gene","http://www.kegg.jp/dbget-bin/www_bget?pln:Plano_2254",NA,"rn:R00286",NA,NA,NA,"line",NA,NA,"#B3B3E6","#FFFFFF",0,"01100"
"entry4942","2023","pln:Plano_1718","gene","http://www.kegg.jp/dbget-bin/www_bget?pln:Plano_1718",NA,"rn:R01482",NA,NA,NA,"line",NA,NA,"#B3B3E6","#FFFFFF",0,"01100"
"entry4943","2025","pln:Plano_0207","gene","http://www.kegg.jp/dbget-bin/www_bget?pln:Plano_0207",NA,"rn:R05606",NA,NA,NA,"line",NA,NA,"#B3B3E6","#FFFFFF",0,"01100"
"entry4944","2029","pln:Plano_0251","gene","http://www.kegg.jp/dbget-bin/www_bget?pln:Plano_0251",NA,"rn:R02421",NA,NA,NA,"line",NA,NA,"#B3B3E6","#FFFFFF",0,"01100"
"entry4945","2036","pln:Plano_0094 / pln:Plano_0485","gene","http://www.kegg.jp/dbget-bin/www_bget?pln:Plano_0094+pln:Plano_0485",NA,"rn:R00768",NA,NA,NA,"line",NA,NA,"#B3B3E6","#FFFFFF",0,"01100"
"entry4946","2037","pln:Plano_0383","gene","http://www.kegg.jp/dbget-bin/www_bget?pln:Plano_0383",NA,"rn:R03191 rn:R03192",NA,NA,NA,"line",NA,NA,"#B3B3E6","#FFFFFF",0,"01100"
"entry4947","2038","pln:Plano_2319 / pln:Plano_2326 / pln:Plano_2401","gene","http://www.kegg.jp/dbget-bin/www_bget?pln:Plano_2319+pln:Plano_2326+pln:Plano_2401",NA,"rn:R00414",NA,NA,NA,"line",NA,NA,"#B3B3E6","#FFFFFF",0,"01100"
"entry4948","2043","pln:Plano_2634","gene","http://www.kegg.jp/dbget-bin/www_bget?pln:Plano_2634",NA,"rn:R00867",NA,NA,NA,"line",NA,NA,"#B3B3E6","#FFFFFF",0,"01100"
"entry4949","2047","pln:Plano_2262","gene","http://www.kegg.jp/dbget-bin/www_bget?pln:Plano_2262",NA,"rn:R00888",NA,NA,NA,"line",NA,NA,"#B3B3E6","#FFFFFF",0,"01100"
"entry4950","2048","pln:Plano_2263","gene","http://www.kegg.jp/dbget-bin/www_bget?pln:Plano_2263",NA,"rn:R05692",NA,NA,NA,"line",NA,NA,"#B3B3E6","#FFFFFF",0,"01100"
"entry4951","2055","pln:Plano_2509","gene","http://www.kegg.jp/dbget-bin/www_bget?pln:Plano_2509",NA,"rn:R01388 rn:R01392",NA,NA,NA,"line",NA,NA,"#B3B3E6","#FFFFFF",0,"01100"
"entry4952","2062","pln:Plano_1370 / pln:Plano_1371","gene","http://www.kegg.jp/dbget-bin/www_bget?pln:Plano_1370+pln:Plano_1371",NA,"rn:R00833",NA,NA,NA,"line",NA,NA,"#B3B3E6","#FFFFFF",0,"01100"
"entry4953","2077","pln:Plano_1384","gene","http://www.kegg.jp/dbget-bin/www_bget?pln:Plano_1384",NA,"rn:R01954",NA,NA,NA,"line",NA,NA,"#FFCC66","#FFFFFF",0,"01100"
"entry4954","2079","pln:Plano_2170","gene","http://www.kegg.jp/dbget-bin/www_bget?pln:Plano_2170",NA,"rn:R00713 rn:R00714",NA,NA,NA,"line",NA,NA,"#FFCC66","#FFFFFF",0,"01100"
"entry4955","2080","pln:Plano_2575 / pln:Plano_2692","gene","http://www.kegg.jp/dbget-bin/www_bget?pln:Plano_2575+pln:Plano_2692",NA,"rn:R01513",NA,NA,NA,"line",NA,NA,"#FFCC66","#FFFFFF",0,"01100"
"entry4956","2082","pln:Plano_1158 / pln:Plano_2174","gene","http://www.kegg.jp/dbget-bin/www_bget?pln:Plano_1158+pln:Plano_2174",NA,"rn:R00480",NA,NA,NA,"line",NA,NA,"#FFCC66","#FFFFFF",0,"01100"
"entry4957","2083","pln:Plano_2173","gene","http://www.kegg.jp/dbget-bin/www_bget?pln:Plano_2173",NA,"rn:R01773 rn:R01775",NA,NA,NA,"line",NA,NA,"#FFCC66","#FFFFFF",0,"01100"
"entry4958","2084","pln:Plano_2171","gene","http://www.kegg.jp/dbget-bin/www_bget?pln:Plano_2171",NA,"rn:R01771",NA,NA,NA,"line",NA,NA,"#FFCC66","#FFFFFF",0,"01100"
"entry4959","2085","pln:Plano_2172","gene","http://www.kegg.jp/dbget-bin/www_bget?pln:Plano_2172",NA,"rn:R01466",NA,NA,NA,"line",NA,NA,"#FFCC66","#FFFFFF",0,"01100"
"entry4960","2089","pln:Plano_2519","gene","http://www.kegg.jp/dbget-bin/www_bget?pln:Plano_2519",NA,"rn:R01776",NA,NA,NA,"line",NA,NA,"#FFCC66","#FFFFFF",0,"01100"
"entry4961","2090","pln:Plano_2133 / pln:Plano_2194","gene","http://www.kegg.jp/dbget-bin/www_bget?pln:Plano_2133+pln:Plano_2194",NA,"rn:R03217",NA,NA,NA,"line",NA,NA,"#FFCC66","#FFFFFF",0,"01100"
"entry4962","2091","pln:Plano_2133 / pln:Plano_2194","gene","http://www.kegg.jp/dbget-bin/www_bget?pln:Plano_2133+pln:Plano_2194",NA,"rn:R03260",NA,NA,NA,"line",NA,NA,"#FFCC66","#FFFFFF",0,"01100"
"entry4963","2092","pln:Plano_2519","gene","http://www.kegg.jp/dbget-bin/www_bget?pln:Plano_2519",NA,"rn:R01777",NA,NA,NA,"line",NA,NA,"#FFCC66","#FFFFFF",0,"01100"
"entry4964","2093","pln:Plano_2471","gene","http://www.kegg.jp/dbget-bin/www_bget?pln:Plano_2471",NA,"rn:R01001",NA,NA,NA,"line",NA,NA,"#FFCC66","#FFFFFF",0,"01100"
"entry4965","2095","pln:Plano_2133 / pln:Plano_2194","gene","http://www.kegg.jp/dbget-bin/www_bget?pln:Plano_2133+pln:Plano_2194",NA,"rn:R01288",NA,NA,NA,"line",NA,NA,"#FFCC66","#FFFFFF",0,"01100"
"entry4966","2096","pln:Plano_1002","gene","http://www.kegg.jp/dbget-bin/www_bget?pln:Plano_1002",NA,"rn:R00177",NA,NA,NA,"line",NA,NA,"#FFCC66","#FFFFFF",0,"01100"
"entry4967","2097","pln:Plano_0657 / pln:Plano_1246","gene","http://www.kegg.jp/dbget-bin/www_bget?pln:Plano_0657+pln:Plano_1246",NA,"rn:R00194",NA,NA,NA,"line",NA,NA,"#FFCC66","#FFFFFF",0,"01100"
"entry4968","2104","pln:Plano_1121","gene","http://www.kegg.jp/dbget-bin/www_bget?pln:Plano_1121",NA,"rn:R00178",NA,NA,NA,"line",NA,NA,"#FFCC66","#FFFFFF",0,"01100"
"entry4969","2105","pln:Plano_0010","gene","http://www.kegg.jp/dbget-bin/www_bget?pln:Plano_0010",NA,"rn:R00586",NA,NA,NA,"line",NA,NA,"#FFCC66","#FFFFFF",0,"01100"
"entry4970","2107","pln:Plano_1759","gene","http://www.kegg.jp/dbget-bin/www_bget?pln:Plano_1759",NA,"rn:R02619",NA,NA,NA,"line",NA,NA,"#FFCC66","#FFFFFF",0,"01100"
"entry4971","2113","pln:Plano_1769","gene","http://www.kegg.jp/dbget-bin/www_bget?pln:Plano_1769",NA,"rn:R04198 rn:R04199",NA,NA,NA,"line",NA,NA,"#FFCC66","#FFFFFF",0,"01100"
"entry4972","2114","pln:Plano_2765","gene","http://www.kegg.jp/dbget-bin/www_bget?pln:Plano_2765",NA,"rn:R10147",NA,NA,NA,"line",NA,NA,"#FFCC66","#FFFFFF",0,"01100"
"entry4973","2115","pln:Plano_2504","gene","http://www.kegg.jp/dbget-bin/www_bget?pln:Plano_2504",NA,"rn:R02317",NA,NA,NA,"line",NA,NA,"#FFCC66","#FFFFFF",0,"01100"
"entry4974","2120","pln:Plano_1366 / pln:Plano_1612 / pln:Plano_2022","gene","http://www.kegg.jp/dbget-bin/www_bget?pln:Plano_1366+pln:Plano_1612+pln:Plano_2022",NA,"rn:R01933",NA,NA,NA,"line",NA,NA,"#FFCC66","#FFFFFF",0,"01100"
"entry4975","2122","pln:Plano_1045 / pln:Plano_1759","gene","http://www.kegg.jp/dbget-bin/www_bget?pln:Plano_1045+pln:Plano_1759",NA,"rn:R05052 rn:R05053",NA,NA,NA,"line",NA,NA,"#FFCC66","#FFFFFF",0,"01100"
"entry4976","2123","pln:Plano_2474","gene","http://www.kegg.jp/dbget-bin/www_bget?pln:Plano_2474",NA,"rn:R04858 rn:R10404",NA,NA,NA,"line",NA,NA,"#FFCC66","#FFFFFF",0,"01100"
"entry4977","2124","pln:Plano_0980","gene","http://www.kegg.jp/dbget-bin/www_bget?pln:Plano_0980",NA,"rn:R04444 rn:R04445",NA,NA,NA,"line",NA,NA,"#FFCC66","#FFFFFF",0,"01100"
"entry4978","2125","pln:Plano_3072","gene","http://www.kegg.jp/dbget-bin/www_bget?pln:Plano_3072",NA,"rn:R01398",NA,NA,NA,"line",NA,NA,"#FFCC66","#FFFFFF",0,"01100"
"entry4979","2127","pln:Plano_1385","gene","http://www.kegg.jp/dbget-bin/www_bget?pln:Plano_1385",NA,"rn:R01086",NA,NA,NA,"line",NA,NA,"#FFCC66","#FFFFFF",0,"01100"
"entry4980","2129","pln:Plano_2573","gene","http://www.kegg.jp/dbget-bin/www_bget?pln:Plano_2573",NA,"rn:R00552 rn:R00557 rn:R11711",NA,NA,NA,"line",NA,NA,"#FFCC66","#FFFFFF",0,"01100"
"entry4981","2133","pln:Plano_0891 / pln:Plano_0892","gene","http://www.kegg.jp/dbget-bin/www_bget?pln:Plano_0891+pln:Plano_0892",NA,"rn:R01071",NA,NA,NA,"line",NA,NA,"#FFCC66","#FFFFFF",0,"01100"
"entry4982","2137","pln:Plano_0895 / pln:Plano_0897","gene","http://www.kegg.jp/dbget-bin/www_bget?pln:Plano_0895+pln:Plano_0897",NA,"rn:R04558",NA,NA,NA,"line",NA,NA,"#FFCC66","#FFFFFF",0,"01100"
"entry4983","2138","pln:Plano_1076","gene","http://www.kegg.jp/dbget-bin/www_bget?pln:Plano_1076",NA,"rn:R03013",NA,NA,NA,"line",NA,NA,"#FFCC66","#FFFFFF",0,"01100"
"entry4984","2139","pln:Plano_0893","gene","http://www.kegg.jp/dbget-bin/www_bget?pln:Plano_0893",NA,"rn:R01163",NA,NA,NA,"line",NA,NA,"#FFCC66","#FFFFFF",0,"01100"
"entry4985","2141","pln:Plano_1062","gene","http://www.kegg.jp/dbget-bin/www_bget?pln:Plano_1062",NA,"rn:R01826",NA,NA,NA,"line",NA,NA,"#FFCC66","#FFFFFF",0,"01100"
"entry4986","2143","pln:Plano_1783","gene","http://www.kegg.jp/dbget-bin/www_bget?pln:Plano_1783",NA,"rn:R03083",NA,NA,NA,"line",NA,NA,"#FFCC66","#FFFFFF",0,"01100"
"entry4987","2144","pln:Plano_1343","gene","http://www.kegg.jp/dbget-bin/www_bget?pln:Plano_1343",NA,"rn:R03084",NA,NA,NA,"line",NA,NA,"#FFCC66","#FFFFFF",0,"01100"
"entry4988","2146","pln:Plano_0244 / pln:Plano_1336","gene","http://www.kegg.jp/dbget-bin/www_bget?pln:Plano_0244+pln:Plano_1336",NA,"rn:R02412",NA,NA,NA,"line",NA,NA,"#FFCC66","#FFFFFF",0,"01100"
"entry4989","2147","pln:Plano_1780","gene","http://www.kegg.jp/dbget-bin/www_bget?pln:Plano_1780",NA,"rn:R03460",NA,NA,NA,"line",NA,NA,"#FFCC66","#FFFFFF",0,"01100"
"entry4990","2148","pln:Plano_0189 / pln:Plano_0190","gene","http://www.kegg.jp/dbget-bin/www_bget?pln:Plano_0189+pln:Plano_0190",NA,"rn:R00985 rn:R00986",NA,NA,NA,"line",NA,NA,"#FFCC66","#FFFFFF",0,"01100"
"entry4991","2149","pln:Plano_0370","gene","http://www.kegg.jp/dbget-bin/www_bget?pln:Plano_0370",NA,"rn:R01073",NA,NA,NA,"line",NA,NA,"#FFCC66","#FFFFFF",0,"01100"
"entry4992","2151","pln:Plano_0371","gene","http://www.kegg.jp/dbget-bin/www_bget?pln:Plano_0371",NA,"rn:R03508",NA,NA,NA,"line",NA,NA,"#FFCC66","#FFFFFF",0,"01100"
"entry4993","2152","pln:Plano_1062 / pln:Plano_1211 / pln:Plano_1782","gene","http://www.kegg.jp/dbget-bin/www_bget?pln:Plano_1062+pln:Plano_1211+pln:Plano_1782",NA,"rn:R01715",NA,NA,NA,"line",NA,NA,"#FFCC66","#FFFFFF",0,"01100"
"entry4994","2153","pln:Plano_0195 / pln:Plano_1759","gene","http://www.kegg.jp/dbget-bin/www_bget?pln:Plano_0195+pln:Plano_1759",NA,"rn:R00688 rn:R00689 rn:R00692 rn:R00694",NA,NA,NA,"line",NA,NA,"#FFCC66","#FFFFFF",0,"01100"
"entry4995","2154","pln:Plano_1781","gene","http://www.kegg.jp/dbget-bin/www_bget?pln:Plano_1781",NA,"rn:R01728 rn:R01730",NA,NA,NA,"line",NA,NA,"#FFCC66","#FFFFFF",0,"01100"
"entry4996","2164","pln:Plano_1677","gene","http://www.kegg.jp/dbget-bin/www_bget?pln:Plano_1677",NA,"rn:R04880",NA,NA,NA,"line",NA,NA,"#FFCC66","#FFFFFF",0,"01100"
"entry4997","2175","pln:Plano_0838","gene","http://www.kegg.jp/dbget-bin/www_bget?pln:Plano_0838",NA,"rn:R02668",NA,NA,NA,"line",NA,NA,"#FFCC66","#FFFFFF",0,"01100"
"entry4998","2180","pln:Plano_0720 / pln:Plano_2072","gene","http://www.kegg.jp/dbget-bin/www_bget?pln:Plano_0720+pln:Plano_2072",NA,"rn:R02678 rn:R02681",NA,NA,NA,"line",NA,NA,"#FFCC66","#FFFFFF",0,"01100"
"entry4999","2181","pln:Plano_0720 / pln:Plano_2072","gene","http://www.kegg.jp/dbget-bin/www_bget?pln:Plano_0720+pln:Plano_2072",NA,"rn:R04903 rn:R04904",NA,NA,NA,"line",NA,NA,"#FFCC66","#FFFFFF",0,"01100"
"entry5000","2182","pln:Plano_1801","gene","http://www.kegg.jp/dbget-bin/www_bget?pln:Plano_1801",NA,"rn:R00483 rn:R00485 rn:R00578",NA,NA,NA,"line",NA,NA,"#FFCC66","#FFFFFF",0,"01100"
"entry5001","2183","pln:Plano_2308 / pln:Plano_2946","gene","http://www.kegg.jp/dbget-bin/www_bget?pln:Plano_2308+pln:Plano_2946",NA,"rn:R03313",NA,NA,NA,"line",NA,NA,"#FFCC66","#FFFFFF",0,"01100"
"entry5002","2184","pln:Plano_2309 / pln:Plano_2947","gene","http://www.kegg.jp/dbget-bin/www_bget?pln:Plano_2309+pln:Plano_2947",NA,"rn:R00239",NA,NA,NA,"line",NA,NA,"#FFCC66","#FFFFFF",0,"01100"
"entry5003","2193","pln:Plano_2020","gene","http://www.kegg.jp/dbget-bin/www_bget?pln:Plano_2020",NA,"rn:R00566",NA,NA,NA,"line",NA,NA,"#FFCC66","#FFFFFF",0,"01100"
"entry5004","2195","pln:Plano_0657 / pln:Plano_1246","gene","http://www.kegg.jp/dbget-bin/www_bget?pln:Plano_0657+pln:Plano_1246",NA,"rn:R01401",NA,NA,NA,"line",NA,NA,"#FFCC66","#FFFFFF",0,"01100"
"entry5005","2196","pln:Plano_2640","gene","http://www.kegg.jp/dbget-bin/www_bget?pln:Plano_2640",NA,"rn:R00648 rn:R07396 rn:R12055",NA,NA,NA,"line",NA,NA,"#FFCC66","#FFFFFF",0,"01100"
"entry5006","2198","pln:Plano_2504","gene","http://www.kegg.jp/dbget-bin/www_bget?pln:Plano_2504",NA,"rn:R00446",NA,NA,NA,"line",NA,NA,"#FFCC66","#FFFFFF",0,"01100"
"entry5007","2202","pln:Plano_0469 / pln:Plano_0470","gene","http://www.kegg.jp/dbget-bin/www_bget?pln:Plano_0469+pln:Plano_0470",NA,"rn:R00650 rn:R00946 rn:R02821 rn:R04405",NA,NA,NA,"line",NA,NA,"#FFCC66","#FFFFFF",0,"01100"
"entry5008","2203","pln:Plano_1411","gene","http://www.kegg.jp/dbget-bin/www_bget?pln:Plano_1411",NA,"rn:R00996",NA,NA,NA,"line",NA,NA,"#FFCC66","#FFFFFF",0,"01100"
"entry5009","2204","pln:Plano_0659","gene","http://www.kegg.jp/dbget-bin/www_bget?pln:Plano_0659",NA,"rn:R01939",NA,NA,NA,"line",NA,NA,"#FFCC66","#FFFFFF",0,"01100"
"entry5010","2205","pln:Plano_0031 / pln:Plano_0032 / pln:Plano_1447","gene","http://www.kegg.jp/dbget-bin/www_bget?pln:Plano_0031+pln:Plano_0032+pln:Plano_1447",NA,"rn:R08648",NA,NA,NA,"line",NA,NA,"#FFCC66","#FFFFFF",0,"01100"
"entry5011","2207","pln:Plano_0713","gene","http://www.kegg.jp/dbget-bin/www_bget?pln:Plano_0713",NA,"rn:R05070",NA,NA,NA,"line",NA,NA,"#FFCC66","#FFFFFF",0,"01100"
"entry5012","2208","pln:Plano_0030 / pln:Plano_1364 / pln:Plano_2952","gene","http://www.kegg.jp/dbget-bin/www_bget?pln:Plano_0030+pln:Plano_1364+pln:Plano_2952",NA,"rn:R02196 rn:R02197 rn:R02199",NA,NA,NA,"line",NA,NA,"#FFCC66","#FFFFFF",0,"01100"
"entry5013","2209","pln:Plano_0031 / pln:Plano_0032 / pln:Plano_1447","gene","http://www.kegg.jp/dbget-bin/www_bget?pln:Plano_0031+pln:Plano_0032+pln:Plano_1447",NA,"rn:R00226",NA,NA,NA,"line",NA,NA,"#FFCC66","#FFFFFF",0,"01100"
"entry5014","2210","pln:Plano_0034","gene","http://www.kegg.jp/dbget-bin/www_bget?pln:Plano_0034",NA,"rn:R01213",NA,NA,NA,"line",NA,NA,"#FFCC66","#FFFFFF",0,"01100"
"entry5015","2211","pln:Plano_0036 / pln:Plano_0037","gene","http://www.kegg.jp/dbget-bin/www_bget?pln:Plano_0036+pln:Plano_0037",NA,"rn:R03968 rn:R04001",NA,NA,NA,"line",NA,NA,"#FFCC66","#FFFFFF",0,"01100"
"entry5016","2212","pln:Plano_0035","gene","http://www.kegg.jp/dbget-bin/www_bget?pln:Plano_0035",NA,"rn:R04426",NA,NA,NA,"line",NA,NA,"#FFCC66","#FFFFFF",0,"01100"
"entry5017","2213","pln:Plano_0030 / pln:Plano_1364 / pln:Plano_2952","gene","http://www.kegg.jp/dbget-bin/www_bget?pln:Plano_0030+pln:Plano_1364+pln:Plano_2952",NA,"rn:R01088 rn:R01090",NA,NA,NA,"line",NA,NA,"#FFCC66","#FFFFFF",0,"01100"
"entry5018","2214","pln:Plano_0030 / pln:Plano_1364 / pln:Plano_2952","gene","http://www.kegg.jp/dbget-bin/www_bget?pln:Plano_0030+pln:Plano_1364+pln:Plano_2952",NA,"rn:R01214 rn:R01215 rn:R01434",NA,NA,NA,"line",NA,NA,"#FFCC66","#FFFFFF",0,"01100"
"entry5019","2216","pln:Plano_1251","gene","http://www.kegg.jp/dbget-bin/www_bget?pln:Plano_1251",NA,"rn:R02413 rn:R02415 rn:R06847",NA,NA,NA,"line",NA,NA,"#FFCC66","#FFFFFF",0,"01100"
"entry5020","2218","pln:Plano_0365 / pln:Plano_0926","gene","http://www.kegg.jp/dbget-bin/www_bget?pln:Plano_0365+pln:Plano_0926",NA,"rn:R00927",NA,NA,NA,"line",NA,NA,"#FFCC66","#FFFFFF",0,"01100"
"entry5021","2220","pln:Plano_0367 / pln:Plano_2571","gene","http://www.kegg.jp/dbget-bin/www_bget?pln:Plano_0367+pln:Plano_2571",NA,"rn:R03172",NA,NA,NA,"line",NA,NA,"#FFCC66","#FFFFFF",0,"01100"
"entry5022","2221","pln:Plano_1369","gene","http://www.kegg.jp/dbget-bin/www_bget?pln:Plano_1369",NA,"rn:R03174",NA,NA,NA,"line",NA,NA,"#FFCC66","#FFFFFF",0,"01100"
"entry5023","2222","pln:Plano_0367 / pln:Plano_2571","gene","http://www.kegg.jp/dbget-bin/www_bget?pln:Plano_0367+pln:Plano_2571",NA,"rn:R04095",NA,NA,NA,"line",NA,NA,"#FFCC66","#FFFFFF",0,"01100"
"entry5024","2226","pln:Plano_0033","gene","http://www.kegg.jp/dbget-bin/www_bget?pln:Plano_0033",NA,"rn:R05068 rn:R05069",NA,NA,NA,"line",NA,NA,"#FFCC66","#FFFFFF",0,"01100"
"entry5025","2229","pln:Plano_1212","gene","http://www.kegg.jp/dbget-bin/www_bget?pln:Plano_1212",NA,"rn:R01373",NA,NA,NA,"line",NA,NA,"#FFCC66","#FFFFFF",0,"01100"
"entry5026","2230","pln:Plano_2133 / pln:Plano_2194 / pln:Plano_2520","gene","http://www.kegg.jp/dbget-bin/www_bget?pln:Plano_2133+pln:Plano_2194+pln:Plano_2520",NA,"rn:R01287 rn:R02026",NA,NA,NA,"line",NA,NA,"#FFCC66","#FFFFFF",0,"01100"
"entry5027","2233","pln:Plano_1759","gene","http://www.kegg.jp/dbget-bin/www_bget?pln:Plano_1759",NA,"rn:R00895 rn:R00896",NA,NA,NA,"line",NA,NA,"#FFCC66","#FFFFFF",0,"01100"
"entry5028","2234","pln:Plano_0367 / pln:Plano_2571","gene","http://www.kegg.jp/dbget-bin/www_bget?pln:Plano_0367+pln:Plano_2571",NA,"rn:R01278 rn:R01279",NA,NA,NA,"line",NA,NA,"#80CCCC","#FFFFFF",0,"01100"
"entry5029","2235","pln:Plano_1153","gene","http://www.kegg.jp/dbget-bin/www_bget?pln:Plano_1153",NA,"rn:R04738",NA,NA,NA,"line",NA,NA,"#80CCCC","#FFFFFF",0,"01100"
"entry5030","2236","pln:Plano_0925","gene","http://www.kegg.jp/dbget-bin/www_bget?pln:Plano_0925",NA,"rn:R04737",NA,NA,NA,"line",NA,NA,"#80CCCC","#FFFFFF",0,"01100"
"entry5031","2237","pln:Plano_0367 / pln:Plano_2571","gene","http://www.kegg.jp/dbget-bin/www_bget?pln:Plano_0367+pln:Plano_2571",NA,"rn:R03989 rn:R03990",NA,NA,NA,"line",NA,NA,"#80CCCC","#FFFFFF",0,"01100"
"entry5032","2238","pln:Plano_1153","gene","http://www.kegg.jp/dbget-bin/www_bget?pln:Plano_1153",NA,"rn:R04740",NA,NA,NA,"line",NA,NA,"#80CCCC","#FFFFFF",0,"01100"
"entry5033","2239","pln:Plano_0925","gene","http://www.kegg.jp/dbget-bin/www_bget?pln:Plano_0925",NA,"rn:R04739",NA,NA,NA,"line",NA,NA,"#80CCCC","#FFFFFF",0,"01100"
"entry5034","2240","pln:Plano_0365 / pln:Plano_0926","gene","http://www.kegg.jp/dbget-bin/www_bget?pln:Plano_0365+pln:Plano_0926",NA,"rn:R03858",NA,NA,NA,"line",NA,NA,"#80CCCC","#FFFFFF",0,"01100"
"entry5035","2242","pln:Plano_0367 / pln:Plano_2571","gene","http://www.kegg.jp/dbget-bin/www_bget?pln:Plano_0367+pln:Plano_2571",NA,"rn:R03856 rn:R03857",NA,NA,NA,"line",NA,NA,"#80CCCC","#FFFFFF",0,"01100"
"entry5036","2243","pln:Plano_1153","gene","http://www.kegg.jp/dbget-bin/www_bget?pln:Plano_1153",NA,"rn:R04170",NA,NA,NA,"line",NA,NA,"#80CCCC","#FFFFFF",0,"01100"
"entry5037","2244","pln:Plano_0925","gene","http://www.kegg.jp/dbget-bin/www_bget?pln:Plano_0925",NA,"rn:R04741",NA,NA,NA,"line",NA,NA,"#80CCCC","#FFFFFF",0,"01100"
"entry5038","2245","pln:Plano_0365 / pln:Plano_0926","gene","http://www.kegg.jp/dbget-bin/www_bget?pln:Plano_0365+pln:Plano_0926",NA,"rn:R04742",NA,NA,NA,"line",NA,NA,"#80CCCC","#FFFFFF",0,"01100"
"entry5039","2247","pln:Plano_0367 / pln:Plano_2571","gene","http://www.kegg.jp/dbget-bin/www_bget?pln:Plano_0367+pln:Plano_2571",NA,"rn:R04753 rn:R04754",NA,NA,NA,"line",NA,NA,"#80CCCC","#FFFFFF",0,"01100"
"entry5040","2248","pln:Plano_1153","gene","http://www.kegg.jp/dbget-bin/www_bget?pln:Plano_1153",NA,"rn:R04744",NA,NA,NA,"line",NA,NA,"#80CCCC","#FFFFFF",0,"01100"
"entry5041","2249","pln:Plano_0925","gene","http://www.kegg.jp/dbget-bin/www_bget?pln:Plano_0925",NA,"rn:R04743",NA,NA,NA,"line",NA,NA,"#80CCCC","#FFFFFF",0,"01100"
"entry5042","2250","pln:Plano_0365 / pln:Plano_0926","gene","http://www.kegg.jp/dbget-bin/www_bget?pln:Plano_0365+pln:Plano_0926",NA,"rn:R03778",NA,NA,NA,"line",NA,NA,"#80CCCC","#FFFFFF",0,"01100"
"entry5043","2252","pln:Plano_0367 / pln:Plano_2571","gene","http://www.kegg.jp/dbget-bin/www_bget?pln:Plano_0367+pln:Plano_2571",NA,"rn:R03776 rn:R03777",NA,NA,NA,"line",NA,NA,"#80CCCC","#FFFFFF",0,"01100"
"entry5044","2253","pln:Plano_1153","gene","http://www.kegg.jp/dbget-bin/www_bget?pln:Plano_1153",NA,"rn:R04746",NA,NA,NA,"line",NA,NA,"#80CCCC","#FFFFFF",0,"01100"
"entry5045","2254","pln:Plano_0925","gene","http://www.kegg.jp/dbget-bin/www_bget?pln:Plano_0925",NA,"rn:R04745",NA,NA,NA,"line",NA,NA,"#80CCCC","#FFFFFF",0,"01100"
"entry5046","2255","pln:Plano_0365 / pln:Plano_0926","gene","http://www.kegg.jp/dbget-bin/www_bget?pln:Plano_0365+pln:Plano_0926",NA,"rn:R04747",NA,NA,NA,"line",NA,NA,"#80CCCC","#FFFFFF",0,"01100"
"entry5047","2257","pln:Plano_0367 / pln:Plano_2571","gene","http://www.kegg.jp/dbget-bin/www_bget?pln:Plano_0367+pln:Plano_2571",NA,"rn:R04751 rn:R06985",NA,NA,NA,"line",NA,NA,"#80CCCC","#FFFFFF",0,"01100"
"entry5048","2258","pln:Plano_1153","gene","http://www.kegg.jp/dbget-bin/www_bget?pln:Plano_1153",NA,"rn:R04749",NA,NA,NA,"line",NA,NA,"#80CCCC","#FFFFFF",0,"01100"
"entry5049","2259","pln:Plano_0925","gene","http://www.kegg.jp/dbget-bin/www_bget?pln:Plano_0925",NA,"rn:R04748",NA,NA,NA,"line",NA,NA,"#80CCCC","#FFFFFF",0,"01100"
"entry5050","2260","pln:Plano_0365 / pln:Plano_0627 / pln:Plano_0926 / pln:Plano_1831 / pln:Plano_2427 / pln:Plano_2570","gene","http://www.kegg.jp/dbget-bin/www_bget?pln:Plano_0365+pln:Plano_0627+pln:Plano_0926+pln:Plano_1831+pln:Plano_2427+pln:Plano_2570",NA,"rn:R01177",NA,NA,NA,"line",NA,NA,"#80CCCC","#FFFFFF",0,"01100"
"entry5051","2262","pln:Plano_0367 / pln:Plano_2571","gene","http://www.kegg.jp/dbget-bin/www_bget?pln:Plano_0367+pln:Plano_2571",NA,"rn:R01171 rn:R01175",NA,NA,NA,"line",NA,NA,"#80CCCC","#FFFFFF",0,"01100"
"entry5052","2263","pln:Plano_1153","gene","http://www.kegg.jp/dbget-bin/www_bget?pln:Plano_1153",NA,"rn:R03026",NA,NA,NA,"line",NA,NA,"#80CCCC","#FFFFFF",0,"01100"
"entry5053","2264","pln:Plano_0925 / pln:Plano_2201 / pln:Plano_2426","gene","http://www.kegg.jp/dbget-bin/www_bget?pln:Plano_0925+pln:Plano_2201+pln:Plano_2426",NA,"rn:R01975 rn:R01976",NA,NA,NA,"line",NA,NA,"#80CCCC","#FFFFFF",0,"01100"
"entry5054","2265","pln:Plano_0800 / pln:Plano_2019 / pln:Plano_2086","gene","http://www.kegg.jp/dbget-bin/www_bget?pln:Plano_0800+pln:Plano_2019+pln:Plano_2086",NA,"rn:R04969 rn:R04970",NA,NA,NA,"line",NA,NA,"#80CCCC","#FFFFFF",0,"01100"
"entry5055","2266","pln:Plano_2387","gene","http://www.kegg.jp/dbget-bin/www_bget?pln:Plano_2387",NA,"rn:R04544",NA,NA,NA,"line",NA,NA,"#80CCCC","#FFFFFF",0,"01100"
"entry5056","2267","pln:Plano_0300 / pln:Plano_0624 / pln:Plano_0688 / pln:Plano_0719 / pln:Plano_1518 / pln:Plano_1863 / pln:Plano_1921","gene","http://www.kegg.jp/dbget-bin/www_bget?pln:Plano_0300+pln:Plano_0624+pln:Plano_0688+pln:Plano_0719+pln:Plano_1518+pln:Plano_1863+pln:Plano_1921",NA,"rn:R04543",NA,NA,NA,"line",NA,NA,"#80CCCC","#FFFFFF",0,"01100"
"entry5057","2268","pln:Plano_2113","gene","http://www.kegg.jp/dbget-bin/www_bget?pln:Plano_2113",NA,"rn:R04968",NA,NA,NA,"line",NA,NA,"#80CCCC","#FFFFFF",0,"01100"
"entry5058","2270","pln:Plano_0800 / pln:Plano_2019 / pln:Plano_2086","gene","http://www.kegg.jp/dbget-bin/www_bget?pln:Plano_0800+pln:Plano_2019+pln:Plano_2086",NA,"rn:R04966 rn:R04967",NA,NA,NA,"line",NA,NA,"#80CCCC","#FFFFFF",0,"01100"
"entry5059","2271","pln:Plano_2387","gene","http://www.kegg.jp/dbget-bin/www_bget?pln:Plano_2387",NA,"rn:R04568",NA,NA,NA,"line",NA,NA,"#80CCCC","#FFFFFF",0,"01100"
"entry5060","2272","pln:Plano_0300 / pln:Plano_0624 / pln:Plano_0688 / pln:Plano_0719 / pln:Plano_1518 / pln:Plano_1863 / pln:Plano_1921","gene","http://www.kegg.jp/dbget-bin/www_bget?pln:Plano_0300+pln:Plano_0624+pln:Plano_0688+pln:Plano_0719+pln:Plano_1518+pln:Plano_1863+pln:Plano_1921",NA,"rn:R04566",NA,NA,NA,"line",NA,NA,"#80CCCC","#FFFFFF",0,"01100"
"entry5061","2273","pln:Plano_2113","gene","http://www.kegg.jp/dbget-bin/www_bget?pln:Plano_2113",NA,"rn:R04726",NA,NA,NA,"line",NA,NA,"#80CCCC","#FFFFFF",0,"01100"
"entry5062","2275","pln:Plano_0800 / pln:Plano_2019 / pln:Plano_2086","gene","http://www.kegg.jp/dbget-bin/www_bget?pln:Plano_0800+pln:Plano_2019+pln:Plano_2086",NA,"rn:R04724 rn:R04725",NA,NA,NA,"line",NA,NA,"#80CCCC","#FFFFFF",0,"01100"
"entry5063","2276","pln:Plano_2387","gene","http://www.kegg.jp/dbget-bin/www_bget?pln:Plano_2387",NA,"rn:R04965",NA,NA,NA,"line",NA,NA,"#80CCCC","#FFFFFF",0,"01100"
"entry5064","2277","pln:Plano_0300 / pln:Plano_0624 / pln:Plano_0688 / pln:Plano_0719 / pln:Plano_1518 / pln:Plano_1863 / pln:Plano_1921","gene","http://www.kegg.jp/dbget-bin/www_bget?pln:Plano_0300+pln:Plano_0624+pln:Plano_0688+pln:Plano_0719+pln:Plano_1518+pln:Plano_1863+pln:Plano_1921",NA,"rn:R04964",NA,NA,NA,"line",NA,NA,"#80CCCC","#FFFFFF",0,"01100"
"entry5065","2278","pln:Plano_2113","gene","http://www.kegg.jp/dbget-bin/www_bget?pln:Plano_2113",NA,"rn:R04963",NA,NA,NA,"line",NA,NA,"#80CCCC","#FFFFFF",0,"01100"
"entry5066","2280","pln:Plano_0800 / pln:Plano_2019 / pln:Plano_2086","gene","http://www.kegg.jp/dbget-bin/www_bget?pln:Plano_0800+pln:Plano_2019+pln:Plano_2086",NA,"rn:R04961 rn:R04962",NA,NA,NA,"line",NA,NA,"#80CCCC","#FFFFFF",0,"01100"
"entry5067","2281","pln:Plano_2387","gene","http://www.kegg.jp/dbget-bin/www_bget?pln:Plano_2387",NA,"rn:R04535",NA,NA,NA,"line",NA,NA,"#80CCCC","#FFFFFF",0,"01100"
"entry5068","2282","pln:Plano_0300 / pln:Plano_0624 / pln:Plano_0688 / pln:Plano_0719 / pln:Plano_1518 / pln:Plano_1863 / pln:Plano_1921","gene","http://www.kegg.jp/dbget-bin/www_bget?pln:Plano_0300+pln:Plano_0624+pln:Plano_0688+pln:Plano_0719+pln:Plano_1518+pln:Plano_1863+pln:Plano_1921",NA,"rn:R04534",NA,NA,NA,"line",NA,NA,"#80CCCC","#FFFFFF",0,"01100"
"entry5069","2283","pln:Plano_2113","gene","http://www.kegg.jp/dbget-bin/www_bget?pln:Plano_2113",NA,"rn:R04960",NA,NA,NA,"line",NA,NA,"#80CCCC","#FFFFFF",0,"01100"
"entry5070","2285","pln:Plano_0800 / pln:Plano_2019 / pln:Plano_2086","gene","http://www.kegg.jp/dbget-bin/www_bget?pln:Plano_0800+pln:Plano_2019+pln:Plano_2086",NA,"rn:R04958 rn:R04959",NA,NA,NA,"line",NA,NA,"#80CCCC","#FFFFFF",0,"01100"
"entry5071","2286","pln:Plano_2387","gene","http://www.kegg.jp/dbget-bin/www_bget?pln:Plano_2387",NA,"rn:R04537",NA,NA,NA,"line",NA,NA,"#80CCCC","#FFFFFF",0,"01100"
"entry5072","2287","pln:Plano_0300 / pln:Plano_0624 / pln:Plano_0688 / pln:Plano_0719 / pln:Plano_1518 / pln:Plano_1863 / pln:Plano_1921","gene","http://www.kegg.jp/dbget-bin/www_bget?pln:Plano_0300+pln:Plano_0624+pln:Plano_0688+pln:Plano_0719+pln:Plano_1518+pln:Plano_1863+pln:Plano_1921",NA,"rn:R04536",NA,NA,NA,"line",NA,NA,"#80CCCC","#FFFFFF",0,"01100"
"entry5073","2288","pln:Plano_2113","gene","http://www.kegg.jp/dbget-bin/www_bget?pln:Plano_2113",NA,"rn:R04957",NA,NA,NA,"line",NA,NA,"#80CCCC","#FFFFFF",0,"01100"
"entry5074","2290","pln:Plano_0800 / pln:Plano_2019 / pln:Plano_2086","gene","http://www.kegg.jp/dbget-bin/www_bget?pln:Plano_0800+pln:Plano_2019+pln:Plano_2086",NA,"rn:R04955 rn:R04956",NA,NA,NA,"line",NA,NA,"#80CCCC","#FFFFFF",0,"01100"
"entry5075","2291","pln:Plano_2387","gene","http://www.kegg.jp/dbget-bin/www_bget?pln:Plano_2387",NA,"rn:R04954",NA,NA,NA,"line",NA,NA,"#80CCCC","#FFFFFF",0,"01100"
"entry5076","2292","pln:Plano_0300 / pln:Plano_0624 / pln:Plano_0688 / pln:Plano_0719 / pln:Plano_1518 / pln:Plano_1863 / pln:Plano_1921","gene","http://www.kegg.jp/dbget-bin/www_bget?pln:Plano_0300+pln:Plano_0624+pln:Plano_0688+pln:Plano_0719+pln:Plano_1518+pln:Plano_1863+pln:Plano_1921",NA,"rn:R04953",NA,NA,NA,"line",NA,NA,"#80CCCC","#FFFFFF",0,"01100"
"entry5077","2293","pln:Plano_2113","gene","http://www.kegg.jp/dbget-bin/www_bget?pln:Plano_2113",NA,"rn:R04952",NA,NA,NA,"line",NA,NA,"#80CCCC","#FFFFFF",0,"01100"
"entry5078","2295","pln:Plano_0800 / pln:Plano_2019 / pln:Plano_2086","gene","http://www.kegg.jp/dbget-bin/www_bget?pln:Plano_0800+pln:Plano_2019+pln:Plano_2086",NA,"rn:R04429 rn:R04430",NA,NA,NA,"line",NA,NA,"#80CCCC","#FFFFFF",0,"01100"
"entry5079","2296","pln:Plano_2387","gene","http://www.kegg.jp/dbget-bin/www_bget?pln:Plano_2387",NA,"rn:R04428",NA,NA,NA,"line",NA,NA,"#80CCCC","#FFFFFF",0,"01100"
"entry5080","2297","pln:Plano_0300 / pln:Plano_0624 / pln:Plano_0688 / pln:Plano_0719 / pln:Plano_1518 / pln:Plano_1863 / pln:Plano_1921","gene","http://www.kegg.jp/dbget-bin/www_bget?pln:Plano_0300+pln:Plano_0624+pln:Plano_0688+pln:Plano_0719+pln:Plano_1518+pln:Plano_1863+pln:Plano_1921",NA,"rn:R04533",NA,NA,NA,"line",NA,NA,"#80CCCC","#FFFFFF",0,"01100"
"entry5081","2298","pln:Plano_2113","gene","http://www.kegg.jp/dbget-bin/www_bget?pln:Plano_2113",NA,"rn:R04355",NA,NA,NA,"line",NA,NA,"#80CCCC","#FFFFFF",0,"01100"
"entry5082","2301","pln:Plano_0874 / pln:Plano_1151","gene","http://www.kegg.jp/dbget-bin/www_bget?pln:Plano_0874+pln:Plano_1151",NA,"rn:R01274 rn:R01280",NA,NA,NA,"line",NA,NA,"#80CCCC","#FFFFFF",0,"01100"
"entry5083","2302","pln:Plano_1832","gene","http://www.kegg.jp/dbget-bin/www_bget?pln:Plano_1832",NA,"rn:R01360",NA,NA,NA,"line",NA,NA,"#80CCCC","#FFFFFF",0,"01100"
"entry5084","2303","pln:Plano_0698 / pln:Plano_1458","gene","http://www.kegg.jp/dbget-bin/www_bget?pln:Plano_0698+pln:Plano_1458",NA,"rn:R01361",NA,NA,NA,"line",NA,NA,"#80CCCC","#FFFFFF",0,"01100"
"entry5085","2304","pln:Plano_1890","gene","http://www.kegg.jp/dbget-bin/www_bget?pln:Plano_1890",NA,"rn:R05688",NA,NA,NA,"line",NA,NA,"#9EE284","#FFFFFF",0,"01100"
"entry5086","2305","pln:Plano_0007","gene","http://www.kegg.jp/dbget-bin/www_bget?pln:Plano_0007",NA,"rn:R05633",NA,NA,NA,"line",NA,NA,"#9EE284","#FFFFFF",0,"01100"
"entry5087","2306","pln:Plano_3059","gene","http://www.kegg.jp/dbget-bin/www_bget?pln:Plano_3059",NA,"rn:R05634",NA,NA,NA,"line",NA,NA,"#9EE284","#FFFFFF",0,"01100"
"entry5088","2307","pln:Plano_0008","gene","http://www.kegg.jp/dbget-bin/www_bget?pln:Plano_0008",NA,"rn:R05637",NA,NA,NA,"line",NA,NA,"#9EE284","#FFFFFF",0,"01100"
"entry5089","2308","pln:Plano_1312","gene","http://www.kegg.jp/dbget-bin/www_bget?pln:Plano_1312",NA,"rn:R08689 rn:R10859",NA,NA,NA,"line",NA,NA,"#9EE284","#FFFFFF",0,"01100"
"entry5090","2309","pln:Plano_1305","gene","http://www.kegg.jp/dbget-bin/www_bget?pln:Plano_1305",NA,"rn:R05884",NA,NA,NA,"line",NA,NA,"#9EE284","#FFFFFF",0,"01100"
"entry5091","2313","pln:Plano_0409","gene","http://www.kegg.jp/dbget-bin/www_bget?pln:Plano_0409",NA,"rn:R02872",NA,NA,NA,"line",NA,NA,"#9EE284","#FFFFFF",0,"01100"
"entry5092","2399","pln:Plano_2406 / pln:Plano_2690","gene","http://www.kegg.jp/dbget-bin/www_bget?pln:Plano_2406+pln:Plano_2690",NA,"rn:R01056",NA,NA,NA,"line",NA,NA,"#CC99FF","#FFFFFF",0,"01100"
"entry5093","2400","pln:Plano_1836","gene","http://www.kegg.jp/dbget-bin/www_bget?pln:Plano_1836",NA,"rn:R01641",NA,NA,NA,"line",NA,NA,"#CC99FF","#FFFFFF",0,"01100"
"entry5094","2402","pln:Plano_0661 / pln:Plano_2417","gene","http://www.kegg.jp/dbget-bin/www_bget?pln:Plano_0661+pln:Plano_2417",NA,"rn:R01829",NA,NA,NA,"line",NA,NA,"#CC99FF","#FFFFFF",0,"01100"
"entry5095","2403","pln:Plano_1836","gene","http://www.kegg.jp/dbget-bin/www_bget?pln:Plano_1836",NA,"rn:R00761 rn:R01067",NA,NA,NA,"line",NA,NA,"#CC99FF","#FFFFFF",0,"01100"
"entry5096","2404","pln:Plano_1105 / pln:Plano_1413 / pln:Plano_2414","gene","http://www.kegg.jp/dbget-bin/www_bget?pln:Plano_1105+pln:Plano_1413+pln:Plano_2414",NA,"rn:R00762 rn:R00756 rn:R05805",NA,NA,NA,"line",NA,NA,"#CC99FF","#FFFFFF",0,"01100"
"entry5097","2405","pln:Plano_0909 / pln:Plano_1120","gene","http://www.kegg.jp/dbget-bin/www_bget?pln:Plano_0909+pln:Plano_1120",NA,"rn:R01061 rn:R01063",NA,NA,NA,"line",NA,NA,"#CC99FF","#FFFFFF",0,"01100"
"entry5098","2406","pln:Plano_0910","gene","http://www.kegg.jp/dbget-bin/www_bget?pln:Plano_0910",NA,"rn:R01512",NA,NA,NA,"line",NA,NA,"#CC99FF","#FFFFFF",0,"01100"
"entry5099","2408","pln:Plano_1932","gene","http://www.kegg.jp/dbget-bin/www_bget?pln:Plano_1932",NA,"rn:R01529",NA,NA,NA,"line",NA,NA,"#CC99FF","#FFFFFF",0,"01100"
"entry5100","2417","pln:Plano_2987","gene","http://www.kegg.jp/dbget-bin/www_bget?pln:Plano_2987",NA,"rn:R00604 rn:R00614",NA,NA,NA,"line",NA,NA,"#CC99FF","#FFFFFF",0,"01100"
"entry5101","2418","pln:Plano_1563","gene","http://www.kegg.jp/dbget-bin/www_bget?pln:Plano_1563",NA,"rn:R00134 rn:R00519 rn:R10797",NA,NA,NA,"line",NA,NA,"#CC99FF","#FFFFFF",0,"01100"
"entry5102","2422","pln:Plano_1001","gene","http://www.kegg.jp/dbget-bin/www_bget?pln:Plano_1001",NA,"rn:R00341",NA,NA,NA,"line",NA,NA,"#CC99FF","#FFFFFF",0,"01100"
"entry5103","2426","pln:Plano_1954","gene","http://www.kegg.jp/dbget-bin/www_bget?pln:Plano_1954",NA,"rn:R01993",NA,NA,NA,"line",NA,NA,"#FF8080","#FFFFFF",0,"01100"
"entry5104","2427","pln:Plano_1950 / pln:Plano_1951","gene","http://www.kegg.jp/dbget-bin/www_bget?pln:Plano_1950+pln:Plano_1951",NA,"rn:R01867 rn:R01868 rn:R01869",NA,NA,NA,"line",NA,NA,"#FF8080","#FFFFFF",0,"01100"
"entry5105","2428","pln:Plano_1894","gene","http://www.kegg.jp/dbget-bin/www_bget?pln:Plano_1894",NA,"rn:R00155 rn:R00158",NA,NA,NA,"line",NA,NA,"#FF8080","#FFFFFF",0,"01100"
"entry5106","2429","pln:Plano_1785","gene","http://www.kegg.jp/dbget-bin/www_bget?pln:Plano_1785",NA,"rn:R00156 rn:R00159",NA,NA,NA,"line",NA,NA,"#FF8080","#FFFFFF",0,"01100"
"entry5107","2430","pln:Plano_2420","gene","http://www.kegg.jp/dbget-bin/www_bget?pln:Plano_2420",NA,"rn:R00571 rn:R00573 rn:R00568",NA,NA,NA,"line",NA,NA,"#FF8080","#FFFFFF",0,"01100"
"entry5108","2431","pln:Plano_1785","gene","http://www.kegg.jp/dbget-bin/www_bget?pln:Plano_1785",NA,"rn:R00569 rn:R00570",NA,NA,NA,"line",NA,NA,"#FF8080","#FFFFFF",0,"01100"
"entry5109","2432","pln:Plano_1799","gene","http://www.kegg.jp/dbget-bin/www_bget?pln:Plano_1799",NA,"rn:R00512 rn:R00514",NA,NA,NA,"line",NA,NA,"#FF8080","#FFFFFF",0,"01100"
"entry5110","2433","pln:Plano_1243 / pln:Plano_2356","gene","http://www.kegg.jp/dbget-bin/www_bget?pln:Plano_1243+pln:Plano_2356",NA,"rn:R00511 rn:R00513 rn:R00516 rn:R00517 rn:R00962 rn:R01548 rn:R02091 rn:R02096 rn:R02371 rn:R02372",NA,NA,NA,"line",NA,NA,"#FF8080","#FFFFFF",0,"01100"
"entry5111","2434","pln:Plano_1243 / pln:Plano_2356","gene","http://www.kegg.jp/dbget-bin/www_bget?pln:Plano_1243+pln:Plano_2356",NA,"rn:R00963 rn:R00964 rn:R00967 rn:R00968 rn:R00970 rn:R01549 rn:R01880 rn:R02097 rn:R02327 rn:R02332",NA,NA,NA,"line",NA,NA,"#FF8080","#FFFFFF",0,"01100"
"entry5112","2435","pln:Plano_1280","gene","http://www.kegg.jp/dbget-bin/www_bget?pln:Plano_1280",NA,"rn:R01878",NA,NA,NA,"line",NA,NA,"#FF8080","#FFFFFF",0,"01100"
"entry5113","2437","pln:Plano_0603","gene","http://www.kegg.jp/dbget-bin/www_bget?pln:Plano_0603",NA,"rn:R00974",NA,NA,NA,"line",NA,NA,"#FF8080","#FFFFFF",0,"01100"
"entry5114","2438","pln:Plano_1823","gene","http://www.kegg.jp/dbget-bin/www_bget?pln:Plano_1823",NA,"rn:R02137 rn:R02296",NA,NA,NA,"line",NA,NA,"#FF8080","#FFFFFF",0,"01100"
"entry5115","2440","pln:Plano_1342 / pln:Plano_2881 / pln:Plano_2882 / pln:Plano_2884","gene","http://www.kegg.jp/dbget-bin/www_bget?pln:Plano_1342+pln:Plano_2881+pln:Plano_2882+pln:Plano_2884",NA,"rn:R02024",NA,NA,NA,"line",NA,NA,"#FF8080","#FFFFFF",0,"01100"
"entry5116","2442","pln:Plano_1630","gene","http://www.kegg.jp/dbget-bin/www_bget?pln:Plano_1630",NA,"rn:R02101",NA,NA,NA,"line",NA,NA,"#FF8080","#FFFFFF",0,"01100"
"entry5117","2443","pln:Plano_1785","gene","http://www.kegg.jp/dbget-bin/www_bget?pln:Plano_1785",NA,"rn:R02093 rn:R02095",NA,NA,NA,"line",NA,NA,"#FF8080","#FFFFFF",0,"01100"
"entry5118","2444","pln:Plano_1785","gene","http://www.kegg.jp/dbget-bin/www_bget?pln:Plano_1785",NA,"rn:R02326",NA,NA,NA,"line",NA,NA,"#FF8080","#FFFFFF",0,"01100"
"entry5119","2445","pln:Plano_1949","gene","http://www.kegg.jp/dbget-bin/www_bget?pln:Plano_1949",NA,"rn:R00965",NA,NA,NA,"line",NA,NA,"#FF8080","#FFFFFF",0,"01100"
"entry5120","2452","pln:Plano_2356 / pln:Plano_2411","gene","http://www.kegg.jp/dbget-bin/www_bget?pln:Plano_2356+pln:Plano_2411",NA,"rn:R01567 rn:R01569",NA,NA,NA,"line",NA,NA,"#FF8080","#FFFFFF",0,"01100"
"entry5121","2456","pln:Plano_2545","gene","http://www.kegg.jp/dbget-bin/www_bget?pln:Plano_2545",NA,"rn:R00494",NA,NA,NA,"line",NA,NA,"#FF9900","#FFFFFF",0,"01100"
"entry5122","2459","pln:Plano_0735 / pln:Plano_2538","gene","http://www.kegg.jp/dbget-bin/www_bget?pln:Plano_0735+pln:Plano_2538",NA,"rn:R01579",NA,NA,NA,"line",NA,NA,"#FF9900","#FFFFFF",0,"01100"
"entry5123","2475","pln:Plano_1860","gene","http://www.kegg.jp/dbget-bin/www_bget?pln:Plano_1860",NA,"rn:R01801",NA,NA,NA,"line",NA,NA,"#80CCB3","#FFFFFF",0,"01100"
"entry5124","2476","pln:Plano_1891","gene","http://www.kegg.jp/dbget-bin/www_bget?pln:Plano_1891",NA,"rn:R01799",NA,NA,NA,"line",NA,NA,"#80CCB3","#FFFFFF",0,"01100"
"entry5125","2477","pln:Plano_1628 / pln:Plano_1798","gene","http://www.kegg.jp/dbget-bin/www_bget?pln:Plano_1628+pln:Plano_1798",NA,"rn:R02241",NA,NA,NA,"line",NA,NA,"#80CCB3","#FFFFFF",0,"01100"
"entry5126","2478","pln:Plano_1407 / pln:Plano_2521","gene","http://www.kegg.jp/dbget-bin/www_bget?pln:Plano_1407+pln:Plano_2521",NA,"rn:R00851 rn:R12241",NA,NA,NA,"line",NA,NA,"#80CCB3","#FFFFFF",0,"01100"
"entry5127","2479","pln:Plano_1247","gene","http://www.kegg.jp/dbget-bin/www_bget?pln:Plano_1247",NA,"rn:R01800",NA,NA,NA,"line",NA,NA,"#80CCB3","#FFFFFF",0,"01100"
"entry5128","2480","pln:Plano_1248","gene","http://www.kegg.jp/dbget-bin/www_bget?pln:Plano_1248",NA,"rn:R02055 rn:R07376",NA,NA,NA,"line",NA,NA,"#80CCB3","#FFFFFF",0,"01100"
"entry5129","2493","pln:Plano_0616","gene","http://www.kegg.jp/dbget-bin/www_bget?pln:Plano_0616",NA,"rn:R05081",NA,NA,NA,"line",NA,NA,"#80CCB3","#FFFFFF",0,"01100"
"entry5130","2568","pln:Plano_0365 / pln:Plano_0926","gene","http://www.kegg.jp/dbget-bin/www_bget?pln:Plano_0365+pln:Plano_0926",NA,"rn:R07891",NA,NA,NA,"line",NA,NA,"#80CCB3","#FFFFFF",0,"01100"
"entry5131","2572","pln:Plano_0365 / pln:Plano_0926","gene","http://www.kegg.jp/dbget-bin/www_bget?pln:Plano_0365+pln:Plano_0926",NA,"rn:R07899",NA,NA,NA,"line",NA,NA,"#80CCB3","#FFFFFF",0,"01100"
"entry5132","2575","pln:Plano_2239","gene","http://www.kegg.jp/dbget-bin/www_bget?pln:Plano_2239",NA,"rn:R03348",NA,NA,NA,"line",NA,NA,"#FFB3CC","#FFFFFF",0,"01100"
"entry5133","2576","pln:Plano_1253","gene","http://www.kegg.jp/dbget-bin/www_bget?pln:Plano_1253",NA,"rn:R03004 rn:R03005",NA,NA,NA,"line",NA,NA,"#FFB3CC","#FFFFFF",0,"01100"
"entry5134","2577","pln:Plano_0722","gene","http://www.kegg.jp/dbget-bin/www_bget?pln:Plano_0722",NA,"rn:R00189 rn:R00257",NA,NA,NA,"line",NA,NA,"#FFB3CC","#FFFFFF",0,"01100"
"entry5135","2580","pln:Plano_0721","gene","http://www.kegg.jp/dbget-bin/www_bget?pln:Plano_0721",NA,"rn:R01724",NA,NA,NA,"line",NA,NA,"#FFB3CC","#FFFFFF",0,"01100"
"entry5136","2581","pln:Plano_2090","gene","http://www.kegg.jp/dbget-bin/www_bget?pln:Plano_2090",NA,"rn:R00104 rn:R00112",NA,NA,NA,"line",NA,NA,"#FFB3CC","#FFFFFF",0,"01100"
"entry5137","2593","pln:Plano_1796","gene","http://www.kegg.jp/dbget-bin/www_bget?pln:Plano_1796",NA,"rn:R01123",NA,NA,NA,"line",NA,NA,"#9EE284","#FFFFFF",0,"01100"
"entry5138","2594","pln:Plano_1353","gene","http://www.kegg.jp/dbget-bin/www_bget?pln:Plano_1353",NA,"rn:R01658",NA,NA,NA,"line",NA,NA,"#9EE284","#FFFFFF",0,"01100"
"entry5139","2613","pln:Plano_1353","gene","http://www.kegg.jp/dbget-bin/www_bget?pln:Plano_1353",NA,"rn:R02003",NA,NA,NA,"line",NA,NA,"#9EE284","#FFFFFF",0,"01100"
"entry5140","2615","pln:Plano_1851","gene","http://www.kegg.jp/dbget-bin/www_bget?pln:Plano_1851",NA,"rn:R01122",NA,NA,NA,"line",NA,NA,"#9EE284","#FFFFFF",0,"01100"
"entry5141","2618","pln:Plano_2718","gene","http://www.kegg.jp/dbget-bin/www_bget?pln:Plano_2718",NA,"rn:R09692",NA,NA,NA,"line",NA,NA,"#9EE284","#FFFFFF",0,"01100"
"entry5142","2619","pln:Plano_2718","gene","http://www.kegg.jp/dbget-bin/www_bget?pln:Plano_2718",NA,"rn:R04787",NA,NA,NA,"line",NA,NA,"#9EE284","#FFFFFF",0,"01100"
"entry5143","2620","pln:Plano_2718","gene","http://www.kegg.jp/dbget-bin/www_bget?pln:Plano_2718",NA,"rn:R04798",NA,NA,NA,"line",NA,NA,"#9EE284","#FFFFFF",0,"01100"
"entry5144","2621","pln:Plano_2718","gene","http://www.kegg.jp/dbget-bin/www_bget?pln:Plano_2718",NA,"rn:R04800",NA,NA,NA,"line",NA,NA,"#9EE284","#FFFFFF",0,"01100"
"entry5145","2702","pln:Plano_1058","gene","http://www.kegg.jp/dbget-bin/www_bget?pln:Plano_1058",NA,"rn:R03193",NA,NA,NA,"line",NA,NA,"#99CCFF","#FFFFFF",0,"01100"
"entry5146","2703","pln:Plano_1972","gene","http://www.kegg.jp/dbget-bin/www_bget?pln:Plano_1972",NA,"rn:R02783",NA,NA,NA,"line",NA,NA,"#99CCFF","#FFFFFF",0,"01100"
"entry5147","2704","pln:Plano_2069","gene","http://www.kegg.jp/dbget-bin/www_bget?pln:Plano_2069",NA,"rn:R02786",NA,NA,NA,"line",NA,NA,"#99CCFF","#FFFFFF",0,"01100"
"entry5148","2705","pln:Plano_0427","gene","http://www.kegg.jp/dbget-bin/www_bget?pln:Plano_0427",NA,"rn:R04573",NA,NA,NA,"line",NA,NA,"#99CCFF","#FFFFFF",0,"01100"
"entry5149","2706","pln:Plano_1973","gene","http://www.kegg.jp/dbget-bin/www_bget?pln:Plano_1973",NA,"rn:R05629",NA,NA,NA,"line",NA,NA,"#99CCFF","#FFFFFF",0,"01100"
"entry5150","2707","pln:Plano_1616","gene","http://www.kegg.jp/dbget-bin/www_bget?pln:Plano_1616",NA,"rn:R05662",NA,NA,NA,"line",NA,NA,"#99CCFF","#FFFFFF",0,"01100"
"entry5151","2710","pln:Plano_0407 / pln:Plano_1754 / pln:Plano_3028 / pln:Plano_3071","gene","http://www.kegg.jp/dbget-bin/www_bget?pln:Plano_0407+pln:Plano_1754+pln:Plano_3028+pln:Plano_3071",NA,NA,NA,NA,NA,"line",NA,NA,"#99CCFF","#FFFFFF",0,"01100"
"entry5152","2724","pln:Plano_2664","gene","http://www.kegg.jp/dbget-bin/www_bget?pln:Plano_2664",NA,"rn:R05962 rn:R05963",NA,NA,NA,"line",NA,NA,"#99CCFF","#FFFFFF",0,"01100"
"entry5153","2730","pln:Plano_2664","gene","http://www.kegg.jp/dbget-bin/www_bget?pln:Plano_2664",NA,"rn:R05939 rn:R06004",NA,NA,NA,"line",NA,NA,"#99CCFF","#FFFFFF",0,"01100"
"entry5154","2781","pln:Plano_0315","gene","http://www.kegg.jp/dbget-bin/www_bget?pln:Plano_0315",NA,"rn:R04089",NA,NA,NA,"line",NA,NA,"#DA8E82","#FFFFFF",0,"01100"
"entry5155","2791","pln:Plano_0315","gene","http://www.kegg.jp/dbget-bin/www_bget?pln:Plano_0315",NA,"rn:R05295",NA,NA,NA,"line",NA,NA,"#DA8E82","#FFFFFF",0,"01100"
"entry5156","2794","pln:Plano_2449","gene","http://www.kegg.jp/dbget-bin/www_bget?pln:Plano_2449",NA,"rn:R05389",NA,NA,NA,"line",NA,NA,"#DA8E82","#FFFFFF",0,"01100"
"entry5157","2798","pln:Plano_1032","gene","http://www.kegg.jp/dbget-bin/www_bget?pln:Plano_1032",NA,"rn:R05287",NA,NA,NA,"line",NA,NA,"#DA8E82","#FFFFFF",0,"01100"
"entry5158","2811","pln:Plano_1677","gene","http://www.kegg.jp/dbget-bin/www_bget?pln:Plano_1677",NA,"rn:R05233",NA,NA,NA,"line",NA,NA,"#DA8E82","#FFFFFF",0,"01100"
"entry5159","2812","pln:Plano_0720 / pln:Plano_2072","gene","http://www.kegg.jp/dbget-bin/www_bget?pln:Plano_0720+pln:Plano_2072",NA,"rn:R05237",NA,NA,NA,"line",NA,NA,"#DA8E82","#FFFFFF",0,"01100"
"entry5160","2815","pln:Plano_1677","gene","http://www.kegg.jp/dbget-bin/www_bget?pln:Plano_1677",NA,"rn:R05234",NA,NA,NA,"line",NA,NA,"#DA8E82","#FFFFFF",0,"01100"
"entry5161","2816","pln:Plano_0720 / pln:Plano_2072","gene","http://www.kegg.jp/dbget-bin/www_bget?pln:Plano_0720+pln:Plano_2072",NA,"rn:R05238",NA,NA,NA,"line",NA,NA,"#DA8E82","#FFFFFF",0,"01100"
"entry5162","2825","pln:Plano_0720 / pln:Plano_2072","gene","http://www.kegg.jp/dbget-bin/www_bget?pln:Plano_0720+pln:Plano_2072",NA,"rn:R05286",NA,NA,NA,"line",NA,NA,"#DA8E82","#FFFFFF",0,"01100"
"entry5163","2869","pln:Plano_2449","gene","http://www.kegg.jp/dbget-bin/www_bget?pln:Plano_2449",NA,"rn:R03966",NA,NA,NA,"line",NA,NA,"#DA8E82","#FFFFFF",0,"01100"
"entry5164","2914","pln:Plano_2459","gene","http://www.kegg.jp/dbget-bin/www_bget?pln:Plano_2459",NA,"rn:R01909 rn:R01911",NA,NA,NA,"line",NA,NA,"#FFB3CC","#FFFFFF",0,"01100"
"entry5165","2917","pln:Plano_2459","gene","http://www.kegg.jp/dbget-bin/www_bget?pln:Plano_2459",NA,"rn:R02493 rn:R02494",NA,NA,NA,"line",NA,NA,"#FFB3CC","#FFFFFF",0,"01100"
"entry5166","2919","pln:Plano_2921","gene","http://www.kegg.jp/dbget-bin/www_bget?pln:Plano_2921",NA,"rn:R01226",NA,NA,NA,"line",NA,NA,"#FFB3CC","#FFFFFF",0,"01100"
"entry5167","2920","pln:Plano_0276 / pln:Plano_0701 / pln:Plano_1980","gene","http://www.kegg.jp/dbget-bin/www_bget?pln:Plano_0276+pln:Plano_0701+pln:Plano_1980",NA,"rn:R02472",NA,NA,NA,"line",NA,NA,"#FFB3CC","#FFFFFF",0,"01100"
"entry5168","2921","pln:Plano_0223 / pln:Plano_3080","gene","http://www.kegg.jp/dbget-bin/www_bget?pln:Plano_0223+pln:Plano_3080",NA,"rn:R03018",NA,NA,NA,"line",NA,NA,"#FFB3CC","#FFFFFF",0,"01100"
"entry5169","2922","pln:Plano_1940","gene","http://www.kegg.jp/dbget-bin/www_bget?pln:Plano_1940",NA,"rn:R04230 rn:R04231",NA,NA,NA,"line",NA,NA,"#FFB3CC","#FFFFFF",0,"01100"
"entry5170","2923","pln:Plano_1119","gene","http://www.kegg.jp/dbget-bin/www_bget?pln:Plano_1119",NA,"rn:R00130",NA,NA,NA,"line",NA,NA,"#FFB3CC","#FFFFFF",0,"01100"
"entry5171","2924","pln:Plano_1940","gene","http://www.kegg.jp/dbget-bin/www_bget?pln:Plano_1940",NA,"rn:R03269",NA,NA,NA,"line",NA,NA,"#FFB3CC","#FFFFFF",0,"01100"
"entry5172","2927","pln:Plano_1765","gene","http://www.kegg.jp/dbget-bin/www_bget?pln:Plano_1765",NA,"rn:R01074",NA,NA,NA,"line",NA,NA,"#FFB3CC","#FFFFFF",0,"01100"
"entry5173","2928","pln:Plano_1765","gene","http://www.kegg.jp/dbget-bin/www_bget?pln:Plano_1765",NA,"rn:R05145",NA,NA,NA,"line",NA,NA,"#FFB3CC","#FFFFFF",0,"01100"
"entry5174","2929","pln:Plano_0866","gene","http://www.kegg.jp/dbget-bin/www_bget?pln:Plano_0866",NA,"rn:R03197",NA,NA,NA,"line",NA,NA,"#FFB3CC","#FFFFFF",0,"01100"
"entry5175","2931","pln:Plano_0227","gene","http://www.kegg.jp/dbget-bin/www_bget?pln:Plano_0227",NA,"rn:R03222 rn:R09489",NA,NA,NA,"line",NA,NA,"#FFB3CC","#FFFFFF",0,"01100"
"entry5176","2932","pln:Plano_0867","gene","http://www.kegg.jp/dbget-bin/www_bget?pln:Plano_0867",NA,"rn:R00310",NA,NA,NA,"line",NA,NA,"#FFB3CC","#FFFFFF",0,"01100"
"entry5177","2940","pln:Plano_0812 / pln:Plano_2431","gene","http://www.kegg.jp/dbget-bin/www_bget?pln:Plano_0812+pln:Plano_2431",NA,"rn:R05220",NA,NA,NA,"line",NA,NA,"#FFB3CC","#FFFFFF",0,"01100"
"entry5178","2941","pln:Plano_2438","gene","http://www.kegg.jp/dbget-bin/www_bget?pln:Plano_2438",NA,"rn:R05226 rn:R07302",NA,NA,NA,"line",NA,NA,"#FFB3CC","#FFFFFF",0,"01100"
"entry5179","2942","pln:Plano_2436","gene","http://www.kegg.jp/dbget-bin/www_bget?pln:Plano_2436",NA,"rn:R05221 rn:R06558",NA,NA,NA,"line",NA,NA,"#FFB3CC","#FFFFFF",0,"01100"
"entry5180","2943","pln:Plano_2436","gene","http://www.kegg.jp/dbget-bin/www_bget?pln:Plano_2436",NA,"rn:R05222",NA,NA,NA,"line",NA,NA,"#FFB3CC","#FFFFFF",0,"01100"
"entry5181","2944","pln:Plano_2433","gene","http://www.kegg.jp/dbget-bin/www_bget?pln:Plano_2433",NA,"rn:R04594",NA,NA,NA,"line",NA,NA,"#FFB3CC","#FFFFFF",0,"01100"
"entry5182","2946","pln:Plano_1989","gene","http://www.kegg.jp/dbget-bin/www_bget?pln:Plano_1989",NA,"rn:R03035 rn:R03036",NA,NA,NA,"line",NA,NA,"#FFB3CC","#FFFFFF",0,"01100"
"entry5183","2947","pln:Plano_1173","gene","http://www.kegg.jp/dbget-bin/www_bget?pln:Plano_1173",NA,"rn:R04109",NA,NA,NA,"line",NA,NA,"#FFB3CC","#FFFFFF",0,"01100"
"entry5184","2948","pln:Plano_2438","gene","http://www.kegg.jp/dbget-bin/www_bget?pln:Plano_2438",NA,"rn:R06529",NA,NA,NA,"line",NA,NA,"#FFB3CC","#FFFFFF",0,"01100"
"entry5185","2949","pln:Plano_0991","gene","http://www.kegg.jp/dbget-bin/www_bget?pln:Plano_0991",NA,"rn:R08166",NA,NA,NA,"line",NA,NA,"#FFB3CC","#FFFFFF",0,"01100"
"entry5186","2950","pln:Plano_0994","gene","http://www.kegg.jp/dbget-bin/www_bget?pln:Plano_0994",NA,"rn:R04031",NA,NA,NA,"line",NA,NA,"#FFB3CC","#FFFFFF",0,"01100"
"entry5187","2951","pln:Plano_0993","gene","http://www.kegg.jp/dbget-bin/www_bget?pln:Plano_0993",NA,"rn:R04030",NA,NA,NA,"line",NA,NA,"#FFB3CC","#FFFFFF",0,"01100"
"entry5188","2952","pln:Plano_0992","gene","http://www.kegg.jp/dbget-bin/www_bget?pln:Plano_0992",NA,"rn:R07263",NA,NA,NA,"line",NA,NA,"#FFB3CC","#FFFFFF",0,"01100"
"entry5189","2967","pln:Plano_1103 / pln:Plano_1104 / pln:Plano_1346 / pln:Plano_1347 / pln:Plano_1982 / pln:Plano_1983","gene","http://www.kegg.jp/dbget-bin/www_bget?pln:Plano_1103+pln:Plano_1104+pln:Plano_1346+pln:Plano_1347+pln:Plano_1982+pln:Plano_1983",NA,"rn:R00233 rn:R00353 rn:R00742",NA,NA,NA,"line",NA,NA,"#B3B3E6","#FFFFFF",0,"01100"
"entry5190","2969","pln:Plano_0981","gene","http://www.kegg.jp/dbget-bin/www_bget?pln:Plano_0981",NA,"rn:R00667",NA,NA,NA,"line",NA,NA,"#FFCC66","#FFFFFF",0,"01100"
"entry5191","2970","pln:Plano_0365 / pln:Plano_0627 / pln:Plano_0926 / pln:Plano_1831 / pln:Plano_2427 / pln:Plano_2570","gene","http://www.kegg.jp/dbget-bin/www_bget?pln:Plano_0365+pln:Plano_0627+pln:Plano_0926+pln:Plano_1831+pln:Plano_2427+pln:Plano_2570",NA,"rn:R00238",NA,NA,NA,"line",NA,NA,"#80CCCC","#FFFFFF",0,"01100"
"entry5192","2971","pln:Plano_1565","gene","http://www.kegg.jp/dbget-bin/www_bget?pln:Plano_1565",NA,"rn:R00479",NA,NA,NA,"line",NA,NA,"#B3B3E6","#FFFFFF",0,"01100"
"entry5193","2972","pln:Plano_0912 / pln:Plano_2601 / pln:Plano_2936","gene","http://www.kegg.jp/dbget-bin/www_bget?pln:Plano_0912+pln:Plano_2601+pln:Plano_2936",NA,"rn:R01518",NA,NA,NA,"line",NA,NA,"#6C63F6","#FFFFFF",0,"01100"
"entry5194","2974","pln:Plano_1338 / pln:Plano_1339","gene","http://www.kegg.jp/dbget-bin/www_bget?pln:Plano_1338+pln:Plano_1339",NA,"rn:R03425",NA,NA,NA,"line",NA,NA,"#FFCC66","#FFFFFF",0,"01100"
"entry5195","2978","pln:Plano_0661 / pln:Plano_2417","gene","http://www.kegg.jp/dbget-bin/www_bget?pln:Plano_0661+pln:Plano_2417",NA,"rn:R02568",NA,NA,NA,"line",NA,NA,"#B3B3E6","#FFFFFF",0,"01100"
"entry5196","2981","pln:Plano_1375","gene","http://www.kegg.jp/dbget-bin/www_bget?pln:Plano_1375",NA,"rn:R02765",NA,NA,NA,"line",NA,NA,"#B3B3E6","#FFFFFF",0,"01100"
"entry5197","2983","pln:Plano_0619 / pln:Plano_0620 / pln:Plano_2509","gene","http://www.kegg.jp/dbget-bin/www_bget?pln:Plano_0619+pln:Plano_0620+pln:Plano_2509",NA,"rn:R00465 rn:R00475 rn:R00476 rn:R00717",NA,NA,NA,"line",NA,NA,"#B3B3E6","#FFFFFF",0,"01100"
"entry5198","2987","pln:Plano_1365","gene","http://www.kegg.jp/dbget-bin/www_bget?pln:Plano_1365",NA,"rn:R01688",NA,NA,NA,"line",NA,NA,"#B3B3E6","#FFFFFF",0,"01100"
"entry5199","2989","pln:Plano_0913","gene","http://www.kegg.jp/dbget-bin/www_bget?pln:Plano_0913",NA,"rn:R00658",NA,NA,NA,"line",NA,NA,"#6C63F6","#FFFFFF",0,"01100"
"entry5200","2992","pln:Plano_1952 / pln:Plano_1953 / pln:Plano_2330 / pln:Plano_3073 / pln:Plano_3074","gene","http://www.kegg.jp/dbget-bin/www_bget?pln:Plano_1952+pln:Plano_1953+pln:Plano_2330+pln:Plano_3073+pln:Plano_3074",NA,"rn:R00575",NA,NA,NA,"line",NA,NA,"#FFCC66","#FFFFFF",0,"01100"
"entry5201","2993","pln:Plano_0713","gene","http://www.kegg.jp/dbget-bin/www_bget?pln:Plano_0713",NA,"rn:R04441",NA,NA,NA,"line",NA,NA,"#FFCC66","#FFFFFF",0,"01100"
"entry5202","2999","pln:Plano_2244","gene","http://www.kegg.jp/dbget-bin/www_bget?pln:Plano_2244",NA,"rn:R00841 rn:R00847",NA,NA,NA,"line",NA,NA,"#80CCB3","#FFFFFF",0,"01100"
"entry5203","3007","pln:Plano_1001","gene","http://www.kegg.jp/dbget-bin/www_bget?pln:Plano_1001",NA,"rn:R00341 rn:R00345 rn:R00346 rn:R00431 rn:R00726",NA,NA,NA,"line",NA,NA,"#B3B3E6","#FFFFFF",0,"01100"
"entry5204","3008","pln:Plano_2007","gene","http://www.kegg.jp/dbget-bin/www_bget?pln:Plano_2007",NA,"rn:R00217 rn:R00344 rn:R12212",NA,NA,NA,"line",NA,NA,"#B3B3E6","#FFFFFF",0,"01100"
"entry5205","3009","pln:Plano_0509 / pln:Plano_2824 / pln:Plano_2958","gene","http://www.kegg.jp/dbget-bin/www_bget?pln:Plano_0509+pln:Plano_2824+pln:Plano_2958",NA,"rn:R01786 rn:R01788 rn:R02738 rn:R02189 rn:R09085",NA,NA,NA,"line",NA,NA,"#6C63F6","#FFFFFF",0,"01100"
"entry5206","3010","pln:Plano_2416","gene","http://www.kegg.jp/dbget-bin/www_bget?pln:Plano_2416",NA,"rn:R01827",NA,NA,NA,"line",NA,NA,"#6C63F6","#FFFFFF",0,"01100"
"entry5207","3012","pln:Plano_1836","gene","http://www.kegg.jp/dbget-bin/www_bget?pln:Plano_1836",NA,"rn:R01830",NA,NA,NA,"line",NA,NA,"#6C63F6","#FFFFFF",0,"01100"
"entry5208","3014","pln:Plano_1836","gene","http://www.kegg.jp/dbget-bin/www_bget?pln:Plano_1836",NA,"rn:R01641",NA,NA,NA,"line",NA,NA,"#8080F7","#FFFFFF",0,"01100"
"entry5209","3016","pln:Plano_2406 / pln:Plano_2690","gene","http://www.kegg.jp/dbget-bin/www_bget?pln:Plano_2406+pln:Plano_2690",NA,"rn:R01056",NA,NA,NA,"line",NA,NA,"#6C63F6","#FFFFFF",0,"01100"
"entry5210","3017","pln:Plano_1932","gene","http://www.kegg.jp/dbget-bin/www_bget?pln:Plano_1932",NA,"rn:R01529",NA,NA,NA,"line",NA,NA,"#6C63F6","#FFFFFF",0,"01100"
"entry5211","3024","pln:Plano_2182","gene","http://www.kegg.jp/dbget-bin/www_bget?pln:Plano_2182",NA,"rn:R00472",NA,NA,NA,"line",NA,NA,"#B3B3E6","#FFFFFF",0,"01100"
"entry5212","3036","pln:Plano_1957 / pln:Plano_2402","gene","http://www.kegg.jp/dbget-bin/www_bget?pln:Plano_1957+pln:Plano_2402",NA,"rn:R00966",NA,NA,NA,"line",NA,NA,"#FF8080","#FFFFFF",0,"01100"
"entry5213","3037","pln:Plano_1799","gene","http://www.kegg.jp/dbget-bin/www_bget?pln:Plano_1799",NA,"rn:R01665 rn:R01667",NA,NA,NA,"line",NA,NA,"#FF8080","#FFFFFF",0,"01100"
"entry5214","3038","pln:Plano_1258","gene","http://www.kegg.jp/dbget-bin/www_bget?pln:Plano_1258",NA,"rn:R01663",NA,NA,NA,"line",NA,NA,"#FF8080","#FFFFFF",0,"01100"
"entry5215","3044","pln:Plano_0195 / pln:Plano_1759","gene","http://www.kegg.jp/dbget-bin/www_bget?pln:Plano_0195+pln:Plano_1759",NA,"rn:R00729 rn:R00734 rn:R09254 rn:R09830",NA,NA,NA,"line",NA,NA,"#FFCC66","#FFFFFF",0,"01100"
"entry5216","3047","pln:Plano_1718","gene","http://www.kegg.jp/dbget-bin/www_bget?pln:Plano_1718",NA,"rn:R01983",NA,NA,NA,"line",NA,NA,"#B3B3E6","#FFFFFF",0,"01100"
"entry5217","3057","pln:Plano_2915 / pln:Plano_2916 / pln:Plano_2917","gene","http://www.kegg.jp/dbget-bin/www_bget?pln:Plano_2915+pln:Plano_2916+pln:Plano_2917",NA,"rn:R00131",NA,NA,NA,"line",NA,NA,"#FFCC66","#FFFFFF",0,"01100"
"entry5218","3058","pln:Plano_1785","gene","http://www.kegg.jp/dbget-bin/www_bget?pln:Plano_1785",NA,"rn:R02330 rn:R02331",NA,NA,NA,"line",NA,NA,"#FF8080","#FFFFFF",0,"01100"
"entry5219","3060","pln:Plano_3044","gene","http://www.kegg.jp/dbget-bin/www_bget?pln:Plano_3044",NA,"rn:R02098",NA,NA,NA,"line",NA,NA,"#FF8080","#FFFFFF",0,"01100"
"entry5220","3061","pln:Plano_0033","gene","http://www.kegg.jp/dbget-bin/www_bget?pln:Plano_0033",NA,"rn:R04440 rn:R05071 rn:R04439",NA,NA,NA,"line",NA,NA,"#FFCC66","#FFFFFF",0,"01100"
"entry5221","3064","pln:Plano_0750 / pln:Plano_0751 / pln:Plano_0752","gene","http://www.kegg.jp/dbget-bin/www_bget?pln:Plano_0750+pln:Plano_0751+pln:Plano_0752",NA,"rn:R03905",NA,NA,NA,"line",NA,NA,"#FFCC66","#FFFFFF",0,"01100"
"entry5222","3065","pln:Plano_1164","gene","http://www.kegg.jp/dbget-bin/www_bget?pln:Plano_1164",NA,"rn:R00260",NA,NA,NA,"line",NA,NA,"#FF9900","#FFFFFF",0,"01100"
"entry5223","3068","pln:Plano_0720 / pln:Plano_2072 / pln:Plano_2650","gene","http://www.kegg.jp/dbget-bin/www_bget?pln:Plano_0720+pln:Plano_2072+pln:Plano_2650",NA,"rn:R00710 rn:R00711",NA,NA,NA,"line",NA,NA,"#6C63F6","#FFFFFF",0,"01100"
"entry5224","3069","pln:Plano_1677","gene","http://www.kegg.jp/dbget-bin/www_bget?pln:Plano_1677",NA,"rn:R00746 rn:R00754 rn:R05198 rn:R09127 rn:R09479",NA,NA,NA,"line",NA,NA,"#6C63F6","#FFFFFF",0,"01100"
"entry5225","3070","pln:Plano_2689 / pln:Plano_2931","gene","http://www.kegg.jp/dbget-bin/www_bget?pln:Plano_2689+pln:Plano_2931",NA,"rn:R01737",NA,NA,NA,"line",NA,NA,"#6C63F6","#FFFFFF",0,"01100"
"entry5226","3074","pln:Plano_0303 / pln:Plano_0304","gene","http://www.kegg.jp/dbget-bin/www_bget?pln:Plano_0303+pln:Plano_0304",NA,"rn:R01739 rn:R01741",NA,NA,NA,"line",NA,NA,"#6C63F6","#FFFFFF",0,"01100"
"entry5227","3077","pln:Plano_0609","gene","http://www.kegg.jp/dbget-bin/www_bget?pln:Plano_0609",NA,"rn:R08572",NA,NA,NA,"line",NA,NA,"#6C63F6","#FFFFFF",0,"01100"
"entry5228","3082","pln:Plano_2840 / pln:Plano_3064","gene","http://www.kegg.jp/dbget-bin/www_bget?pln:Plano_2840+pln:Plano_3064",NA,"rn:R01049",NA,NA,NA,"line",NA,NA,"#6C63F6","#FFFFFF",0,"01100"
"entry5229","3083","pln:Plano_1106","gene","http://www.kegg.jp/dbget-bin/www_bget?pln:Plano_1106",NA,"rn:R00199 rn:R00200 rn:R00206 rn:R02320",NA,NA,NA,"line",NA,NA,"#6C63F6","#FFFFFF",0,"01100"
"entry5230","3084","pln:Plano_0706","gene","http://www.kegg.jp/dbget-bin/www_bget?pln:Plano_0706",NA,"rn:R03321",NA,NA,NA,"line",NA,NA,"#6C63F6","#FFFFFF",0,"01100"
"entry5231","3085","pln:Plano_0706","gene","http://www.kegg.jp/dbget-bin/www_bget?pln:Plano_0706",NA,"rn:R02739",NA,NA,NA,"line",NA,NA,"#6C63F6","#FFFFFF",0,"01100"
"entry5460","3852","pln:Plano_0315","gene","http://www.kegg.jp/dbget-bin/www_bget?pln:Plano_0315",NA,"rn:R05406",NA,NA,NA,"line",NA,NA,"#DA8E82","#FFFFFF",0,"01100"
"entry5524","4038","pln:Plano_0829","gene","http://www.kegg.jp/dbget-bin/www_bget?pln:Plano_0829",NA,"rn:R00959",NA,NA,NA,"line",NA,NA,"#6C63F6","#FFFFFF",0,"01100"
"entry5525","4039","pln:Plano_0009","gene","http://www.kegg.jp/dbget-bin/www_bget?pln:Plano_0009",NA,"rn:R03651",NA,NA,NA,"line",NA,NA,"#FFCC66","#FFFFFF",0,"01100"
"entry5530","4044","pln:Plano_1759","gene","http://www.kegg.jp/dbget-bin/www_bget?pln:Plano_1759",NA,"rn:R00355",NA,NA,NA,"line",NA,NA,"#FFCC66","#FFFFFF",0,"01100"
"entry5531","4046","pln:Plano_0651 / pln:Plano_0982 / pln:Plano_1759 / pln:Plano_2724 / pln:Plano_2725","gene","http://www.kegg.jp/dbget-bin/www_bget?pln:Plano_0651+pln:Plano_0982+pln:Plano_1759+pln:Plano_2724+pln:Plano_2725",NA,"rn:R00093 rn:R00114 rn:R00243 rn:R00248",NA,NA,NA,"line",NA,NA,"#FFCC66","#FFFFFF",0,"01100"
"entry5532","4047","pln:Plano_2238","gene","http://www.kegg.jp/dbget-bin/www_bget?pln:Plano_2238",NA,"rn:R00357",NA,NA,NA,"line",NA,NA,"#FFCC66","#FFFFFF",0,"01100"
"entry5535","4057","pln:Plano_2446","gene","http://www.kegg.jp/dbget-bin/www_bget?pln:Plano_2446",NA,"rn:R01157",NA,NA,NA,"line",NA,NA,"#FFCC66","#FFFFFF",0,"01100"
"entry5537","4061","pln:Plano_1784","gene","http://www.kegg.jp/dbget-bin/www_bget?pln:Plano_1784",NA,"rn:R01714",NA,NA,NA,"line",NA,NA,"#FFCC66","#FFFFFF",0,"01100"
"entry5538","4062","pln:Plano_0838","gene","http://www.kegg.jp/dbget-bin/www_bget?pln:Plano_0838",NA,"rn:R00987",NA,NA,NA,"line",NA,NA,"#FFCC66","#FFFFFF",0,"01100"
"entry5542","4068","pln:Plano_2195 / pln:Plano_2471 / pln:Plano_2615 / pln:Plano_2837","gene","http://www.kegg.jp/dbget-bin/www_bget?pln:Plano_2195+pln:Plano_2471+pln:Plano_2615+pln:Plano_2837",NA,"rn:R00782",NA,NA,NA,"line",NA,NA,"#FFCC66","#FFFFFF",0,"01100"
"entry5543","4070","pln:Plano_0690 / pln:Plano_1743","gene","http://www.kegg.jp/dbget-bin/www_bget?pln:Plano_0690+pln:Plano_1743",NA,"rn:R03105",NA,NA,NA,"line",NA,NA,"#FFCC66","#FFFFFF",0,"01100"
"entry5546","4073","pln:Plano_0911","gene","http://www.kegg.jp/dbget-bin/www_bget?pln:Plano_0911",NA,"rn:R01015",NA,NA,NA,"line",NA,NA,"#6C63F6","#FFFFFF",0,"01100"
"entry5547","4092","pln:Plano_0409","gene","http://www.kegg.jp/dbget-bin/www_bget?pln:Plano_0409",NA,"rn:R00702",NA,NA,NA,"line",NA,NA,"#9EE284","#FFFFFF",0,"01100"
"entry5550","4103","pln:Plano_1787","gene","http://www.kegg.jp/dbget-bin/www_bget?pln:Plano_1787",NA,"rn:R08774",NA,NA,NA,"line",NA,NA,"#FFB3CC","#FFFFFF",0,"01100"
"entry5554","4129","pln:Plano_2256","gene","http://www.kegg.jp/dbget-bin/www_bget?pln:Plano_2256",NA,"rn:R01819",NA,NA,NA,"line",NA,NA,"#B3B3E6","#FFFFFF",0,"01100"
"entry5556","4133","pln:Plano_2785 / pln:Plano_2867","gene","http://www.kegg.jp/dbget-bin/www_bget?pln:Plano_2785+pln:Plano_2867",NA,"rn:R04847",NA,NA,NA,"line",NA,NA,"#80CCCC","#FFFFFF",0,"01100"
"entry5563","4158","pln:Plano_0706","gene","http://www.kegg.jp/dbget-bin/www_bget?pln:Plano_0706",NA,"rn:R02740",NA,NA,NA,"line",NA,NA,"#6C63F6","#FFFFFF",0,"01100"
"entry5564","4159","pln:Plano_0739","gene","http://www.kegg.jp/dbget-bin/www_bget?pln:Plano_0739",NA,"rn:R04325",NA,NA,NA,"line",NA,NA,"#FF8080","#FFFFFF",0,"01100"
"entry5565","4160","pln:Plano_0734 / pln:Plano_0735 / pln:Plano_0736","gene","http://www.kegg.jp/dbget-bin/www_bget?pln:Plano_0734+pln:Plano_0735+pln:Plano_0736",NA,"rn:R04463",NA,NA,NA,"line",NA,NA,"#FF8080","#FFFFFF",0,"01100"
"entry5566","4161","pln:Plano_0741","gene","http://www.kegg.jp/dbget-bin/www_bget?pln:Plano_0741",NA,"rn:R04144",NA,NA,NA,"line",NA,NA,"#FF8080","#FFFFFF",0,"01100"
"entry5569","4178","pln:Plano_1067 / pln:Plano_1080","gene","http://www.kegg.jp/dbget-bin/www_bget?pln:Plano_1067+pln:Plano_1080",NA,"rn:R00229 rn:R00235",NA,NA,NA,"line",NA,NA,"#6C63F6","#FFFFFF",0,"01100"
"entry5576","4250","pln:Plano_0839","gene","http://www.kegg.jp/dbget-bin/www_bget?pln:Plano_0839",NA,"rn:R01959",NA,NA,NA,"line",NA,NA,"#FFCC66","#FFFFFF",0,"01100"
"entry5580","4256","pln:Plano_2195 / pln:Plano_2472 / pln:Plano_2615 / pln:Plano_2837","gene","http://www.kegg.jp/dbget-bin/www_bget?pln:Plano_2195+pln:Plano_2472+pln:Plano_2615+pln:Plano_2837",NA,"rn:R01286 rn:R01290 rn:R10305",NA,NA,NA,"line",NA,NA,"#FFCC66","#FFFFFF",0,"01100"
"entry5582","4269","pln:Plano_2664","gene","http://www.kegg.jp/dbget-bin/www_bget?pln:Plano_2664",NA,"rn:R07809",NA,NA,NA,"line",NA,NA,"#99CCFF","#FFFFFF",0,"01100"
"entry5583","4270","pln:Plano_2664","gene","http://www.kegg.jp/dbget-bin/www_bget?pln:Plano_2664",NA,"rn:R07810",NA,NA,NA,"line",NA,NA,"#99CCFF","#FFFFFF",0,"01100"
"entry5587","4310","pln:Plano_0365 / pln:Plano_0926","gene","http://www.kegg.jp/dbget-bin/www_bget?pln:Plano_0365+pln:Plano_0926",NA,"rn:R07895",NA,NA,NA,"line",NA,NA,"#80CCB3","#FFFFFF",0,"01100"
"entry5594","4331","pln:Plano_0689 / pln:Plano_3083","gene","http://www.kegg.jp/dbget-bin/www_bget?pln:Plano_0689+pln:Plano_3083",NA,"rn:R00897",NA,NA,NA,"line",NA,NA,"#FFCC66","#FFFFFF",0,"01100"
"entry5596","4355","pln:Plano_1403","gene","http://www.kegg.jp/dbget-bin/www_bget?pln:Plano_1403",NA,"rn:R01325",NA,NA,NA,"line",NA,NA,"#6C63F6","#FFFFFF",0,"01100"
"entry5597","4356","pln:Plano_1109","gene","http://www.kegg.jp/dbget-bin/www_bget?pln:Plano_1109",NA,"rn:R01899",NA,NA,NA,"line",NA,NA,"#6C63F6","#FFFFFF",0,"01100"
"entry5598","4357","pln:Plano_1110 / pln:Plano_2960","gene","http://www.kegg.jp/dbget-bin/www_bget?pln:Plano_1110+pln:Plano_2960",NA,"rn:R00342 rn:R00361",NA,NA,NA,"line",NA,NA,"#6C63F6","#FFFFFF",0,"01100"
"entry5599","4358","pln:Plano_1109","gene","http://www.kegg.jp/dbget-bin/www_bget?pln:Plano_1109",NA,"rn:R00267 rn:R00709",NA,NA,NA,"line",NA,NA,"#6C63F6","#FFFFFF",0,"01100"
"entry5600","4359","pln:Plano_1403","gene","http://www.kegg.jp/dbget-bin/www_bget?pln:Plano_1403",NA,"rn:R01900",NA,NA,NA,"line",NA,NA,"#6C63F6","#FFFFFF",0,"01100"
"entry5602","4361","pln:Plano_1109","gene","http://www.kegg.jp/dbget-bin/www_bget?pln:Plano_1109",NA,"rn:R00268",NA,NA,NA,"line",NA,NA,"#6C63F6","#FFFFFF",0,"01100"
"entry5605","4364","pln:Plano_1905 / pln:Plano_1906 / pln:Plano_2749 / pln:Plano_2752","gene","http://www.kegg.jp/dbget-bin/www_bget?pln:Plano_1905+pln:Plano_1906+pln:Plano_2749+pln:Plano_2752",NA,"rn:R00405 rn:R00432 rn:R00727 rn:R10343",NA,NA,NA,"line",NA,NA,"#6C63F6","#FFFFFF",0,"01100"
"entry5606","4365","pln:Plano_1366 / pln:Plano_1612 / pln:Plano_1613 / pln:Plano_2022","gene","http://www.kegg.jp/dbget-bin/www_bget?pln:Plano_1366+pln:Plano_1612+pln:Plano_1613+pln:Plano_2022",NA,"rn:R08549 rn:R01197",NA,NA,NA,"line",NA,NA,"#6C63F6","#FFFFFF",0,"01100"
"entry5607","4366","pln:Plano_0331","gene","http://www.kegg.jp/dbget-bin/www_bget?pln:Plano_0331",NA,"rn:R01082",NA,NA,NA,"line",NA,NA,"#6C63F6","#FFFFFF",0,"01100"
"entry5612","4377","pln:Plano_1105 / pln:Plano_1413 / pln:Plano_2414","gene","http://www.kegg.jp/dbget-bin/www_bget?pln:Plano_1105+pln:Plano_1413+pln:Plano_2414",NA,"rn:R04779 rn:R04780 rn:R09084 rn:R02073",NA,NA,NA,"line",NA,NA,"#6C63F6","#FFFFFF",0,"01100"
"entry5614","4389","pln:Plano_1677","gene","http://www.kegg.jp/dbget-bin/www_bget?pln:Plano_1677",NA,"rn:R02124 rn:R08379",NA,NA,NA,"line",NA,NA,"#FFB3CC","#FFFFFF",0,"01100"
"entry5619","4440","pln:Plano_2972","gene","http://www.kegg.jp/dbget-bin/www_bget?pln:Plano_2972",NA,"rn:R02596",NA,NA,NA,"line",NA,NA,"#F06292","#FFFFFF",0,"01100"
"entry5620","4444","pln:Plano_2972","gene","http://www.kegg.jp/dbget-bin/www_bget?pln:Plano_2972",NA,"rn:R03919",NA,NA,NA,"line",NA,NA,"#F06292","#FFFFFF",0,"01100"
"entry5628","4480","pln:Plano_0036 / pln:Plano_0037","gene","http://www.kegg.jp/dbget-bin/www_bget?pln:Plano_0036+pln:Plano_0037",NA,"rn:R03898",NA,NA,NA,"line",NA,NA,"#FFCC66","#FFFFFF",0,"01100"
"entry5629","4481","pln:Plano_0035","gene","http://www.kegg.jp/dbget-bin/www_bget?pln:Plano_0035",NA,"rn:R00994",NA,NA,NA,"line",NA,NA,"#FFCC66","#FFFFFF",0,"01100"
"entry5630","4482","pln:Plano_1411 / pln:Plano_1926 / pln:Plano_1927","gene","http://www.kegg.jp/dbget-bin/www_bget?pln:Plano_1411+pln:Plano_1926+pln:Plano_1927",NA,"rn:R00220",NA,NA,NA,"line",NA,NA,"#FFCC66","#FFFFFF",0,"01100"
"entry5631","4483","pln:Plano_1550","gene","http://www.kegg.jp/dbget-bin/www_bget?pln:Plano_1550",NA,"rn:R00258 rn:R00369 rn:R00396 rn:R00400",NA,NA,NA,"line",NA,NA,"#FFCC66","#FFFFFF",0,"01100"
"entry5633","4485","pln:Plano_0200 / pln:Plano_2696","gene","http://www.kegg.jp/dbget-bin/www_bget?pln:Plano_0200+pln:Plano_2696",NA,"rn:R01541",NA,NA,NA,"line",NA,NA,"#6C63F6","#FFFFFF",0,"01100"
"entry5647","4544","pln:Plano_2113","gene","http://www.kegg.jp/dbget-bin/www_bget?pln:Plano_2113",NA,"rn:R10119",NA,NA,NA,"line",NA,NA,"#FFB3CC","#FFFFFF",0,"01100"
"entry5649","4547","pln:Plano_2086","gene","http://www.kegg.jp/dbget-bin/www_bget?pln:Plano_2086",NA,"rn:R10118",NA,NA,NA,"line",NA,NA,"#FFB3CC","#FFFFFF",0,"01100"
"entry5650","4548","pln:Plano_2387","gene","http://www.kegg.jp/dbget-bin/www_bget?pln:Plano_2387",NA,"rn:R10117",NA,NA,NA,"line",NA,NA,"#FFB3CC","#FFFFFF",0,"01100"
"entry5651","4549","pln:Plano_0300 / pln:Plano_0624 / pln:Plano_0688 / pln:Plano_0719 / pln:Plano_1518 / pln:Plano_1863 / pln:Plano_1921","gene","http://www.kegg.jp/dbget-bin/www_bget?pln:Plano_0300+pln:Plano_0624+pln:Plano_0688+pln:Plano_0719+pln:Plano_1518+pln:Plano_1863+pln:Plano_1921",NA,"rn:R10116",NA,NA,NA,"line",NA,NA,"#FFB3CC","#FFFFFF",0,"01100"
"entry5652","4550","pln:Plano_2113","gene","http://www.kegg.jp/dbget-bin/www_bget?pln:Plano_2113",NA,"rn:R10115",NA,NA,NA,"line",NA,NA,"#FFB3CC","#FFFFFF",0,"01100"
"entry5669","4614","pln:Plano_1067 / pln:Plano_1080","gene","http://www.kegg.jp/dbget-bin/www_bget?pln:Plano_1067+pln:Plano_1080",NA,"rn:R00925 rn:R00920 rn:R00928",NA,NA,NA,"line",NA,NA,"#B3B3E6","#FFFFFF",0,"01100"
"entry5671","4616","pln:Plano_2046","gene","http://www.kegg.jp/dbget-bin/www_bget?pln:Plano_2046",NA,"rn:R02733",NA,NA,NA,"line",NA,NA,"#FFCC66","#FFFFFF",0,"01100"
"entry5672","4617","pln:Plano_2175","gene","http://www.kegg.jp/dbget-bin/www_bget?pln:Plano_2175",NA,"rn:R04467",NA,NA,NA,"line",NA,NA,"#FFCC66","#FFFFFF",0,"01100"
"entry5673","4620","pln:Plano_0770 / pln:Plano_1044","gene","http://www.kegg.jp/dbget-bin/www_bget?pln:Plano_0770+pln:Plano_1044",NA,"rn:R02734",NA,NA,NA,"line",NA,NA,"#FFCC66","#FFFFFF",0,"01100"
"entry5676","4625","pln:Plano_0315","gene","http://www.kegg.jp/dbget-bin/www_bget?pln:Plano_0315",NA,"rn:R00816",NA,NA,NA,"line",NA,NA,"#DA8E82","#FFFFFF",0,"01100"
"entry5692","4756","pln:Plano_1621 / pln:Plano_1688","gene","http://www.kegg.jp/dbget-bin/www_bget?pln:Plano_1621+pln:Plano_1688",NA,"rn:R02294",NA,NA,NA,"line",NA,NA,"#FFB3CC","#FFFFFF",0,"01100"
"entry5693","4758","pln:Plano_1253","gene","http://www.kegg.jp/dbget-bin/www_bget?pln:Plano_1253",NA,"rn:R00103 rn:R00137",NA,NA,NA,"line",NA,NA,"#FFB3CC","#FFFFFF",0,"01100"
"entry5694","4760","pln:Plano_1621 / pln:Plano_1688","gene","http://www.kegg.jp/dbget-bin/www_bget?pln:Plano_1621+pln:Plano_1688",NA,"rn:R02295",NA,NA,NA,"line",NA,NA,"#FFB3CC","#FFFFFF",0,"01100"
"entry5703","4781","pln:Plano_0720 / pln:Plano_2072","gene","http://www.kegg.jp/dbget-bin/www_bget?pln:Plano_0720+pln:Plano_2072",NA,"rn:R02957",NA,NA,NA,"line",NA,NA,"#B3B3E6","#FFFFFF",0,"01100"
"entry5709","4790","pln:Plano_0616","gene","http://www.kegg.jp/dbget-bin/www_bget?pln:Plano_0616",NA,"rn:R10849",NA,NA,NA,"line",NA,NA,"#80CCB3","#FFFFFF",0,"01100"
"entry5714","4801","pln:Plano_1822","gene","http://www.kegg.jp/dbget-bin/www_bget?pln:Plano_1822",NA,"rn:R00451",NA,NA,NA,"line",NA,NA,"#FFCC66","#FFFFFF",0,"01100"
"entry5716","4811","pln:Plano_0980","gene","http://www.kegg.jp/dbget-bin/www_bget?pln:Plano_0980",NA,"rn:R00707 rn:R00708",NA,NA,NA,"line",NA,NA,"#FFCC66","#FFFFFF",0,"01100"
"entry5748","5105","pln:Plano_0252","gene","http://www.kegg.jp/dbget-bin/www_bget?pln:Plano_0252",NA,"rn:R02111",NA,NA,NA,"line",NA,NA,"#B3B3E6","#FFFFFF",0,"01100"
"entry5749","5108","pln:Plano_0248","gene","http://www.kegg.jp/dbget-bin/www_bget?pln:Plano_0248",NA,"rn:R02110",NA,NA,NA,"line",NA,NA,"#B3B3E6","#FFFFFF",0,"01100"
"entry5753","5141","pln:Plano_0894","gene","http://www.kegg.jp/dbget-bin/www_bget?pln:Plano_0894",NA,"rn:R03457",NA,NA,NA,"line",NA,NA,"#FFCC66","#FFFFFF",0,"01100"
"entry5754","5142","pln:Plano_0195","gene","http://www.kegg.jp/dbget-bin/www_bget?pln:Plano_0195",NA,"rn:R03243",NA,NA,NA,"line",NA,NA,"#FFCC66","#FFFFFF",0,"01100"
"entry5759","5192","pln:Plano_0866","gene","http://www.kegg.jp/dbget-bin/www_bget?pln:Plano_0866",NA,"rn:R04972",NA,NA,NA,"line",NA,NA,"#FFB3CC","#FFFFFF",0,"01100"
"entry5760","5193","pln:Plano_1177","gene","http://www.kegg.jp/dbget-bin/www_bget?pln:Plano_1177",NA,"rn:R00036",NA,NA,NA,"line",NA,NA,"#FFB3CC","#FFFFFF",0,"01100"
"entry5762","5195","pln:Plano_1175","gene","http://www.kegg.jp/dbget-bin/www_bget?pln:Plano_1175",NA,"rn:R00084",NA,NA,NA,"line",NA,NA,"#FFB3CC","#FFFFFF",0,"01100"
"entry5772","5243","pln:Plano_1787","gene","http://www.kegg.jp/dbget-bin/www_bget?pln:Plano_1787",NA,"rn:R09736",NA,NA,NA,"line",NA,NA,"#FFB3CC","#FFFFFF",0,"01100"
"entry5784","5325","pln:Plano_1092","gene","http://www.kegg.jp/dbget-bin/www_bget?pln:Plano_1092",NA,"rn:R04286",NA,NA,NA,"line",NA,NA,"#FFB3CC","#FFFFFF",0,"01100"
"entry5785","5327","pln:Plano_1629","gene","http://www.kegg.jp/dbget-bin/www_bget?pln:Plano_1629",NA,"rn:R11765",NA,NA,NA,"line",NA,NA,"#FFB3CC","#FFFFFF",0,"01100"
"entry5786","5340","pln:Plano_1555","gene","http://www.kegg.jp/dbget-bin/www_bget?pln:Plano_1555",NA,"rn:R11581",NA,NA,NA,"line",NA,NA,"#FFB3CC","#FFFFFF",0,"01100"
"entry5788","5345","pln:Plano_2772","gene","http://www.kegg.jp/dbget-bin/www_bget?pln:Plano_2772",NA,"rn:R11372",NA,NA,NA,"line",NA,NA,"#FFB3CC","#FFFFFF",0,"01100"
"entry5789","5346","pln:Plano_2602","gene","http://www.kegg.jp/dbget-bin/www_bget?pln:Plano_2602",NA,"rn:R04457",NA,NA,NA,"line",NA,NA,"#FFB3CC","#FFFFFF",0,"01100"
"entry5790","5349","pln:Plano_2356","gene","http://www.kegg.jp/dbget-bin/www_bget?pln:Plano_2356",NA,"rn:R01227 rn:R01228",NA,NA,NA,"line",NA,NA,"#FF8080","#FFFFFF",0,"01100"
"entry5791","5350","pln:Plano_1621 / pln:Plano_1688","gene","http://www.kegg.jp/dbget-bin/www_bget?pln:Plano_1621+pln:Plano_1688",NA,"rn:R01677 rn:R02147",NA,NA,NA,"line",NA,NA,"#FF8080","#FFFFFF",0,"01100"
"entry5792","5352","pln:Plano_1790","gene","http://www.kegg.jp/dbget-bin/www_bget?pln:Plano_1790",NA,"rn:R00428",NA,NA,NA,"line",NA,NA,"#FFB3CC","#FFFFFF",0,"01100"
"entry5793","5353","pln:Plano_0211 / pln:Plano_2603","gene","http://www.kegg.jp/dbget-bin/www_bget?pln:Plano_0211+pln:Plano_2603",NA,"rn:R00425",NA,NA,NA,"line",NA,NA,"#FFB3CC","#FFFFFF",0,"01100"
"entry5794","5354","pln:Plano_1621 / pln:Plano_1688","gene","http://www.kegg.jp/dbget-bin/www_bget?pln:Plano_1621+pln:Plano_1688",NA,"rn:R02557",NA,NA,NA,"line",NA,NA,"#FF8080","#FFFFFF",0,"01100"
"entry5795","5359","pln:Plano_0237 / pln:Plano_3078","gene","http://www.kegg.jp/dbget-bin/www_bget?pln:Plano_0237+pln:Plano_3078",NA,"rn:R02142",NA,NA,NA,"line",NA,NA,"#FF8080","#FFFFFF",0,"01100"
"entry5796","5360","pln:Plano_1621 / pln:Plano_1688","gene","http://www.kegg.jp/dbget-bin/www_bget?pln:Plano_1621+pln:Plano_1688",NA,"rn:R01245 rn:R01561",NA,NA,NA,"line",NA,NA,"#FF8080","#FFFFFF",0,"01100"
"entry5797","5362","pln:Plano_1342 / pln:Plano_2881 / pln:Plano_2882 / pln:Plano_2884","gene","http://www.kegg.jp/dbget-bin/www_bget?pln:Plano_1342+pln:Plano_2881+pln:Plano_2882+pln:Plano_2884",NA,"rn:R02017",NA,NA,NA,"line",NA,NA,"#FF8080","#FFFFFF",0,"01100"
"entry5798","5367","pln:Plano_2356","gene","http://www.kegg.jp/dbget-bin/www_bget?pln:Plano_2356",NA,"rn:R01126 rn:R01131",NA,NA,NA,"line",NA,NA,"#FF8080","#FFFFFF",0,"01100"
"entry5799","5368","pln:Plano_1621 / pln:Plano_1688","gene","http://www.kegg.jp/dbget-bin/www_bget?pln:Plano_1621+pln:Plano_1688",NA,"rn:R01770 rn:R01863",NA,NA,NA,"line",NA,NA,"#FF8080","#FFFFFF",0,"01100"
"entry5800","5369","pln:Plano_3078","gene","http://www.kegg.jp/dbget-bin/www_bget?pln:Plano_3078",NA,"rn:R01128 rn:R01132",NA,NA,NA,"line",NA,NA,"#FF8080","#FFFFFF",0,"01100"
"entry5801","5370","pln:Plano_2997","gene","http://www.kegg.jp/dbget-bin/www_bget?pln:Plano_2997",NA,"rn:R01135",NA,NA,NA,"line",NA,NA,"#FF8080","#FFFFFF",0,"01100"
"entry5802","5371","pln:Plano_0732","gene","http://www.kegg.jp/dbget-bin/www_bget?pln:Plano_0732",NA,"rn:R01083",NA,NA,NA,"line",NA,NA,"#FF8080","#FFFFFF",0,"01100"
"entry5803","5372","pln:Plano_2356 / pln:Plano_3037","gene","http://www.kegg.jp/dbget-bin/www_bget?pln:Plano_2356+pln:Plano_3037",NA,"rn:R00183 rn:R00185",NA,NA,NA,"line",NA,NA,"#FF8080","#FFFFFF",0,"01100"
"entry5804","5373","pln:Plano_1223","gene","http://www.kegg.jp/dbget-bin/www_bget?pln:Plano_1223",NA,"rn:R00182 rn:R00190",NA,NA,NA,"line",NA,NA,"#FF8080","#FFFFFF",0,"01100"
"entry5805","5374","pln:Plano_0061","gene","http://www.kegg.jp/dbget-bin/www_bget?pln:Plano_0061",NA,"rn:R00122 rn:R00127",NA,NA,NA,"line",NA,NA,"#FF8080","#FFFFFF",0,"01100"
"entry5806","5375","pln:Plano_2356","gene","http://www.kegg.jp/dbget-bin/www_bget?pln:Plano_2356",NA,"rn:R02719",NA,NA,NA,"line",NA,NA,"#FF8080","#FFFFFF",0,"01100"
"entry5807","5376","pln:Plano_1621 / pln:Plano_1688","gene","http://www.kegg.jp/dbget-bin/www_bget?pln:Plano_1621+pln:Plano_1688",NA,"rn:R02143 rn:R02297",NA,NA,NA,"line",NA,NA,"#FF8080","#FFFFFF",0,"01100"
"entry5808","5377","pln:Plano_1342 / pln:Plano_2881 / pln:Plano_2882 / pln:Plano_2884","gene","http://www.kegg.jp/dbget-bin/www_bget?pln:Plano_1342+pln:Plano_2881+pln:Plano_2882+pln:Plano_2884",NA,"rn:R02019",NA,NA,NA,"line",NA,NA,"#FF8080","#FFFFFF",0,"01100"
"entry5809","5386","pln:Plano_3084","gene","http://www.kegg.jp/dbget-bin/www_bget?pln:Plano_3084",NA,"rn:R03067",NA,NA,NA,"line",NA,NA,"#FFB3CC","#FFFFFF",0,"01100"
"entry5810","5388","pln:Plano_0210","gene","http://www.kegg.jp/dbget-bin/www_bget?pln:Plano_0210",NA,"rn:R03459",NA,NA,NA,"line",NA,NA,"#FFB3CC","#FFFFFF",0,"01100"
"entry5811","5389","pln:Plano_0210","gene","http://www.kegg.jp/dbget-bin/www_bget?pln:Plano_0210",NA,"rn:R03458",NA,NA,NA,"line",NA,NA,"#FFB3CC","#FFFFFF",0,"01100"
"entry5812","5390","pln:Plano_2119","gene","http://www.kegg.jp/dbget-bin/www_bget?pln:Plano_2119",NA,"rn:R07280",NA,NA,NA,"line",NA,NA,"#FFB3CC","#FFFFFF",0,"01100"
"entry5813","5391","pln:Plano_2604","gene","http://www.kegg.jp/dbget-bin/www_bget?pln:Plano_2604",NA,"rn:R00066",NA,NA,NA,"line",NA,NA,"#FFB3CC","#FFFFFF",0,"01100"
"entry5814","5392","pln:Plano_1878","gene","http://www.kegg.jp/dbget-bin/www_bget?pln:Plano_1878",NA,"rn:R00548 rn:R00549 rn:R00550 rn:R08574",NA,NA,NA,"line",NA,NA,"#FFB3CC","#FFFFFF",0,"01100"
"entry5815","5393","pln:Plano_1878","gene","http://www.kegg.jp/dbget-bin/www_bget?pln:Plano_1878",NA,"rn:R00160 rn:R00161",NA,NA,NA,"line",NA,NA,"#FFB3CC","#FFFFFF",0,"01100"
"entry5816","5394","pln:Plano_1790","gene","http://www.kegg.jp/dbget-bin/www_bget?pln:Plano_1790",NA,"rn:R05046",NA,NA,NA,"line",NA,NA,"#FFB3CC","#FFFFFF",0,"01100"
"entry5817","5395","pln:Plano_1790","gene","http://www.kegg.jp/dbget-bin/www_bget?pln:Plano_1790",NA,"rn:R05048",NA,NA,NA,"line",NA,NA,"#FFB3CC","#FFFFFF",0,"01100"
"entry5818","5396","pln:Plano_1790","gene","http://www.kegg.jp/dbget-bin/www_bget?pln:Plano_1790",NA,"rn:R04639",NA,NA,NA,"line",NA,NA,"#FFB3CC","#FFFFFF",0,"01100"
"entry5819","5397","pln:Plano_2950","gene","http://www.kegg.jp/dbget-bin/www_bget?pln:Plano_2950",NA,"rn:R04620",NA,NA,NA,"line",NA,NA,"#FFB3CC","#FFFFFF",0,"01100"
"entry5820","5398","pln:Plano_3085","gene","http://www.kegg.jp/dbget-bin/www_bget?pln:Plano_3085",NA,"rn:R03504",NA,NA,NA,"line",NA,NA,"#FFB3CC","#FFFFFF",0,"01100"
"entry5821","5399","pln:Plano_3086","gene","http://www.kegg.jp/dbget-bin/www_bget?pln:Plano_3086",NA,"rn:R03503",NA,NA,NA,"line",NA,NA,"#FFB3CC","#FFFFFF",0,"01100"
"entry5822","5400","pln:Plano_1183","gene","http://www.kegg.jp/dbget-bin/www_bget?pln:Plano_1183",NA,"rn:R02237",NA,NA,NA,"line",NA,NA,"#FFB3CC","#FFFFFF",0,"01100"
"entry5823","5401","pln:Plano_1629","gene","http://www.kegg.jp/dbget-bin/www_bget?pln:Plano_1629",NA,"rn:R00936 rn:R00939",NA,NA,NA,"line",NA,NA,"#FFB3CC","#FFFFFF",0,"01100"
"entry5824","5402","pln:Plano_1629","gene","http://www.kegg.jp/dbget-bin/www_bget?pln:Plano_1629",NA,"rn:R02235 rn:R02236",NA,NA,NA,"line",NA,NA,"#FFB3CC","#FFFFFF",0,"01100"
"entry5825","5403","pln:Plano_1629","gene","http://www.kegg.jp/dbget-bin/www_bget?pln:Plano_1629",NA,"rn:R00937 rn:R00940",NA,NA,NA,"line",NA,NA,"#FFB3CC","#FFFFFF",0,"01100"
"entry5826","5404","pln:Plano_3084","gene","http://www.kegg.jp/dbget-bin/www_bget?pln:Plano_3084",NA,"rn:R03066",NA,NA,NA,"line",NA,NA,"#FFB3CC","#FFFFFF",0,"01100"
"entry5827","5406","pln:Plano_0469","gene","http://www.kegg.jp/dbget-bin/www_bget?pln:Plano_0469",NA,"rn:R01217 rn:R01224 rn:R07168",NA,NA,NA,"line",NA,NA,"#FFB3CC","#FFFFFF",0,"01100"
"entry5828","5410","pln:Plano_1324","gene","http://www.kegg.jp/dbget-bin/www_bget?pln:Plano_1324",NA,"rn:R02301",NA,NA,NA,"line",NA,NA,"#FFB3CC","#FFFFFF",0,"01100"
"entry5829","5411","pln:Plano_1337 / pln:Plano_2404","gene","http://www.kegg.jp/dbget-bin/www_bget?pln:Plano_1337+pln:Plano_2404",NA,"rn:R00945 rn:R01669 rn:R01225 rn:R04125 rn:R06613",NA,NA,NA,"line",NA,NA,"#FFB3CC","#FFFFFF",0,"01100"
"entry5830","5412","pln:Plano_0233 / pln:Plano_0739 / pln:Plano_0740","gene","http://www.kegg.jp/dbget-bin/www_bget?pln:Plano_0233+pln:Plano_0739+pln:Plano_0740",NA,"rn:R00943 rn:R04325 rn:R04560",NA,NA,NA,"line",NA,NA,"#FFB3CC","#FFFFFF",0,"01100"
"entry5831","5413","pln:Plano_1350","gene","http://www.kegg.jp/dbget-bin/www_bget?pln:Plano_1350",NA,"rn:R01655",NA,NA,NA,"line",NA,NA,"#FFB3CC","#FFFFFF",0,"01100"
"entry5832","5414","pln:Plano_1350","gene","http://www.kegg.jp/dbget-bin/www_bget?pln:Plano_1350",NA,"rn:R01218 rn:R01220",NA,NA,NA,"line",NA,NA,"#FFB3CC","#FFFFFF",0,"01100"
"entry5833","5415","pln:Plano_0061","gene","http://www.kegg.jp/dbget-bin/www_bget?pln:Plano_0061",NA,"rn:R01547",NA,NA,NA,"line",NA,NA,"#FF8080","#FFFFFF",0,"01100"
"entry5834","5416","pln:Plano_1621 / pln:Plano_1688","gene","http://www.kegg.jp/dbget-bin/www_bget?pln:Plano_1621+pln:Plano_1688",NA,"rn:R02748",NA,NA,NA,"line",NA,NA,"#FF8080","#FFFFFF",0,"01100"
"entry5835","5417","pln:Plano_1942","gene","http://www.kegg.jp/dbget-bin/www_bget?pln:Plano_1942",NA,"rn:R02090",NA,NA,NA,"line",NA,NA,"#FF8080","#FFFFFF",0,"01100"
"entry5836","5418","pln:Plano_2356 / pln:Plano_3037","gene","http://www.kegg.jp/dbget-bin/www_bget?pln:Plano_2356+pln:Plano_3037",NA,"rn:R01967 rn:R01968",NA,NA,NA,"line",NA,NA,"#FF8080","#FFFFFF",0,"01100"
"entry5882","5476","pln:Plano_0739","gene","http://www.kegg.jp/dbget-bin/www_bget?pln:Plano_0739",NA,"rn:R04326",NA,NA,NA,"line",NA,NA,"#FFB3CC","#FFFFFF",0,"01100"
"entry5886","5480","pln:Plano_0738","gene","http://www.kegg.jp/dbget-bin/www_bget?pln:Plano_0738",NA,"rn:R04208",NA,NA,NA,"line",NA,NA,"#FF8080","#FFFFFF",0,"01100"
"entry5887","5481","pln:Plano_0740","gene","http://www.kegg.jp/dbget-bin/www_bget?pln:Plano_0740",NA,"rn:R04560 rn:R06975",NA,NA,NA,"line",NA,NA,"#FF8080","#FFFFFF",0,"01100"
"entry5892","5486","pln:Plano_0731","gene","http://www.kegg.jp/dbget-bin/www_bget?pln:Plano_0731",NA,"rn:R07404",NA,NA,NA,"line",NA,NA,"#FF8080","#FFFFFF",0,"01100"
"entry5893","5487","pln:Plano_0730","gene","http://www.kegg.jp/dbget-bin/www_bget?pln:Plano_0730",NA,"rn:R07405",NA,NA,NA,"line",NA,NA,"#FF8080","#FFFFFF",0,"01100"
"entry5898","5497","pln:Plano_1091","gene","http://www.kegg.jp/dbget-bin/www_bget?pln:Plano_1091",NA,"rn:R10002",NA,NA,NA,"line",NA,NA,"#FFB3CC","#FFFFFF",0,"01100"
"entry5899","5498","pln:Plano_1093","gene","http://www.kegg.jp/dbget-bin/www_bget?pln:Plano_1093",NA,"rn:R09978",NA,NA,NA,"line",NA,NA,"#FFB3CC","#FFFFFF",0,"01100"
"entry5900","5499","pln:Plano_0177","gene","http://www.kegg.jp/dbget-bin/www_bget?pln:Plano_0177",NA,"rn:R07605",NA,NA,NA,"line",NA,NA,"#FFB3CC","#FFFFFF",0,"01100"
"entry5905","5506","pln:Plano_1557","gene","http://www.kegg.jp/dbget-bin/www_bget?pln:Plano_1557",NA,"rn:R09395",NA,NA,NA,"line",NA,NA,"#FFB3CC","#FFFFFF",0,"01100"
"entry5906","5507","pln:Plano_2773","gene","http://www.kegg.jp/dbget-bin/www_bget?pln:Plano_2773",NA,"rn:R09726",NA,NA,NA,"line",NA,NA,"#FFB3CC","#FFFFFF",0,"01100"
"entry5907","5508","pln:Plano_1559","gene","http://www.kegg.jp/dbget-bin/www_bget?pln:Plano_1559",NA,"rn:R09735",NA,NA,NA,"line",NA,NA,"#FFB3CC","#FFFFFF",0,"01100"
"entry5916","5536","pln:Plano_2825","gene","http://www.kegg.jp/dbget-bin/www_bget?pln:Plano_2825",NA,"rn:R01804 rn:R01811",NA,NA,NA,"line",NA,NA,"#B3B3E6","#FFFFFF",0,"01100"
"entry5919","5539","pln:Plano_0484","gene","http://www.kegg.jp/dbget-bin/www_bget?pln:Plano_0484",NA,"rn:R02058 rn:R02059",NA,NA,NA,"line",NA,NA,"#B3B3E6","#FFFFFF",0,"01100"
"entry5920","5540","pln:Plano_0477","gene","http://www.kegg.jp/dbget-bin/www_bget?pln:Plano_0477",NA,"rn:R08555",NA,NA,NA,"line",NA,NA,"#B3B3E6","#FFFFFF",0,"01100"
"entry5921","5541","pln:Plano_0093","gene","http://www.kegg.jp/dbget-bin/www_bget?pln:Plano_0093",NA,"rn:R02060",NA,NA,NA,"line",NA,NA,"#B3B3E6","#FFFFFF",0,"01100"
"entry5935","5622","pln:Plano_1110","gene","http://www.kegg.jp/dbget-bin/www_bget?pln:Plano_1110",NA,"rn:R00342 rn:R00343",NA,NA,NA,"line",NA,NA,"#CC99FF","#FFFFFF",0,"01100"
"entry5942","5633","pln:Plano_1159 / pln:Plano_1160 / pln:Plano_1161","gene","http://www.kegg.jp/dbget-bin/www_bget?pln:Plano_1159+pln:Plano_1160+pln:Plano_1161",NA,"rn:R02164 rn:R00402 rn:R10660",NA,NA,NA,"line",NA,NA,"#6C63F6","#FFFFFF",0,"01100"
"entry5947","5643","pln:Plano_1376","gene","http://www.kegg.jp/dbget-bin/www_bget?pln:Plano_1376",NA,"rn:R00923 rn:R00930 rn:R01859",NA,NA,NA,"line",NA,NA,"#B3B3E6","#FFFFFF",0,"01100"
"entry5964","5686","pln:Plano_2565","gene","http://www.kegg.jp/dbget-bin/www_bget?pln:Plano_2565",NA,"rn:R02750",NA,NA,NA,"line",NA,NA,"#6C63F6","#FFFFFF",0,"01100"
"entry5967","5689","pln:Plano_0909 / pln:Plano_1120","gene","http://www.kegg.jp/dbget-bin/www_bget?pln:Plano_0909+pln:Plano_1120",NA,"rn:R01061 rn:R01063",NA,NA,NA,"line",NA,NA,"#6C63F6","#FFFFFF",0,"01100"
"entry5987","5774","pln:Plano_0201","gene","http://www.kegg.jp/dbget-bin/www_bget?pln:Plano_0201",NA,"rn:R02935 rn:R02936",NA,NA,NA,"line",NA,NA,"#FF8080","#FFFFFF",0,"01100"
"entry5991","5781","pln:Plano_3042","gene","http://www.kegg.jp/dbget-bin/www_bget?pln:Plano_3042",NA,"rn:R03409",NA,NA,NA,"line",NA,NA,"#FF8080","#FFFFFF",0,"01100"
"entry6004","5866","pln:Plano_1615","gene","http://www.kegg.jp/dbget-bin/www_bget?pln:Plano_1615",NA,"rn:R02735",NA,NA,NA,"line",NA,NA,"#FFCC66","#FFFFFF",0,"01100"
"entry6009","5877","pln:Plano_0036 / pln:Plano_0037","gene","http://www.kegg.jp/dbget-bin/www_bget?pln:Plano_0036+pln:Plano_0037",NA,"rn:R03896",NA,NA,NA,"line",NA,NA,"#FFCC66","#FFFFFF",0,"01100"
"entry6010","5879","pln:Plano_2479","gene","http://www.kegg.jp/dbget-bin/www_bget?pln:Plano_2479",NA,"rn:R10203",NA,NA,NA,"line",NA,NA,"#CC99FF","#FFFFFF",0,"01100"
"entry6021","5906","pln:Plano_0317 / pln:Plano_2569","gene","http://www.kegg.jp/dbget-bin/www_bget?pln:Plano_0317+pln:Plano_2569",NA,"rn:R00025 rn:R10388 rn:R10389",NA,NA,NA,"line",NA,NA,"#CC99FF","#FFFFFF",0,"01100"
"entry6025","5929","pln:Plano_1367 / pln:Plano_1368","gene","http://www.kegg.jp/dbget-bin/www_bget?pln:Plano_1367+pln:Plano_1368",NA,"rn:R04225",NA,NA,NA,"line",NA,NA,"#FFCC66","#FFFFFF",0,"01100"
"entry6028","5932","pln:Plano_1367 / pln:Plano_1368","gene","http://www.kegg.jp/dbget-bin/www_bget?pln:Plano_1367+pln:Plano_1368",NA,"rn:R01701",NA,NA,NA,"line",NA,NA,"#FFCC66","#FFFFFF",0,"01100"
"entry6033","5939","pln:Plano_0720 / pln:Plano_2072","gene","http://www.kegg.jp/dbget-bin/www_bget?pln:Plano_0720+pln:Plano_2072",NA,"rn:R03869 rn:R03871 rn:R03872",NA,NA,NA,"line",NA,NA,"#FFCC66","#FFFFFF",0,"01100"
"entry6039","5954","pln:Plano_2047","gene","http://www.kegg.jp/dbget-bin/www_bget?pln:Plano_2047",NA,"rn:R04364",NA,NA,NA,"line",NA,NA,"#FFCC66","#FFFFFF",0,"01100"
"entry6053","5995","pln:Plano_0720 / pln:Plano_2072","gene","http://www.kegg.jp/dbget-bin/www_bget?pln:Plano_0720+pln:Plano_2072",NA,"rn:R05050",NA,NA,NA,"line",NA,NA,"#FFCC66","#FFFFFF",0,"01100"
"entry6056","6000","pln:Plano_1381","gene","http://www.kegg.jp/dbget-bin/www_bget?pln:Plano_1381",NA,"rn:R03291 rn:R03293 rn:R03295",NA,NA,NA,"line",NA,NA,"#FFCC66","#FFFFFF",0,"01100"
"entry6057","6001","pln:Plano_0242 / pln:Plano_1381 / pln:Plano_1570","gene","http://www.kegg.jp/dbget-bin/www_bget?pln:Plano_0242+pln:Plano_1381+pln:Plano_1570",NA,"rn:R01248 rn:R01251 rn:R01253 rn:R10507",NA,NA,NA,"line",NA,NA,"#FFCC66","#FFFFFF",0,"01100"
"entry6069","6040","pln:Plano_0990","gene","http://www.kegg.jp/dbget-bin/www_bget?pln:Plano_0990",NA,"rn:R08165",NA,NA,NA,"line",NA,NA,"#FFB3CC","#FFFFFF",0,"01100"
"entry6071","6042","pln:Plano_0989","gene","http://www.kegg.jp/dbget-bin/www_bget?pln:Plano_0989",NA,"rn:R01717",NA,NA,NA,"line",NA,NA,"#FFB3CC","#FFFFFF",0,"01100"
"entry6074","6068","pln:Plano_2471","gene","http://www.kegg.jp/dbget-bin/www_bget?pln:Plano_2471",NA,"rn:R01283",NA,NA,NA,"line",NA,NA,"#CC99FF","#FFFFFF",0,"01100"
"entry6083","6111","pln:Plano_0571","gene","http://www.kegg.jp/dbget-bin/www_bget?pln:Plano_0571",NA,"rn:R03096",NA,NA,NA,"line",NA,NA,"#FFCC66","#FFFFFF",0,"01100"
"entry6087","6129","pln:Plano_0839","gene","http://www.kegg.jp/dbget-bin/www_bget?pln:Plano_0839",NA,"rn:R04911",NA,NA,NA,"line",NA,NA,"#FFCC66","#FFFFFF",0,"01100"
"entry6092","6148","pln:Plano_1874","gene","http://www.kegg.jp/dbget-bin/www_bget?pln:Plano_1874",NA,"rn:R02291",NA,NA,NA,"line",NA,NA,"#FFCC66","#FFFFFF",0,"01100"
"entry6112","6235","pln:Plano_0085 / pln:Plano_1108","gene","http://www.kegg.jp/dbget-bin/www_bget?pln:Plano_0085+pln:Plano_1108",NA,"rn:R00351 rn:R00352",NA,NA,NA,"line",NA,NA,"#6C63F6","#FFFFFF",0,"01100"
"entry6131","6726","pln:Plano_0434","gene","http://www.kegg.jp/dbget-bin/www_bget?pln:Plano_0434",NA,"rn:R00401",NA,NA,NA,"line",NA,NA,"#FF9900","#FFFFFF",0,"01100"
"entry6134","6790","pln:Plano_2005 / pln:Plano_2006","gene","http://www.kegg.jp/dbget-bin/www_bget?pln:Plano_2005+pln:Plano_2006",NA,NA,NA,NA,NA,"line",NA,NA,"#CC99FF","#FFFFFF",0,"01100"
"entry6135","6793","pln:Plano_2001 / pln:Plano_2002 / pln:Plano_2003 / pln:Plano_2004 / pln:Plano_2005 / pln:Plano_2891 / pln:Plano_2892","gene","http://www.kegg.jp/dbget-bin/www_bget?pln:Plano_2001+pln:Plano_2002+pln:Plano_2003+pln:Plano_2004+pln:Plano_2005+pln:Plano_2891+pln:Plano_2892",NA,NA,NA,NA,NA,"line",NA,NA,"#CC99FF","#FFFFFF",0,"01100"
"entry6136","6813","pln:Plano_2391 / pln:Plano_2392 / pln:Plano_2393 / pln:Plano_2394 / pln:Plano_2395 / pln:Plano_2396 / pln:Plano_2397 / pln:Plano_2398","gene","http://www.kegg.jp/dbget-bin/www_bget?pln:Plano_2391+pln:Plano_2392+pln:Plano_2393+pln:Plano_2394+pln:Plano_2395+pln:Plano_2396+pln:Plano_2397+pln:Plano_2398",NA,NA,NA,NA,NA,"line",NA,NA,"#CC99FF","#FFFFFF",0,"01100"
"entry6137","6820","pln:Plano_2391 / pln:Plano_2392 / pln:Plano_2393 / pln:Plano_2394 / pln:Plano_2395 / pln:Plano_2396 / pln:Plano_2397 / pln:Plano_2398","gene","http://www.kegg.jp/dbget-bin/www_bget?pln:Plano_2391+pln:Plano_2392+pln:Plano_2393+pln:Plano_2394+pln:Plano_2395+pln:Plano_2396+pln:Plano_2397+pln:Plano_2398",NA,NA,NA,NA,NA,"line",NA,NA,"#CC99FF","#FFFFFF",0,"01100"
"entry6138","6822","pln:Plano_1774 / pln:Plano_1775 / pln:Plano_1776","gene","http://www.kegg.jp/dbget-bin/www_bget?pln:Plano_1774+pln:Plano_1775+pln:Plano_1776",NA,NA,NA,NA,NA,"line",NA,NA,"#CC99FF","#FFFFFF",0,"01100"
"entry6161","2134","pln:Plano_0898","gene","http://www.kegg.jp/dbget-bin/www_bget?pln:Plano_0898",NA,"rn:R04035",NA,NA,NA,"line",NA,NA,"#FFCC66","#FFFFFF",0,"01100"
"entry6162","2135","pln:Plano_0898","gene","http://www.kegg.jp/dbget-bin/www_bget?pln:Plano_0898",NA,"rn:R04037",NA,NA,NA,"line",NA,NA,"#FFCC66","#FFFFFF",0,"01100"
"entry6163","2136","pln:Plano_0896","gene","http://www.kegg.jp/dbget-bin/www_bget?pln:Plano_0896",NA,"rn:R04640",NA,NA,NA,"line",NA,NA,"#FFCC66","#FFFFFF",0,"01100"
"entry6168","6938","pln:Plano_0720 / pln:Plano_2072","gene","http://www.kegg.jp/dbget-bin/www_bget?pln:Plano_0720+pln:Plano_2072",NA,"rn:R03283",NA,NA,NA,"line",NA,NA,"#FFCC66","#FFFFFF",0,"01100"
