"","entryID","name","type","link","component","reaction","map","x","y","graphicalType","width","height","fgcolor","bgcolor","freq","pathway"
"entry3886","6960","egz:104124857 / egz:104130702","gene","http://www.kegg.jp/dbget-bin/www_bget?egz:104124857+egz:104130702",NA,NA,NA,NA,NA,"line",NA,NA,"#99CCFF","#FFFFFF",0,"01100"
"entry3887","2664","egz:104124017","gene","http://www.kegg.jp/dbget-bin/www_bget?egz:104124017",NA,"rn:R06722",NA,NA,NA,"line",NA,NA,"#99CCFF","#FFFFFF",0,"01100"
"entry3888","6961","egz:104126519 / egz:104131968 / egz:104134894","gene","http://www.kegg.jp/dbget-bin/www_bget?egz:104126519+egz:104131968+egz:104134894",NA,"rn:R12479",NA,NA,NA,"line",NA,NA,"#99CCFF","#FFFFFF",0,"01100"
"entry3890","6921","egz:104128494","gene","http://www.kegg.jp/dbget-bin/www_bget?egz:104128494",NA,"rn:R12423",NA,NA,NA,"line",NA,NA,"#FFB3CC","#FFFFFF",0,"01100"
"entry3891","6922","egz:104128494","gene","http://www.kegg.jp/dbget-bin/www_bget?egz:104128494",NA,"rn:R12424",NA,NA,NA,"line",NA,NA,"#FFB3CC","#FFFFFF",0,"01100"
"entry3892","6923","egz:104126384","gene","http://www.kegg.jp/dbget-bin/www_bget?egz:104126384",NA,"rn:R12432",NA,NA,NA,"line",NA,NA,"#FFB3CC","#FFFFFF",0,"01100"
"entry3893","6925","egz:104126384","gene","http://www.kegg.jp/dbget-bin/www_bget?egz:104126384",NA,"rn:R12427",NA,NA,NA,"line",NA,NA,"#FFB3CC","#FFFFFF",0,"01100"
"entry3894","2485","egz:104125791 / egz:104132447 / egz:104135131","gene","http://www.kegg.jp/dbget-bin/www_bget?egz:104125791+egz:104132447+egz:104135131",NA,"rn:R01468",NA,NA,NA,"line",NA,NA,"#80CCB3","#FFFFFF",0,"01100"
"entry3895","6929","egz:104122649","gene","http://www.kegg.jp/dbget-bin/www_bget?egz:104122649",NA,"rn:R02464",NA,NA,NA,"line",NA,NA,"#80CCB3","#FFFFFF",0,"01100"
"entry3896","6904","egz:104128884","gene","http://www.kegg.jp/dbget-bin/www_bget?egz:104128884",NA,"rn:R05731",NA,NA,NA,"line",NA,NA,"#80CCCC","#FFFFFF",0,"01100"
"entry3897","6907","egz:104124048","gene","http://www.kegg.jp/dbget-bin/www_bget?egz:104124048",NA,"rn:R12403",NA,NA,NA,"line",NA,NA,"#80CCCC","#FFFFFF",0,"01100"
"entry3898","6908","egz:104127975","gene","http://www.kegg.jp/dbget-bin/www_bget?egz:104127975",NA,"rn:R12404",NA,NA,NA,"line",NA,NA,"#80CCCC","#FFFFFF",0,"01100"
"entry3899","6909","egz:104126899 / egz:104131325","gene","http://www.kegg.jp/dbget-bin/www_bget?egz:104126899+egz:104131325",NA,"rn:R04018",NA,NA,NA,"line",NA,NA,"#80CCB3","#FFFFFF",0,"01100"
"entry3900","21","egz:104122949","gene","http://www.kegg.jp/dbget-bin/www_bget?egz:104122949",NA,"rn:R02768 rn:R04355",NA,NA,NA,"line",NA,NA,"#80CCCC","#FFFFFF",0,"01100"
"entry3901","22","egz:104131108 / egz:104135102","gene","http://www.kegg.jp/dbget-bin/www_bget?egz:104131108+egz:104135102",NA,"rn:R01626",NA,NA,NA,"line",NA,NA,"#80CCCC","#FFFFFF",0,"01100"
"entry3902","23","egz:104123107","gene","http://www.kegg.jp/dbget-bin/www_bget?egz:104123107",NA,"rn:R02767",NA,NA,NA,"line",NA,NA,"#80CCCC","#FFFFFF",0,"01100"
"entry3903","25","egz:104132529","gene","http://www.kegg.jp/dbget-bin/www_bget?egz:104132529",NA,"rn:R01404",NA,NA,NA,"line",NA,NA,"#80CCCC","#FFFFFF",0,"01100"
"entry3904","34","egz:104122068","gene","http://www.kegg.jp/dbget-bin/www_bget?egz:104122068",NA,"rn:R00551",NA,NA,NA,"line",NA,NA,"#FFCC66","#FFFFFF",0,"01100"
"entry3905","38","egz:104127039","gene","http://www.kegg.jp/dbget-bin/www_bget?egz:104127039",NA,"rn:R12300",NA,NA,NA,"line",NA,NA,"#80CCCC","#FFFFFF",0,"01100"
"entry3906","42","egz:104125935 / egz:104127925 / egz:104128506 / egz:104133181","gene","http://www.kegg.jp/dbget-bin/www_bget?egz:104125935+egz:104127925+egz:104128506+egz:104133181",NA,NA,NA,NA,NA,"line",NA,NA,"#CC99FF","#FFFFFF",0,"01100"
"entry3907","45","egz:104122512 / egz:104122910 / egz:104123861","gene","http://www.kegg.jp/dbget-bin/www_bget?egz:104122512+egz:104122910+egz:104123861",NA,"rn:R09366",NA,NA,NA,"line",NA,NA,"#FF9900","#FFFFFF",0,"01100"
"entry3908","49","egz:104125513","gene","http://www.kegg.jp/dbget-bin/www_bget?egz:104125513",NA,"rn:R01394",NA,NA,NA,"line",NA,NA,"#B3B3E6","#FFFFFF",0,"01100"
"entry3909","54","egz:104125143 / egz:104130955 / egz:104131306","gene","http://www.kegg.jp/dbget-bin/www_bget?egz:104125143+egz:104130955+egz:104131306",NA,"rn:R06942",NA,NA,NA,"line",NA,NA,"#DA8E82","#FFFFFF",0,"01100"
"entry3910","55","egz:104131306 / egz:104135502","gene","http://www.kegg.jp/dbget-bin/www_bget?egz:104131306+egz:104135502",NA,"rn:R06941",NA,NA,NA,"line",NA,NA,"#DA8E82","#FFFFFF",0,"01100"
"entry3911","61","egz:104129823 / egz:104133270","gene","http://www.kegg.jp/dbget-bin/www_bget?egz:104129823+egz:104133270",NA,"rn:R07620",NA,NA,NA,"line",NA,NA,"#99CCFF","#FFFFFF",0,"01100"
"entry3912","63","egz:104133024","gene","http://www.kegg.jp/dbget-bin/www_bget?egz:104133024",NA,"rn:R02921",NA,NA,NA,"line",NA,NA,"#99CCFF","#FFFFFF",0,"01100"
"entry3913","65","egz:104123356","gene","http://www.kegg.jp/dbget-bin/www_bget?egz:104123356",NA,"rn:R12294",NA,NA,NA,"line",NA,NA,"#99CCFF","#FFFFFF",0,"01100"
"entry3914","70","egz:104134615","gene","http://www.kegg.jp/dbget-bin/www_bget?egz:104134615",NA,"rn:R07945 rn:R07977",NA,NA,NA,"line",NA,NA,"#F06292","#FFFFFF",0,"01100"
"entry3915","119","egz:104128044 / egz:104128268","gene","http://www.kegg.jp/dbget-bin/www_bget?egz:104128044+egz:104128268",NA,"rn:R00173",NA,NA,NA,"line",NA,NA,"#FFB3CC","#FFFFFF",0,"01100"
"entry3916","134","egz:104132578","gene","http://www.kegg.jp/dbget-bin/www_bget?egz:104132578",NA,"rn:R00883 rn:R00885",NA,NA,NA,"line",NA,NA,"#B3B3E6","#FFFFFF",0,"01100"
"entry3917","137","egz:104129684","gene","http://www.kegg.jp/dbget-bin/www_bget?egz:104129684",NA,"rn:R02030",NA,NA,NA,"line",NA,NA,"#80CCB3","#FFFFFF",0,"01100"
"entry3918","139","egz:104125652 / egz:104132470 / egz:104134733","gene","http://www.kegg.jp/dbget-bin/www_bget?egz:104125652+egz:104132470+egz:104134733",NA,"rn:R02051",NA,NA,NA,"line",NA,NA,"#80CCB3","#FFFFFF",0,"01100"
"entry3919","147","egz:104125934","gene","http://www.kegg.jp/dbget-bin/www_bget?egz:104125934",NA,"rn:R09959",NA,NA,NA,"line",NA,NA,"#FFB3CC","#FFFFFF",0,"01100"
"entry3920","381","egz:104122462","gene","http://www.kegg.jp/dbget-bin/www_bget?egz:104122462",NA,"rn:R06513",NA,NA,NA,"line",NA,NA,"#9EE284","#FFFFFF",0,"01100"
"entry3922","568","egz:104129453","gene","http://www.kegg.jp/dbget-bin/www_bget?egz:104129453",NA,"rn:R01072",NA,NA,NA,"line",NA,NA,"#FF8080","#FFFFFF",0,"01100"
"entry3923","601","egz:104123791","gene","http://www.kegg.jp/dbget-bin/www_bget?egz:104123791",NA,"rn:R07618",NA,NA,NA,"line",NA,NA,"#FFCC66","#FFFFFF",0,"01100"
"entry3924","602","egz:104132743","gene","http://www.kegg.jp/dbget-bin/www_bget?egz:104132743",NA,"rn:R01702 rn:R07601 rn:R07602",NA,NA,NA,"line",NA,NA,"#FFCC66","#FFFFFF",0,"01100"
"entry3925","604","egz:104134030","gene","http://www.kegg.jp/dbget-bin/www_bget?egz:104134030",NA,"rn:R04097",NA,NA,NA,"line",NA,NA,"#FFCC66","#FFFFFF",0,"01100"
"entry3927","607","egz:104127441 / egz:104129123 / egz:104135946","gene","http://www.kegg.jp/dbget-bin/www_bget?egz:104127441+egz:104129123+egz:104135946",NA,"rn:R10804",NA,NA,NA,"line",NA,NA,"#80CCB3","#FFFFFF",0,"01100"
"entry3928","608","egz:104129879","gene","http://www.kegg.jp/dbget-bin/www_bget?egz:104129879",NA,"rn:R10805",NA,NA,NA,"line",NA,NA,"#80CCB3","#FFFFFF",0,"01100"
"entry3929","612","egz:104122147","gene","http://www.kegg.jp/dbget-bin/www_bget?egz:104122147",NA,"rn:R03814",NA,NA,NA,"line",NA,NA,"#80CCCC","#FFFFFF",0,"01100"
"entry3930","613","egz:104124680 / egz:104124682 / egz:104124699 / egz:104124799 / egz:104126226 / egz:104128106 / egz:104128150 / egz:104133674 / egz:104134018 / egz:104134096 / egz:104135606","gene","http://www.kegg.jp/dbget-bin/www_bget?egz:104124680+egz:104124682+egz:104124699+egz:104124799+egz:104126226+egz:104128106+egz:104128150+egz:104133674+egz:104134018+egz:104134096+egz:104135606",NA,NA,NA,NA,NA,"line",NA,NA,"#80CCCC","#FFFFFF",0,"01100"
"entry3931","614","egz:104122491 / egz:104125311 / egz:104130192 / egz:104130983 / egz:104131500","gene","http://www.kegg.jp/dbget-bin/www_bget?egz:104122491+egz:104125311+egz:104130192+egz:104130983+egz:104131500",NA,"rn:R07950 rn:R07951 rn:R07952 rn:R07953",NA,NA,NA,"line",NA,NA,"#80CCCC","#FFFFFF",0,"01100"
"entry3932","615","egz:104124213 / egz:104128106 / egz:104128150 / egz:104132758 / egz:104133674 / egz:104134018 / egz:104134096 / egz:104135606","gene","http://www.kegg.jp/dbget-bin/www_bget?egz:104124213+egz:104128106+egz:104128150+egz:104132758+egz:104133674+egz:104134018+egz:104134096+egz:104135606",NA,NA,NA,NA,NA,"line",NA,NA,"#80CCCC","#FFFFFF",0,"01100"
"entry3933","616","egz:104122147","gene","http://www.kegg.jp/dbget-bin/www_bget?egz:104122147",NA,NA,NA,NA,NA,"line",NA,NA,"#80CCCC","#FFFFFF",0,"01100"
"entry3934","617","egz:104124799 / egz:104126226 / egz:104128106 / egz:104128150 / egz:104133674 / egz:104134018 / egz:104134096 / egz:104135606","gene","http://www.kegg.jp/dbget-bin/www_bget?egz:104124799+egz:104126226+egz:104128106+egz:104128150+egz:104133674+egz:104134018+egz:104134096+egz:104135606",NA,NA,NA,NA,NA,"line",NA,NA,"#80CCCC","#FFFFFF",0,"01100"
"entry3935","618","egz:104122491 / egz:104125311 / egz:104130192 / egz:104130983 / egz:104131500","gene","http://www.kegg.jp/dbget-bin/www_bget?egz:104122491+egz:104125311+egz:104130192+egz:104130983+egz:104131500",NA,"rn:R07934 rn:R07935 rn:R07936 rn:R07937",NA,NA,NA,"line",NA,NA,"#80CCCC","#FFFFFF",0,"01100"
"entry3936","619","egz:104124213 / egz:104128106 / egz:104128150 / egz:104132758 / egz:104133674 / egz:104134018 / egz:104134096 / egz:104135606","gene","http://www.kegg.jp/dbget-bin/www_bget?egz:104124213+egz:104128106+egz:104128150+egz:104132758+egz:104133674+egz:104134018+egz:104134096+egz:104135606",NA,NA,NA,NA,NA,"line",NA,NA,"#80CCCC","#FFFFFF",0,"01100"
"entry3937","620","egz:104128106 / egz:104128150 / egz:104129131 / egz:104133674 / egz:104133992 / egz:104134018 / egz:104134096 / egz:104135536 / egz:104135606","gene","http://www.kegg.jp/dbget-bin/www_bget?egz:104128106+egz:104128150+egz:104129131+egz:104133674+egz:104133992+egz:104134018+egz:104134096+egz:104135536+egz:104135606",NA,NA,NA,NA,NA,"line",NA,NA,"#80CCCC","#FFFFFF",0,"01100"
"entry3939","624","egz:104127484 / egz:104131940 / egz:104133683","gene","http://www.kegg.jp/dbget-bin/www_bget?egz:104127484+egz:104131940+egz:104133683",NA,"rn:R01068",NA,NA,NA,"line",NA,NA,"#CC99FF","#FFFFFF",0,"01100"
"entry3940","629","egz:104126742","gene","http://www.kegg.jp/dbget-bin/www_bget?egz:104126742",NA,"rn:R08572",NA,NA,NA,"line",NA,NA,"#CC99FF","#FFFFFF",0,"01100"
"entry3941","635","egz:104135756","gene","http://www.kegg.jp/dbget-bin/www_bget?egz:104135756",NA,"rn:R00945",NA,NA,NA,"line",NA,NA,"#FFCC66","#FFFFFF",0,"01100"
"entry3942","645","egz:104133086","gene","http://www.kegg.jp/dbget-bin/www_bget?egz:104133086",NA,"rn:R07168",NA,NA,NA,"line",NA,NA,"#CC99FF","#FFFFFF",0,"01100"
"entry3944","652","egz:104123874 / egz:104131298 / egz:104133922","gene","http://www.kegg.jp/dbget-bin/www_bget?egz:104123874+egz:104131298+egz:104133922",NA,"rn:R00364 rn:R00366 rn:R00372",NA,NA,NA,"line",NA,NA,"#B3B3E6","#FFFFFF",0,"01100"
"entry3945","654","egz:104131298","gene","http://www.kegg.jp/dbget-bin/www_bget?egz:104131298",NA,"rn:R00585 rn:R00588",NA,NA,NA,"line",NA,NA,"#FFCC66","#FFFFFF",0,"01100"
"entry3946","656","egz:104134030","gene","http://www.kegg.jp/dbget-bin/www_bget?egz:104134030",NA,"rn:R10998",NA,NA,NA,"line",NA,NA,"#B3B3E6","#FFFFFF",0,"01100"
"entry3947","663","egz:104132810","gene","http://www.kegg.jp/dbget-bin/www_bget?egz:104132810",NA,"rn:R07807",NA,NA,NA,"line",NA,NA,"#99CCFF","#FFFFFF",0,"01100"
"entry3948","667","egz:104122179 / egz:104125884 / egz:104127145","gene","http://www.kegg.jp/dbget-bin/www_bget?egz:104122179+egz:104125884+egz:104127145",NA,"rn:R08360 rn:R08363",NA,NA,NA,"line",NA,NA,"#FF9900","#FFFFFF",0,"01100"
"entry3949","671","egz:104122621 / egz:104126220 / egz:104126221 / egz:104126222 / egz:104126238 / egz:104126612 / egz:104127761 / egz:104130140 / egz:104130141 / egz:104130436 / egz:104132055 / egz:104134671 / egz:104135116","gene","http://www.kegg.jp/dbget-bin/www_bget?egz:104122621+egz:104126220+egz:104126221+egz:104126222+egz:104126238+egz:104126612+egz:104127761+egz:104130140+egz:104130141+egz:104130436+egz:104132055+egz:104134671+egz:104135116",NA,"rn:R03522",NA,NA,NA,"line",NA,NA,"#FF9900","#FFFFFF",0,"01100"
"entry3950","672","egz:104125334 / egz:104130094 / egz:104130095","gene","http://www.kegg.jp/dbget-bin/www_bget?egz:104125334+egz:104130094+egz:104130095",NA,"rn:R03916",NA,NA,NA,"line",NA,NA,"#FF9900","#FFFFFF",0,"01100"
"entry3951","673","egz:104133715 / egz:104134459","gene","http://www.kegg.jp/dbget-bin/www_bget?egz:104133715+egz:104134459",NA,"rn:R04951",NA,NA,NA,"line",NA,NA,"#FF9900","#FFFFFF",0,"01100"
"entry3952","675","egz:104123493 / egz:104126659 / egz:104127393 / egz:104131478 / egz:104131497 / egz:104133784 / egz:104133791 / egz:104134677 / egz:104135436","gene","http://www.kegg.jp/dbget-bin/www_bget?egz:104123493+egz:104126659+egz:104127393+egz:104131478+egz:104131497+egz:104133784+egz:104133791+egz:104134677+egz:104135436",NA,"rn:R00115 rn:R00120 rn:R00274 rn:R01108 rn:R01109 rn:R01110 rn:R01111 rn:R01875 rn:R02824 rn:R03167 rn:R03915 rn:R03984 rn:R04039",NA,NA,NA,"line",NA,NA,"#FF9900","#FFFFFF",0,"01100"
"entry3953","681","egz:104135348","gene","http://www.kegg.jp/dbget-bin/www_bget?egz:104135348",NA,"rn:R01583",NA,NA,NA,"line",NA,NA,"#FF9900","#FFFFFF",0,"01100"
"entry3954","683","egz:104124044 / egz:104130493 / egz:104132047","gene","http://www.kegg.jp/dbget-bin/www_bget?egz:104124044+egz:104130493+egz:104132047",NA,"rn:R00253 rn:R00256",NA,NA,NA,"line",NA,NA,"#FFCC66","#FFFFFF",0,"01100"
"entry3955","716","egz:104123293 / egz:104134639","gene","http://www.kegg.jp/dbget-bin/www_bget?egz:104123293+egz:104134639",NA,"rn:R04773",NA,NA,NA,"line",NA,NA,"#FF9900","#FFFFFF",0,"01100"
"entry3956","718","egz:104134470","gene","http://www.kegg.jp/dbget-bin/www_bget?egz:104134470",NA,"rn:R08219 rn:R08224",NA,NA,NA,"line",NA,NA,"#FF9900","#FFFFFF",0,"01100"
"entry3957","720","egz:104122512 / egz:104122910","gene","http://www.kegg.jp/dbget-bin/www_bget?egz:104122512+egz:104122910",NA,"rn:R04941",NA,NA,NA,"line",NA,NA,"#FF9900","#FFFFFF",0,"01100"
"entry3958","721","egz:104131010","gene","http://www.kegg.jp/dbget-bin/www_bget?egz:104131010",NA,"rn:R09365",NA,NA,NA,"line",NA,NA,"#FF9900","#FFFFFF",0,"01100"
"entry3959","722","egz:104123861","gene","http://www.kegg.jp/dbget-bin/www_bget?egz:104123861",NA,"rn:R04770",NA,NA,NA,"line",NA,NA,"#FF9900","#FFFFFF",0,"01100"
"entry3960","725","egz:104121793","gene","http://www.kegg.jp/dbget-bin/www_bget?egz:104121793",NA,"rn:R03599",NA,NA,NA,"line",NA,NA,"#FF9900","#FFFFFF",0,"01100"
"entry3961","742","egz:104121895 / egz:104122868 / egz:104123781 / egz:104124248 / egz:104127452 / egz:104127453 / egz:104132054","gene","http://www.kegg.jp/dbget-bin/www_bget?egz:104121895+egz:104122868+egz:104123781+egz:104124248+egz:104127452+egz:104127453+egz:104132054",NA,"rn:R00904",NA,NA,NA,"line",NA,NA,"#FF9900","#FFFFFF",0,"01100"
"entry3962","743","egz:104134738 / egz:104134998 / egz:104135008","gene","http://www.kegg.jp/dbget-bin/www_bget?egz:104134738+egz:104134998+egz:104135008",NA,"rn:R03139",NA,NA,NA,"line",NA,NA,"#FF9900","#FFFFFF",0,"01100"
"entry3963","753","egz:104135584","gene","http://www.kegg.jp/dbget-bin/www_bget?egz:104135584",NA,"rn:R01795",NA,NA,NA,"line",NA,NA,"#FFCC66","#FFFFFF",0,"01100"
"entry3964","762","egz:104123932 / egz:104128482","gene","http://www.kegg.jp/dbget-bin/www_bget?egz:104123932+egz:104128482",NA,"rn:R08639",NA,NA,NA,"line",NA,NA,"#B3B3E6","#FFFFFF",0,"01100"
"entry3965","763","egz:104124621 / egz:104124622 / egz:104128036 / egz:104128868 / egz:104130346 / egz:104134721","gene","http://www.kegg.jp/dbget-bin/www_bget?egz:104124621+egz:104124622+egz:104128036+egz:104128868+egz:104130346+egz:104134721",NA,"rn:R00299 rn:R00303",NA,NA,NA,"line",NA,NA,"#B3B3E6","#FFFFFF",0,"01100"
"entry3966","764","egz:104123774 / egz:104125131 / egz:104129991 / egz:104133065 / egz:104135481","gene","http://www.kegg.jp/dbget-bin/www_bget?egz:104123774+egz:104125131+egz:104129991+egz:104133065+egz:104135481",NA,"rn:R04513 rn:R04545",NA,NA,NA,"line",NA,NA,"#B3B3E6","#FFFFFF",0,"01100"
"entry3967","765","egz:104126900 / egz:104135987","gene","http://www.kegg.jp/dbget-bin/www_bget?egz:104126900+egz:104135987",NA,"rn:R09827",NA,NA,NA,"line",NA,NA,"#B3B3E6","#FFFFFF",0,"01100"
"entry3968","766","egz:104123484 / egz:104128602 / egz:104128945 / egz:104130564 / egz:104132254 / egz:104134492","gene","http://www.kegg.jp/dbget-bin/www_bget?egz:104123484+egz:104128602+egz:104128945+egz:104130564+egz:104132254+egz:104134492",NA,"rn:R03361 rn:R11680",NA,NA,NA,"line",NA,NA,"#B3B3E6","#FFFFFF",0,"01100"
"entry3969","767","egz:104121748 / egz:104123826 / egz:104125051 / egz:104128222 / egz:104129194 / egz:104129345 / egz:104130566 / egz:104131176","gene","http://www.kegg.jp/dbget-bin/www_bget?egz:104121748+egz:104123826+egz:104125051+egz:104128222+egz:104129194+egz:104129345+egz:104130566+egz:104131176",NA,"rn:R03469 rn:R04404",NA,NA,NA,"line",NA,NA,"#B3B3E6","#FFFFFF",0,"01100"
"entry3970","768","egz:104125227 / egz:104130577","gene","http://www.kegg.jp/dbget-bin/www_bget?egz:104125227+egz:104130577",NA,"rn:R07299",NA,NA,NA,"line",NA,NA,"#B3B3E6","#FFFFFF",0,"01100"
"entry3971","769","egz:104123200 / egz:104125797 / egz:104135084","gene","http://www.kegg.jp/dbget-bin/www_bget?egz:104123200+egz:104125797+egz:104135084",NA,"rn:R05795",NA,NA,NA,"line",NA,NA,"#B3B3E6","#FFFFFF",0,"01100"
"entry3972","770","egz:104124081 / egz:104124082 / egz:104127980 / egz:104129444 / egz:104129877 / egz:104131699 / egz:104131718 / egz:104131880 / egz:104134209 / egz:104134774","gene","http://www.kegg.jp/dbget-bin/www_bget?egz:104124081+egz:104124082+egz:104127980+egz:104129444+egz:104129877+egz:104131699+egz:104131718+egz:104131880+egz:104134209+egz:104134774",NA,"rn:R03362 rn:R03363",NA,NA,NA,"line",NA,NA,"#B3B3E6","#FFFFFF",0,"01100"
"entry3973","771","egz:104128403","gene","http://www.kegg.jp/dbget-bin/www_bget?egz:104128403",NA,"rn:R05801",NA,NA,NA,"line",NA,NA,"#B3B3E6","#FFFFFF",0,"01100"
"entry3974","774","egz:104135355","gene","http://www.kegg.jp/dbget-bin/www_bget?egz:104135355",NA,"rn:R03479",NA,NA,NA,"line",NA,NA,"#B3B3E6","#FFFFFF",0,"01100"
"entry3975","775","egz:104128403","gene","http://www.kegg.jp/dbget-bin/www_bget?egz:104128403",NA,"rn:R05800",NA,NA,NA,"line",NA,NA,"#B3B3E6","#FFFFFF",0,"01100"
"entry3976","776","egz:104125088 / egz:104131561","gene","http://www.kegg.jp/dbget-bin/www_bget?egz:104125088+egz:104131561",NA,"rn:R05802 rn:R12124",NA,NA,NA,"line",NA,NA,"#B3B3E6","#FFFFFF",0,"01100"
"entry3977","777","egz:104124081 / egz:104124082 / egz:104127980 / egz:104129444 / egz:104129877 / egz:104131699 / egz:104131718 / egz:104131880 / egz:104134774","gene","http://www.kegg.jp/dbget-bin/www_bget?egz:104124081+egz:104124082+egz:104127980+egz:104129444+egz:104129877+egz:104131699+egz:104131718+egz:104131880+egz:104134774",NA,"rn:R10928",NA,NA,NA,"line",NA,NA,"#B3B3E6","#FFFFFF",0,"01100"
"entry3978","778","egz:104124661 / egz:104125268","gene","http://www.kegg.jp/dbget-bin/www_bget?egz:104124661+egz:104125268",NA,"rn:R05803",NA,NA,NA,"line",NA,NA,"#B3B3E6","#FFFFFF",0,"01100"
"entry3979","779","egz:104122251 / egz:104128859 / egz:104129054 / egz:104130960 / egz:104131359 / egz:104132170 / egz:104132360 / egz:104132408 / egz:104132995 / egz:104133001 / egz:104133768 / egz:104134577 / egz:104135118","gene","http://www.kegg.jp/dbget-bin/www_bget?egz:104122251+egz:104128859+egz:104129054+egz:104130960+egz:104131359+egz:104132170+egz:104132360+egz:104132408+egz:104132995+egz:104133001+egz:104133768+egz:104134577+egz:104135118",NA,"rn:R03435",NA,NA,NA,"line",NA,NA,"#B3B3E6","#FFFFFF",0,"01100"
"entry3980","780","egz:104128277 / egz:104129956 / egz:104131931","gene","http://www.kegg.jp/dbget-bin/www_bget?egz:104128277+egz:104129956+egz:104131931",NA,"rn:R03394",NA,NA,NA,"line",NA,NA,"#B3B3E6","#FFFFFF",0,"01100"
"entry3981","782","egz:104122359 / egz:104127551 / egz:104132884","gene","http://www.kegg.jp/dbget-bin/www_bget?egz:104122359+egz:104127551+egz:104132884",NA,"rn:R01187 rn:R07279",NA,NA,NA,"line",NA,NA,"#B3B3E6","#FFFFFF",0,"01100"
"entry3982","783","egz:104125227 / egz:104130577","gene","http://www.kegg.jp/dbget-bin/www_bget?egz:104125227+egz:104130577",NA,"rn:R04372",NA,NA,NA,"line",NA,NA,"#B3B3E6","#FFFFFF",0,"01100"
"entry3983","785","egz:104128277 / egz:104129956 / egz:104131931 / egz:104135355","gene","http://www.kegg.jp/dbget-bin/www_bget?egz:104128277+egz:104129956+egz:104131931+egz:104135355",NA,"rn:R03428 rn:R03430",NA,NA,NA,"line",NA,NA,"#B3B3E6","#FFFFFF",0,"01100"
"entry3984","786","egz:104125133 / egz:104127566 / egz:104134590","gene","http://www.kegg.jp/dbget-bin/www_bget?egz:104125133+egz:104127566+egz:104134590",NA,"rn:R03433 rn:R03434",NA,NA,NA,"line",NA,NA,"#B3B3E6","#FFFFFF",0,"01100"
"entry3985","787","egz:104135355","gene","http://www.kegg.jp/dbget-bin/www_bget?egz:104135355",NA,"rn:R03429",NA,NA,NA,"line",NA,NA,"#B3B3E6","#FFFFFF",0,"01100"
"entry3986","788","egz:104124326","gene","http://www.kegg.jp/dbget-bin/www_bget?egz:104124326",NA,"rn:R05202",NA,NA,NA,"line",NA,NA,"#B3B3E6","#FFFFFF",0,"01100"
"entry3987","789","egz:104128403","gene","http://www.kegg.jp/dbget-bin/www_bget?egz:104128403",NA,"rn:R03478",NA,NA,NA,"line",NA,NA,"#B3B3E6","#FFFFFF",0,"01100"
"entry3988","792","egz:104122359 / egz:104127551 / egz:104132884","gene","http://www.kegg.jp/dbget-bin/www_bget?egz:104122359+egz:104127551+egz:104132884",NA,"rn:R01185",NA,NA,NA,"line",NA,NA,"#B3B3E6","#FFFFFF",0,"01100"
"entry3989","793","egz:104122359 / egz:104127551 / egz:104132884","gene","http://www.kegg.jp/dbget-bin/www_bget?egz:104122359+egz:104127551+egz:104132884",NA,"rn:R01186",NA,NA,NA,"line",NA,NA,"#B3B3E6","#FFFFFF",0,"01100"
"entry3990","796","egz:104132753 / egz:104132934","gene","http://www.kegg.jp/dbget-bin/www_bget?egz:104132753+egz:104132934",NA,"rn:R02908",NA,NA,NA,"line",NA,NA,"#FFCC66","#FFFFFF",0,"01100"
"entry3991","799","egz:104124683","gene","http://www.kegg.jp/dbget-bin/www_bget?egz:104124683",NA,"rn:R02670",NA,NA,NA,"line",NA,NA,"#FFCC66","#FFFFFF",0,"01100"
"entry3992","816","egz:104132753 / egz:104132934","gene","http://www.kegg.jp/dbget-bin/www_bget?egz:104132753+egz:104132934",NA,"rn:R02173",NA,NA,NA,"line",NA,NA,"#FFCC66","#FFFFFF",0,"01100"
"entry3993","821","egz:104122512 / egz:104122910 / egz:104123112","gene","http://www.kegg.jp/dbget-bin/www_bget?egz:104122512+egz:104122910+egz:104123112",NA,"rn:R01956",NA,NA,NA,"line",NA,NA,"#FFCC66","#FFFFFF",0,"01100"
"entry3994","823","egz:104129542","gene","http://www.kegg.jp/dbget-bin/www_bget?egz:104129542",NA,"rn:R03936",NA,NA,NA,"line",NA,NA,"#FFCC66","#FFFFFF",0,"01100"
"entry3995","826","egz:104126196","gene","http://www.kegg.jp/dbget-bin/www_bget?egz:104126196",NA,"rn:R00685",NA,NA,NA,"line",NA,NA,"#FFCC66","#FFFFFF",0,"01100"
"entry3996","844","egz:104130100","gene","http://www.kegg.jp/dbget-bin/www_bget?egz:104130100",NA,"rn:R01378",NA,NA,NA,"line",NA,NA,"#FFCC66","#FFFFFF",0,"01100"
"entry3997","857","egz:104126196","gene","http://www.kegg.jp/dbget-bin/www_bget?egz:104126196",NA,"rn:R00699",NA,NA,NA,"line",NA,NA,"#FFCC66","#FFFFFF",0,"01100"
"entry3998","858","egz:104132753 / egz:104132934 / egz:104134738 / egz:104134998 / egz:104135008","gene","http://www.kegg.jp/dbget-bin/www_bget?egz:104132753+egz:104132934+egz:104134738+egz:104134998+egz:104135008",NA,"rn:R02612",NA,NA,NA,"line",NA,NA,"#FFCC66","#FFFFFF",0,"01100"
"entry4000","870","egz:104132753 / egz:104132934 / egz:104134738 / egz:104134998 / egz:104135008","gene","http://www.kegg.jp/dbget-bin/www_bget?egz:104132753+egz:104132934+egz:104134738+egz:104134998+egz:104135008",NA,"rn:R02382",NA,NA,NA,"line",NA,NA,"#FFCC66","#FFFFFF",0,"01100"
"entry4001","871","egz:104122868 / egz:104127452 / egz:104127453","gene","http://www.kegg.jp/dbget-bin/www_bget?egz:104122868+egz:104127452+egz:104127453",NA,"rn:R02695 rn:R02697",NA,NA,NA,"line",NA,NA,"#FFCC66","#FFFFFF",0,"01100"
"entry4002","884","egz:104130100","gene","http://www.kegg.jp/dbget-bin/www_bget?egz:104130100",NA,"rn:R03342",NA,NA,NA,"line",NA,NA,"#FFCC66","#FFFFFF",0,"01100"
"entry4003","888","egz:104128655","gene","http://www.kegg.jp/dbget-bin/www_bget?egz:104128655",NA,"rn:R03286 rn:R03288",NA,NA,NA,"line",NA,NA,"#FF9900","#FFFFFF",0,"01100"
"entry4004","890","egz:104123838 / egz:104129539","gene","http://www.kegg.jp/dbget-bin/www_bget?egz:104123838+egz:104129539",NA,"rn:R02144",NA,NA,NA,"line",NA,NA,"#FFCC66","#FFFFFF",0,"01100"
"entry4005","894","egz:104129540","gene","http://www.kegg.jp/dbget-bin/www_bget?egz:104129540",NA,"rn:R02155",NA,NA,NA,"line",NA,NA,"#FFCC66","#FFFFFF",0,"01100"
"entry4006","895","egz:104132753 / egz:104132934","gene","http://www.kegg.jp/dbget-bin/www_bget?egz:104132753+egz:104132934",NA,"rn:R04674",NA,NA,NA,"line",NA,NA,"#FFCC66","#FFFFFF",0,"01100"
"entry4007","896","egz:104122868 / egz:104127452 / egz:104127453","gene","http://www.kegg.jp/dbget-bin/www_bget?egz:104122868+egz:104127452+egz:104127453",NA,"rn:R04996",NA,NA,NA,"line",NA,NA,"#FFCC66","#FFFFFF",0,"01100"
"entry4008","900","egz:104121895 / egz:104123781 / egz:104124248 / egz:104132054","gene","http://www.kegg.jp/dbget-bin/www_bget?egz:104121895+egz:104123781+egz:104124248+egz:104132054",NA,"rn:R04065",NA,NA,NA,"line",NA,NA,"#FFCC66","#FFFFFF",0,"01100"
"entry4009","902","egz:104121899","gene","http://www.kegg.jp/dbget-bin/www_bget?egz:104121899",NA,"rn:R00526",NA,NA,NA,"line",NA,NA,"#FFCC66","#FFFFFF",0,"01100"
"entry4010","906","egz:104134459","gene","http://www.kegg.jp/dbget-bin/www_bget?egz:104134459",NA,"rn:R00135",NA,NA,NA,"line",NA,NA,"#FFCC66","#FFFFFF",0,"01100"
"entry4011","908","egz:104123852","gene","http://www.kegg.jp/dbget-bin/www_bget?egz:104123852",NA,"rn:R05051",NA,NA,NA,"line",NA,NA,"#FFCC66","#FFFFFF",0,"01100"
"entry4012","910","egz:104130797","gene","http://www.kegg.jp/dbget-bin/www_bget?egz:104130797",NA,"rn:R01989 rn:R01990",NA,NA,NA,"line",NA,NA,"#FFCC66","#FFFFFF",0,"01100"
"entry4013","911","egz:104128655 / egz:104128656","gene","http://www.kegg.jp/dbget-bin/www_bget?egz:104128655+egz:104128656",NA,"rn:R01991 rn:R01992",NA,NA,NA,"line",NA,NA,"#FFCC66","#FFFFFF",0,"01100"
"entry4014","913","egz:104123874","gene","http://www.kegg.jp/dbget-bin/www_bget?egz:104123874",NA,"rn:R11428",NA,NA,NA,"line",NA,NA,"#FFCC66","#FFFFFF",0,"01100"
"entry4015","924","egz:104121908 / egz:104129871","gene","http://www.kegg.jp/dbget-bin/www_bget?egz:104121908+egz:104129871",NA,"rn:R00558 rn:R11033 rn:R11712",NA,NA,NA,"line",NA,NA,"#FFCC66","#FFFFFF",0,"01100"
"entry4016","925","egz:104121908 / egz:104129871","gene","http://www.kegg.jp/dbget-bin/www_bget?egz:104121908+egz:104129871",NA,"rn:R00111 rn:R11713",NA,NA,NA,"line",NA,NA,"#FFCC66","#FFFFFF",0,"01100"
"entry4017","926","egz:104133173","gene","http://www.kegg.jp/dbget-bin/www_bget?egz:104133173",NA,"rn:R00245",NA,NA,NA,"line",NA,NA,"#FFCC66","#FFFFFF",0,"01100"
"entry4018","953","egz:104134738 / egz:104134998 / egz:104135008","gene","http://www.kegg.jp/dbget-bin/www_bget?egz:104134738+egz:104134998+egz:104135008",NA,"rn:R06740 rn:R12214",NA,NA,NA,"line",NA,NA,"#FFCC66","#FFFFFF",0,"01100"
"entry4019","970","egz:104127646","gene","http://www.kegg.jp/dbget-bin/www_bget?egz:104127646",NA,"rn:R04187 rn:R04188",NA,NA,NA,"line",NA,NA,"#FFCC66","#FFFFFF",0,"01100"
"entry4020","971","egz:104127039","gene","http://www.kegg.jp/dbget-bin/www_bget?egz:104127039",NA,"rn:R03383",NA,NA,NA,"line",NA,NA,"#FFCC66","#FFFFFF",0,"01100"
"entry4021","972","egz:104125143 / egz:104130955 / egz:104131306","gene","http://www.kegg.jp/dbget-bin/www_bget?egz:104125143+egz:104130955+egz:104131306",NA,"rn:R04137",NA,NA,NA,"line",NA,NA,"#FFCC66","#FFFFFF",0,"01100"
"entry4022","977","egz:104132269","gene","http://www.kegg.jp/dbget-bin/www_bget?egz:104132269",NA,"rn:R00484 rn:R01397",NA,NA,NA,"line",NA,NA,"#FF8080","#FFFFFF",0,"01100"
"entry4023","983","egz:104126675","gene","http://www.kegg.jp/dbget-bin/www_bget?egz:104126675",NA,"rn:R00830",NA,NA,NA,"line",NA,NA,"#FFB3CC","#FFFFFF",0,"01100"
"entry4024","984","egz:104127646","gene","http://www.kegg.jp/dbget-bin/www_bget?egz:104127646",NA,"rn:R00907 rn:R00908",NA,NA,NA,"line",NA,NA,"#FF8080","#FFFFFF",0,"01100"
"entry4025","985","egz:104122427 / egz:104122958 / egz:104128048","gene","http://www.kegg.jp/dbget-bin/www_bget?egz:104122427+egz:104122958+egz:104128048",NA,"rn:R00489",NA,NA,NA,"line",NA,NA,"#FF8080","#FFFFFF",0,"01100"
"entry4026","988","egz:104129079 / egz:104130242","gene","http://www.kegg.jp/dbget-bin/www_bget?egz:104129079+egz:104130242",NA,"rn:R02433",NA,NA,NA,"line",NA,NA,"#FFCC66","#FFFFFF",0,"01100"
"entry4027","990","egz:104129913","gene","http://www.kegg.jp/dbget-bin/www_bget?egz:104129913",NA,"rn:R00590",NA,NA,NA,"line",NA,NA,"#FFCC66","#FFFFFF",0,"01100"
"entry4028","993","egz:104123212 / egz:104135133","gene","http://www.kegg.jp/dbget-bin/www_bget?egz:104123212+egz:104135133",NA,"rn:R03104",NA,NA,NA,"line",NA,NA,"#FFCC66","#FFFFFF",0,"01100"
"entry4029","1000","egz:104122512 / egz:104122910 / egz:104123861","gene","http://www.kegg.jp/dbget-bin/www_bget?egz:104122512+egz:104122910+egz:104123861",NA,"rn:R02408",NA,NA,NA,"line",NA,NA,"#FFCC66","#FFFFFF",0,"01100"
"entry4030","1002","egz:104127256","gene","http://www.kegg.jp/dbget-bin/www_bget?egz:104127256",NA,"rn:R01465",NA,NA,NA,"line",NA,NA,"#FFCC66","#FFFFFF",0,"01100"
"entry4031","1003","egz:104134222","gene","http://www.kegg.jp/dbget-bin/www_bget?egz:104134222",NA,"rn:R00371",NA,NA,NA,"line",NA,NA,"#FFCC66","#FFFFFF",0,"01100"
"entry4032","1004","egz:104132753 / egz:104132934 / egz:104134738 / egz:104134998 / egz:104135008","gene","http://www.kegg.jp/dbget-bin/www_bget?egz:104132753+egz:104132934+egz:104134738+egz:104134998+egz:104135008",NA,"rn:R02529",NA,NA,NA,"line",NA,NA,"#FFCC66","#FFFFFF",0,"01100"
"entry4033","1009","egz:104124995","gene","http://www.kegg.jp/dbget-bin/www_bget?egz:104124995",NA,"rn:R00497",NA,NA,NA,"line",NA,NA,"#FF9900","#FFFFFF",0,"01100"
"entry4034","1011","egz:104133715 / egz:104134459","gene","http://www.kegg.jp/dbget-bin/www_bget?egz:104133715+egz:104134459",NA,"rn:R00899",NA,NA,NA,"line",NA,NA,"#FF9900","#FFFFFF",0,"01100"
"entry4035","1019","egz:104126016","gene","http://www.kegg.jp/dbget-bin/www_bget?egz:104126016",NA,"rn:R00269",NA,NA,NA,"line",NA,NA,"#FFCC66","#FFFFFF",0,"01100"
"entry4036","1020","egz:104131559","gene","http://www.kegg.jp/dbget-bin/www_bget?egz:104131559",NA,"rn:R00359",NA,NA,NA,"line",NA,NA,"#FFCC66","#FFFFFF",0,"01100"
"entry4037","1022","egz:104126016","gene","http://www.kegg.jp/dbget-bin/www_bget?egz:104126016",NA,"rn:R00348",NA,NA,NA,"line",NA,NA,"#FFCC66","#FFFFFF",0,"01100"
"entry4038","1025","egz:104133427 / egz:104134529","gene","http://www.kegg.jp/dbget-bin/www_bget?egz:104133427+egz:104134529",NA,"rn:R05578",NA,NA,NA,"line",NA,NA,"#FFB3CC","#FFFFFF",0,"01100"
"entry4039","1028","egz:104133922 / egz:104135088","gene","http://www.kegg.jp/dbget-bin/www_bget?egz:104133922+egz:104135088",NA,"rn:R10991 rn:R10992",NA,NA,NA,"line",NA,NA,"#FFCC66","#FFFFFF",0,"01100"
"entry4040","1029","egz:104128309","gene","http://www.kegg.jp/dbget-bin/www_bget?egz:104128309",NA,"rn:R03165",NA,NA,NA,"line",NA,NA,"#FFB3CC","#FFFFFF",0,"01100"
"entry4041","1030","egz:104122539 / egz:104122551 / egz:104135543","gene","http://www.kegg.jp/dbget-bin/www_bget?egz:104122539+egz:104122551+egz:104135543",NA,"rn:R02389",NA,NA,NA,"line",NA,NA,"#FFB3CC","#FFFFFF",0,"01100"
"entry4042","1047","egz:104133822","gene","http://www.kegg.jp/dbget-bin/www_bget?egz:104133822",NA,"rn:R00969",NA,NA,NA,"line",NA,NA,"#FF8080","#FFFFFF",0,"01100"
"entry4043","1049","egz:104122179 / egz:104125884 / egz:104127145","gene","http://www.kegg.jp/dbget-bin/www_bget?egz:104122179+egz:104125884+egz:104127145",NA,"rn:R02018",NA,NA,NA,"line",NA,NA,"#FF8080","#FFFFFF",0,"01100"
"entry4044","1054","egz:104135563","gene","http://www.kegg.jp/dbget-bin/www_bget?egz:104135563",NA,"rn:R01055",NA,NA,NA,"line",NA,NA,"#FF8080","#FFFFFF",0,"01100"
"entry4045","1055","egz:104135563","gene","http://www.kegg.jp/dbget-bin/www_bget?egz:104135563",NA,"rn:R03315",NA,NA,NA,"line",NA,NA,"#FF8080","#FFFFFF",0,"01100"
"entry4046","1060","egz:104131213 / egz:104131215","gene","http://www.kegg.jp/dbget-bin/www_bget?egz:104131213+egz:104131215",NA,"rn:R00515",NA,NA,NA,"line",NA,NA,"#FF8080","#FFFFFF",0,"01100"
"entry4047","1062","egz:104131213 / egz:104131215","gene","http://www.kegg.jp/dbget-bin/www_bget?egz:104131213+egz:104131215",NA,"rn:R11323",NA,NA,NA,"line",NA,NA,"#FF8080","#FFFFFF",0,"01100"
"entry4048","1063","egz:104126202 / egz:104130294","gene","http://www.kegg.jp/dbget-bin/www_bget?egz:104126202+egz:104130294",NA,"rn:R02484",NA,NA,NA,"line",NA,NA,"#FF8080","#FFFFFF",0,"01100"
"entry4049","1064","egz:104123084 / egz:104123096 / egz:104124912 / egz:104125173 / egz:104125327 / egz:104125599 / egz:104128441 / egz:104131386 / egz:104134976 / egz:104135175","gene","http://www.kegg.jp/dbget-bin/www_bget?egz:104123084+egz:104123096+egz:104124912+egz:104125173+egz:104125327+egz:104125599+egz:104128441+egz:104131386+egz:104134976+egz:104135175",NA,"rn:R01664 rn:R01666",NA,NA,NA,"line",NA,NA,"#FF8080","#FFFFFF",0,"01100"
"entry4050","1065","egz:104123084 / egz:104123096 / egz:104123637 / egz:104124912 / egz:104125327 / egz:104125599 / egz:104130988 / egz:104131386 / egz:104134976 / egz:104135175","gene","http://www.kegg.jp/dbget-bin/www_bget?egz:104123084+egz:104123096+egz:104123637+egz:104124912+egz:104125327+egz:104125599+egz:104130988+egz:104131386+egz:104134976+egz:104135175",NA,"rn:R02102 rn:R02099",NA,NA,NA,"line",NA,NA,"#FF8080","#FFFFFF",0,"01100"
"entry4051","1066","egz:104133159","gene","http://www.kegg.jp/dbget-bin/www_bget?egz:104133159",NA,"rn:R02485",NA,NA,NA,"line",NA,NA,"#FF8080","#FFFFFF",0,"01100"
"entry4052","1067","egz:104125893","gene","http://www.kegg.jp/dbget-bin/www_bget?egz:104125893",NA,"rn:R02269",NA,NA,NA,"line",NA,NA,"#FF8080","#FFFFFF",0,"01100"
"entry4053","1068","egz:104130092","gene","http://www.kegg.jp/dbget-bin/www_bget?egz:104130092",NA,"rn:R00905",NA,NA,NA,"line",NA,NA,"#FF8080","#FFFFFF",0,"01100"
"entry4054","1069","egz:104128103","gene","http://www.kegg.jp/dbget-bin/www_bget?egz:104128103",NA,"rn:R01870",NA,NA,NA,"line",NA,NA,"#FF8080","#FFFFFF",0,"01100"
"entry4055","1071","egz:104123993 / egz:104123994 / egz:104124023 / egz:104127496 / egz:104129173 / egz:104131329","gene","http://www.kegg.jp/dbget-bin/www_bget?egz:104123993+egz:104123994+egz:104124023+egz:104127496+egz:104129173+egz:104131329",NA,"rn:R02092 rn:R02094",NA,NA,NA,"line",NA,NA,"#FF8080","#FFFFFF",0,"01100"
"entry4056","1077","egz:104133822","gene","http://www.kegg.jp/dbget-bin/www_bget?egz:104133822",NA,"rn:R00184",NA,NA,NA,"line",NA,NA,"#FF8080","#FFFFFF",0,"01100"
"entry4057","1079","egz:104127017 / egz:104134788","gene","http://www.kegg.jp/dbget-bin/www_bget?egz:104127017+egz:104134788",NA,"rn:R00187",NA,NA,NA,"line",NA,NA,"#FF8080","#FFFFFF",0,"01100"
"entry4058","1080","egz:104122037 / egz:104122149 / egz:104123080 / egz:104123195 / egz:104123924 / egz:104124869 / egz:104128373 / egz:104130934 / egz:104131199 / egz:104132448 / egz:104132690 / egz:104132695 / egz:104132715 / egz:104135086 / egz:104135646","gene","http://www.kegg.jp/dbget-bin/www_bget?egz:104122037+egz:104122149+egz:104123080+egz:104123195+egz:104123924+egz:104124869+egz:104128373+egz:104130934+egz:104131199+egz:104132448+egz:104132690+egz:104132695+egz:104132715+egz:104135086+egz:104135646",NA,"rn:R00191",NA,NA,NA,"line",NA,NA,"#FF8080","#FFFFFF",0,"01100"
"entry4059","1081","egz:104121973 / egz:104125176 / egz:104125965 / egz:104126191 / egz:104128107 / egz:104132021 / egz:104134444","gene","http://www.kegg.jp/dbget-bin/www_bget?egz:104121973+egz:104125176+egz:104125965+egz:104126191+egz:104128107+egz:104132021+egz:104134444",NA,"rn:R00089",NA,NA,NA,"line",NA,NA,"#FF8080","#FFFFFF",0,"01100"
"entry4060","1083","egz:104131213 / egz:104131215","gene","http://www.kegg.jp/dbget-bin/www_bget?egz:104131213+egz:104131215",NA,"rn:R00087",NA,NA,NA,"line",NA,NA,"#FF8080","#FFFFFF",0,"01100"
"entry4061","1084","egz:104133822","gene","http://www.kegg.jp/dbget-bin/www_bget?egz:104133822",NA,"rn:R02805",NA,NA,NA,"line",NA,NA,"#FF8080","#FFFFFF",0,"01100"
"entry4062","1085","egz:104132108","gene","http://www.kegg.jp/dbget-bin/www_bget?egz:104132108",NA,"rn:R02720",NA,NA,NA,"line",NA,NA,"#FF8080","#FFFFFF",0,"01100"
"entry4063","1086","egz:104123993 / egz:104123994 / egz:104124023 / egz:104125423 / egz:104125424 / egz:104126042 / egz:104127258 / egz:104127398 / egz:104127496 / egz:104129173 / egz:104130455 / egz:104131571","gene","http://www.kegg.jp/dbget-bin/www_bget?egz:104123993+egz:104123994+egz:104124023+egz:104125423+egz:104125424+egz:104126042+egz:104127258+egz:104127398+egz:104127496+egz:104129173+egz:104130455+egz:104131571",NA,"rn:R00719 rn:R00722",NA,NA,NA,"line",NA,NA,"#FF8080","#FFFFFF",0,"01100"
"entry4064","1088","egz:104123518 / egz:104123993 / egz:104123994 / egz:104124023 / egz:104127496 / egz:104128771 / egz:104129173 / egz:104133292 / egz:104133521","gene","http://www.kegg.jp/dbget-bin/www_bget?egz:104123518+egz:104123993+egz:104123994+egz:104124023+egz:104127496+egz:104128771+egz:104129173+egz:104133292+egz:104133521",NA,"rn:R00961",NA,NA,NA,"line",NA,NA,"#FF8080","#FFFFFF",0,"01100"
"entry4065","1089","egz:104132108","gene","http://www.kegg.jp/dbget-bin/www_bget?egz:104132108",NA,"rn:R00720",NA,NA,NA,"line",NA,NA,"#FF8080","#FFFFFF",0,"01100"
"entry4066","1090","egz:104125459","gene","http://www.kegg.jp/dbget-bin/www_bget?egz:104125459",NA,"rn:R01134",NA,NA,NA,"line",NA,NA,"#FF8080","#FFFFFF",0,"01100"
"entry4067","1091","egz:104133822","gene","http://www.kegg.jp/dbget-bin/www_bget?egz:104133822",NA,"rn:R01232",NA,NA,NA,"line",NA,NA,"#FF8080","#FFFFFF",0,"01100"
"entry4068","1092","egz:104128705","gene","http://www.kegg.jp/dbget-bin/www_bget?egz:104128705",NA,"rn:R09394",NA,NA,NA,"line",NA,NA,"#FF8080","#FFFFFF",0,"01100"
"entry4069","1094","egz:104121940 / egz:104122149 / egz:104122273 / egz:104123080 / egz:104123195 / egz:104124483 / egz:104128262 / egz:104129163 / egz:104132307 / egz:104132448 / egz:104132690 / egz:104132695 / egz:104132715 / egz:104135086","gene","http://www.kegg.jp/dbget-bin/www_bget?egz:104121940+egz:104122149+egz:104122273+egz:104123080+egz:104123195+egz:104124483+egz:104128262+egz:104129163+egz:104132307+egz:104132448+egz:104132690+egz:104132695+egz:104132715+egz:104135086",NA,"rn:R01234",NA,NA,NA,"line",NA,NA,"#FF8080","#FFFFFF",0,"01100"
"entry4070","1095","egz:104121973 / egz:104122981 / egz:104124167 / egz:104124168 / egz:104124743 / egz:104125176 / egz:104125965 / egz:104126191 / egz:104128107 / egz:104128541 / egz:104130062 / egz:104132021 / egz:104133897 / egz:104134274 / egz:104134444 / egz:104135463","gene","http://www.kegg.jp/dbget-bin/www_bget?egz:104121973+egz:104122981+egz:104124167+egz:104124168+egz:104124743+egz:104125176+egz:104125965+egz:104126191+egz:104128107+egz:104128541+egz:104130062+egz:104132021+egz:104133897+egz:104134274+egz:104134444+egz:104135463",NA,"rn:R00434",NA,NA,NA,"line",NA,NA,"#FF8080","#FFFFFF",0,"01100"
"entry4071","1097","egz:104132108","gene","http://www.kegg.jp/dbget-bin/www_bget?egz:104132108",NA,"rn:R01855",NA,NA,NA,"line",NA,NA,"#FF8080","#FFFFFF",0,"01100"
"entry4072","1106","egz:104122902","gene","http://www.kegg.jp/dbget-bin/www_bget?egz:104122902",NA,"rn:R02106 rn:R09514",NA,NA,NA,"line",NA,NA,"#FF8080","#FFFFFF",0,"01100"
"entry4073","1107","egz:104134615","gene","http://www.kegg.jp/dbget-bin/www_bget?egz:104134615",NA,"rn:R02103 rn:R02107",NA,NA,NA,"line",NA,NA,"#FF8080","#FFFFFF",0,"01100"
"entry4074","1115","egz:104124958","gene","http://www.kegg.jp/dbget-bin/www_bget?egz:104124958",NA,"rn:R02556",NA,NA,NA,"line",NA,NA,"#FF8080","#FFFFFF",0,"01100"
"entry4075","1116","egz:104125423 / egz:104125424 / egz:104126042 / egz:104127258 / egz:104127398 / egz:104130455 / egz:104130824 / egz:104131571","gene","http://www.kegg.jp/dbget-bin/www_bget?egz:104125423+egz:104125424+egz:104126042+egz:104127258+egz:104127398+egz:104130455+egz:104130824+egz:104131571",NA,"rn:R01857 rn:R01858",NA,NA,NA,"line",NA,NA,"#FF8080","#FFFFFF",0,"01100"
"entry4076","1117","egz:104123993 / egz:104123994 / egz:104124023 / egz:104125423 / egz:104125424 / egz:104126042 / egz:104127258 / egz:104127398 / egz:104127496 / egz:104129173 / egz:104130455 / egz:104130824 / egz:104131571","gene","http://www.kegg.jp/dbget-bin/www_bget?egz:104123993+egz:104123994+egz:104124023+egz:104125423+egz:104125424+egz:104126042+egz:104127258+egz:104127398+egz:104127496+egz:104129173+egz:104130455+egz:104130824+egz:104131571",NA,"rn:R00330 rn:R00335 rn:R00430",NA,NA,NA,"line",NA,NA,"#FF8080","#FFFFFF",0,"01100"
"entry4077","1118","egz:104123518 / egz:104123993 / egz:104123994 / egz:104124023 / egz:104127434 / egz:104127496 / egz:104128771 / egz:104129173 / egz:104133292 / egz:104133521","gene","http://www.kegg.jp/dbget-bin/www_bget?egz:104123518+egz:104123993+egz:104123994+egz:104124023+egz:104127434+egz:104127496+egz:104128771+egz:104129173+egz:104133292+egz:104133521",NA,"rn:R00332 rn:R00328",NA,NA,NA,"line",NA,NA,"#FF8080","#FFFFFF",0,"01100"
"entry4078","1119","egz:104130294","gene","http://www.kegg.jp/dbget-bin/www_bget?egz:104130294",NA,"rn:R01969",NA,NA,NA,"line",NA,NA,"#FF8080","#FFFFFF",0,"01100"
"entry4079","1120","egz:104123843","gene","http://www.kegg.jp/dbget-bin/www_bget?egz:104123843",NA,"rn:R01676",NA,NA,NA,"line",NA,NA,"#FF8080","#FFFFFF",0,"01100"
"entry4080","1121","egz:104122254","gene","http://www.kegg.jp/dbget-bin/www_bget?egz:104122254",NA,"rn:R01230 rn:R01231",NA,NA,NA,"line",NA,NA,"#FF8080","#FFFFFF",0,"01100"
"entry4081","1122","egz:104127046 / egz:104129828 / egz:104133735","gene","http://www.kegg.jp/dbget-bin/www_bget?egz:104127046+egz:104129828+egz:104133735",NA,"rn:R01229",NA,NA,NA,"line",NA,NA,"#FF8080","#FFFFFF",0,"01100"
"entry4082","1123","egz:104134759","gene","http://www.kegg.jp/dbget-bin/www_bget?egz:104134759",NA,"rn:R01130",NA,NA,NA,"line",NA,NA,"#FF8080","#FFFFFF",0,"01100"
"entry4083","1124","egz:104134615","gene","http://www.kegg.jp/dbget-bin/www_bget?egz:104134615",NA,"rn:R01768 rn:R01769",NA,NA,NA,"line",NA,NA,"#FF8080","#FFFFFF",0,"01100"
"entry4084","1125","egz:104124253","gene","http://www.kegg.jp/dbget-bin/www_bget?egz:104124253",NA,"rn:R01127",NA,NA,NA,"line",NA,NA,"#FF8080","#FFFFFF",0,"01100"
"entry4085","1127","egz:104123993 / egz:104123994 / egz:104124018 / egz:104124023 / egz:104125423 / egz:104125424 / egz:104126042 / egz:104127258 / egz:104127398 / egz:104127496 / egz:104129173 / egz:104130455 / egz:104130824 / egz:104131051 / egz:104131571","gene","http://www.kegg.jp/dbget-bin/www_bget?egz:104123993+egz:104123994+egz:104124018+egz:104124023+egz:104125423+egz:104125424+egz:104126042+egz:104127258+egz:104127398+egz:104127496+egz:104129173+egz:104130455+egz:104130824+egz:104131051+egz:104131571",NA,"rn:R00086 rn:R00124 rn:R00200",NA,NA,NA,"line",NA,NA,"#FF8080","#FFFFFF",0,"01100"
"entry4086","1128","egz:104125423 / egz:104125424 / egz:104126042 / egz:104127258 / egz:104127398 / egz:104130455 / egz:104130824 / egz:104131571","gene","http://www.kegg.jp/dbget-bin/www_bget?egz:104125423+egz:104125424+egz:104126042+egz:104127258+egz:104127398+egz:104130455+egz:104130824+egz:104131571",NA,"rn:R01137 rn:R01138",NA,NA,NA,"line",NA,NA,"#FF8080","#FFFFFF",0,"01100"
"entry4087","1129","egz:104123084 / egz:104123096 / egz:104124912 / egz:104125327 / egz:104125599 / egz:104131386 / egz:104134976 / egz:104135175","gene","http://www.kegg.jp/dbget-bin/www_bget?egz:104123084+egz:104123096+egz:104124912+egz:104125327+egz:104125599+egz:104131386+egz:104134976+egz:104135175",NA,"rn:R02088 rn:R02089",NA,NA,NA,"line",NA,NA,"#FF8080","#FFFFFF",0,"01100"
"entry4088","1130","egz:104124958 / egz:104134382","gene","http://www.kegg.jp/dbget-bin/www_bget?egz:104124958+egz:104134382",NA,"rn:R01560",NA,NA,NA,"line",NA,NA,"#FF8080","#FFFFFF",0,"01100"
"entry4089","1131","egz:104127046","gene","http://www.kegg.jp/dbget-bin/www_bget?egz:104127046",NA,"rn:R04378",NA,NA,NA,"line",NA,NA,"#FF8080","#FFFFFF",0,"01100"
"entry4090","1132","egz:104134332","gene","http://www.kegg.jp/dbget-bin/www_bget?egz:104134332",NA,"rn:R04559",NA,NA,NA,"line",NA,NA,"#FF8080","#FFFFFF",0,"01100"
"entry4091","1133","egz:104129452","gene","http://www.kegg.jp/dbget-bin/www_bget?egz:104129452",NA,"rn:R04591",NA,NA,NA,"line",NA,NA,"#FF8080","#FFFFFF",0,"01100"
"entry4092","1134","egz:104129452","gene","http://www.kegg.jp/dbget-bin/www_bget?egz:104129452",NA,"rn:R04209",NA,NA,NA,"line",NA,NA,"#FF8080","#FFFFFF",0,"01100"
"entry4093","1138","egz:104126350 / egz:104128547 / egz:104135774","gene","http://www.kegg.jp/dbget-bin/www_bget?egz:104126350+egz:104128547+egz:104135774",NA,"rn:R01054",NA,NA,NA,"line",NA,NA,"#FF8080","#FFFFFF",0,"01100"
"entry4094","1144","egz:104130562 / egz:104130563 / egz:104130567 / egz:104130568 / egz:104133964","gene","http://www.kegg.jp/dbget-bin/www_bget?egz:104130562+egz:104130563+egz:104130567+egz:104130568+egz:104133964",NA,"rn:R01851",NA,NA,NA,"line",NA,NA,"#CC99FF","#FFFFFF",0,"01100"
"entry4095","1154","egz:104134296 / egz:104134297","gene","http://www.kegg.jp/dbget-bin/www_bget?egz:104134296+egz:104134297",NA,"rn:R01931",NA,NA,NA,"line",NA,NA,"#CC99FF","#FFFFFF",0,"01100"
"entry4096","1158","egz:104121831 / egz:104122759 / egz:104123327 / egz:104123328 / egz:104123331 / egz:104123573 / egz:104123574 / egz:104123639 / egz:104125027 / egz:104127519 / egz:104130861 / egz:104133125 / egz:104133903","gene","http://www.kegg.jp/dbget-bin/www_bget?egz:104121831+egz:104122759+egz:104123327+egz:104123328+egz:104123331+egz:104123573+egz:104123574+egz:104123639+egz:104125027+egz:104127519+egz:104130861+egz:104133125+egz:104133903",NA,"rn:R10092",NA,NA,NA,"line",NA,NA,"#CC99FF","#FFFFFF",0,"01100"
"entry4097","1167","egz:104121855","gene","http://www.kegg.jp/dbget-bin/www_bget?egz:104121855",NA,"rn:R01844",NA,NA,NA,"line",NA,NA,"#CC99FF","#FFFFFF",0,"01100"
"entry4098","1185","egz:104129206 / egz:104131800","gene","http://www.kegg.jp/dbget-bin/www_bget?egz:104129206+egz:104131800",NA,"rn:R07136 rn:R07137",NA,NA,NA,"line",NA,NA,"#CC99FF","#FFFFFF",0,"01100"
"entry4099","1209","egz:104122606","gene","http://www.kegg.jp/dbget-bin/www_bget?egz:104122606",NA,"rn:R06983",NA,NA,NA,"line",NA,NA,"#CC99FF","#FFFFFF",0,"01100"
"entry4100","1210","egz:104131598","gene","http://www.kegg.jp/dbget-bin/www_bget?egz:104131598",NA,"rn:R00527",NA,NA,NA,"line",NA,NA,"#CC99FF","#FFFFFF",0,"01100"
"entry4101","1212","egz:104135756","gene","http://www.kegg.jp/dbget-bin/www_bget?egz:104135756",NA,"rn:R09099",NA,NA,NA,"line",NA,NA,"#CC99FF","#FFFFFF",0,"01100"
"entry4102","1219","egz:104135079","gene","http://www.kegg.jp/dbget-bin/www_bget?egz:104135079",NA,"rn:R01066",NA,NA,NA,"line",NA,NA,"#6C63F6","#FFFFFF",0,"01100"
"entry4103","1220","egz:104128482","gene","http://www.kegg.jp/dbget-bin/www_bget?egz:104128482",NA,"rn:R02749",NA,NA,NA,"line",NA,NA,"#6C63F6","#FFFFFF",0,"01100"
"entry4104","1221","egz:104135637","gene","http://www.kegg.jp/dbget-bin/www_bget?egz:104135637",NA,"rn:R01051",NA,NA,NA,"line",NA,NA,"#6C63F6","#FFFFFF",0,"01100"
"entry4105","1222","egz:104123932 / egz:104128482","gene","http://www.kegg.jp/dbget-bin/www_bget?egz:104123932+egz:104128482",NA,"rn:R01057",NA,NA,NA,"line",NA,NA,"#6C63F6","#FFFFFF",0,"01100"
"entry4106","1230","egz:104127050 / egz:104127973","gene","http://www.kegg.jp/dbget-bin/www_bget?egz:104127050+egz:104127973",NA,"rn:R02243",NA,NA,NA,"line",NA,NA,"#B3B3E6","#FFFFFF",0,"01100"
"entry4107","1252","egz:104135009","gene","http://www.kegg.jp/dbget-bin/www_bget?egz:104135009",NA,"rn:R03534",NA,NA,NA,"line",NA,NA,"#B3B3E6","#FFFFFF",0,"01100"
"entry4108","1259","egz:104130161 / egz:104133933","gene","http://www.kegg.jp/dbget-bin/www_bget?egz:104130161+egz:104133933",NA,"rn:R00410 rn:R01357 rn:R01358 rn:R01359",NA,NA,NA,"line",NA,NA,"#B3B3E6","#FFFFFF",0,"01100"
"entry4109","1267","egz:104132743","gene","http://www.kegg.jp/dbget-bin/www_bget?egz:104132743",NA,"rn:R10997",NA,NA,NA,"line",NA,NA,"#B3B3E6","#FFFFFF",0,"01100"
"entry4110","1268","egz:104132743","gene","http://www.kegg.jp/dbget-bin/www_bget?egz:104132743",NA,"rn:R10996",NA,NA,NA,"line",NA,NA,"#B3B3E6","#FFFFFF",0,"01100"
"entry4111","1278","egz:104132255","gene","http://www.kegg.jp/dbget-bin/www_bget?egz:104132255",NA,"rn:R00470",NA,NA,NA,"line",NA,NA,"#B3B3E6","#FFFFFF",0,"01100"
"entry4112","1287","egz:104130759","gene","http://www.kegg.jp/dbget-bin/www_bget?egz:104130759",NA,"rn:R09979",NA,NA,NA,"line",NA,NA,"#B3B3E6","#FFFFFF",0,"01100"
"entry4113","1301","egz:104124981 / egz:104128803 / egz:104133237","gene","http://www.kegg.jp/dbget-bin/www_bget?egz:104124981+egz:104128803+egz:104133237",NA,"rn:R00316",NA,NA,NA,"line",NA,NA,"#B3B3E6","#FFFFFF",0,"01100"
"entry4114","1304","egz:104130283","gene","http://www.kegg.jp/dbget-bin/www_bget?egz:104130283",NA,"rn:R00197 rn:R00198 rn:R00704 rn:R11591 rn:R11593",NA,NA,NA,"line",NA,NA,"#B3B3E6","#FFFFFF",0,"01100"
"entry4115","1306","egz:104129511","gene","http://www.kegg.jp/dbget-bin/www_bget?egz:104129511",NA,"rn:R02527",NA,NA,NA,"line",NA,NA,"#B3B3E6","#FFFFFF",0,"01100"
"entry4116","1307","egz:104135329","gene","http://www.kegg.jp/dbget-bin/www_bget?egz:104135329",NA,"rn:R02530",NA,NA,NA,"line",NA,NA,"#B3B3E6","#FFFFFF",0,"01100"
"entry4117","1309","egz:104127718","gene","http://www.kegg.jp/dbget-bin/www_bget?egz:104127718",NA,"rn:R01736",NA,NA,NA,"line",NA,NA,"#B3B3E6","#FFFFFF",0,"01100"
"entry4119","1319","egz:104124981 / egz:104128803 / egz:104133237","gene","http://www.kegg.jp/dbget-bin/www_bget?egz:104124981+egz:104128803+egz:104133237",NA,"rn:R00236",NA,NA,NA,"line",NA,NA,"#B3B3E6","#FFFFFF",0,"01100"
"entry4120","1320","egz:104128353","gene","http://www.kegg.jp/dbget-bin/www_bget?egz:104128353",NA,"rn:R00227 rn:R00928 rn:R10343",NA,NA,NA,"line",NA,NA,"#B3B3E6","#FFFFFF",0,"01100"
"entry4121","1321","egz:104124081","gene","http://www.kegg.jp/dbget-bin/www_bget?egz:104124081",NA,"rn:R03330",NA,NA,NA,"line",NA,NA,"#B3B3E6","#FFFFFF",0,"01100"
"entry4122","1383","egz:104126550","gene","http://www.kegg.jp/dbget-bin/www_bget?egz:104126550",NA,"rn:R00949 rn:R01660",NA,NA,NA,"line",NA,NA,"#B3B3E6","#FFFFFF",0,"01100"
"entry4123","1400","egz:104122539 / egz:104122551 / egz:104135543","gene","http://www.kegg.jp/dbget-bin/www_bget?egz:104122539+egz:104122551+egz:104135543",NA,"rn:R08615",NA,NA,NA,"line",NA,NA,"#B3B3E6","#FFFFFF",0,"01100"
"entry4124","1415","egz:104135421","gene","http://www.kegg.jp/dbget-bin/www_bget?egz:104135421",NA,"rn:R01101",NA,NA,NA,"line",NA,NA,"#B3B3E6","#FFFFFF",0,"01100"
"entry4125","1416","egz:104135421","gene","http://www.kegg.jp/dbget-bin/www_bget?egz:104135421",NA,"rn:R01103",NA,NA,NA,"line",NA,NA,"#B3B3E6","#FFFFFF",0,"01100"
"entry4126","1418","egz:104135421","gene","http://www.kegg.jp/dbget-bin/www_bget?egz:104135421",NA,"rn:R03418 rn:R03634",NA,NA,NA,"line",NA,NA,"#B3B3E6","#FFFFFF",0,"01100"
"entry4127","1420","egz:104135421","gene","http://www.kegg.jp/dbget-bin/www_bget?egz:104135421",NA,"rn:R05549",NA,NA,NA,"line",NA,NA,"#B3B3E6","#FFFFFF",0,"01100"
"entry4128","1429","egz:104122380 / egz:104132153","gene","http://www.kegg.jp/dbget-bin/www_bget?egz:104122380+egz:104132153",NA,"rn:R01009",NA,NA,NA,"line",NA,NA,"#99CCFF","#FFFFFF",0,"01100"
"entry4129","1441","egz:104124183 / egz:104134392 / egz:104134833","gene","http://www.kegg.jp/dbget-bin/www_bget?egz:104124183+egz:104134392+egz:104134833",NA,"rn:R02731 rn:R02732",NA,NA,NA,"line",NA,NA,"#B3B3E6","#FFFFFF",0,"01100"
"entry4130","1446","egz:104131108","gene","http://www.kegg.jp/dbget-bin/www_bget?egz:104131108",NA,"rn:R01624",NA,NA,NA,"line",NA,NA,"#80CCCC","#FFFFFF",0,"01100"
"entry4131","1448","egz:104130919 / egz:104130983 / egz:104134191","gene","http://www.kegg.jp/dbget-bin/www_bget?egz:104130919+egz:104130983+egz:104134191",NA,"rn:R03991",NA,NA,NA,"line",NA,NA,"#80CCCC","#FFFFFF",0,"01100"
"entry4132","1450","egz:104123683 / egz:104125826","gene","http://www.kegg.jp/dbget-bin/www_bget?egz:104123683+egz:104125826",NA,"rn:R00742",NA,NA,NA,"line",NA,NA,"#80CCCC","#FFFFFF",0,"01100"
"entry4133","1465","egz:104134143","gene","http://www.kegg.jp/dbget-bin/www_bget?egz:104134143",NA,"rn:R03688",NA,NA,NA,"line",NA,NA,"#B3B3E6","#FFFFFF",0,"01100"
"entry4134","1489","egz:104125158 / egz:104126495 / egz:104129214","gene","http://www.kegg.jp/dbget-bin/www_bget?egz:104125158+egz:104126495+egz:104129214",NA,NA,NA,NA,NA,"line",NA,NA,"#99CCFF","#FFFFFF",0,"01100"
"entry4135","1490","egz:104131722 / egz:104135407","gene","http://www.kegg.jp/dbget-bin/www_bget?egz:104131722+egz:104135407",NA,NA,NA,NA,NA,"line",NA,NA,"#99CCFF","#FFFFFF",0,"01100"
"entry4136","1491","egz:104125158 / egz:104126495 / egz:104129214","gene","http://www.kegg.jp/dbget-bin/www_bget?egz:104125158+egz:104126495+egz:104129214",NA,NA,NA,NA,NA,"line",NA,NA,"#99CCFF","#FFFFFF",0,"01100"
"entry4137","1492","egz:104124394 / egz:104131722 / egz:104135407","gene","http://www.kegg.jp/dbget-bin/www_bget?egz:104124394+egz:104131722+egz:104135407",NA,"rn:R06095",NA,NA,NA,"line",NA,NA,"#99CCFF","#FFFFFF",0,"01100"
"entry4138","1493","egz:104124394 / egz:104131722 / egz:104135407","gene","http://www.kegg.jp/dbget-bin/www_bget?egz:104124394+egz:104131722+egz:104135407",NA,"rn:R06025",NA,NA,NA,"line",NA,NA,"#99CCFF","#FFFFFF",0,"01100"
"entry4139","1494","egz:104122740 / egz:104124478 / egz:104129481","gene","http://www.kegg.jp/dbget-bin/www_bget?egz:104122740+egz:104124478+egz:104129481",NA,"rn:R05975",NA,NA,NA,"line",NA,NA,"#99CCFF","#FFFFFF",0,"01100"
"entry4140","1495","egz:104127709 / egz:104133970","gene","http://www.kegg.jp/dbget-bin/www_bget?egz:104127709+egz:104133970",NA,"rn:R06189",NA,NA,NA,"line",NA,NA,"#99CCFF","#FFFFFF",0,"01100"
"entry4141","1496","egz:104129662","gene","http://www.kegg.jp/dbget-bin/www_bget?egz:104129662",NA,"rn:R06128",NA,NA,NA,"line",NA,NA,"#99CCFF","#FFFFFF",0,"01100"
"entry4142","1497","egz:104135702","gene","http://www.kegg.jp/dbget-bin/www_bget?egz:104135702",NA,"rn:R05970",NA,NA,NA,"line",NA,NA,"#99CCFF","#FFFFFF",0,"01100"
"entry4143","1498","egz:104127217","gene","http://www.kegg.jp/dbget-bin/www_bget?egz:104127217",NA,"rn:R05972",NA,NA,NA,"line",NA,NA,"#99CCFF","#FFFFFF",0,"01100"
"entry4144","1500","egz:104130440","gene","http://www.kegg.jp/dbget-bin/www_bget?egz:104130440",NA,"rn:R05973",NA,NA,NA,"line",NA,NA,"#99CCFF","#FFFFFF",0,"01100"
"entry4145","1501","egz:104129662","gene","http://www.kegg.jp/dbget-bin/www_bget?egz:104129662",NA,"rn:R06127",NA,NA,NA,"line",NA,NA,"#99CCFF","#FFFFFF",0,"01100"
"entry4146","1502","egz:104131316","gene","http://www.kegg.jp/dbget-bin/www_bget?egz:104131316",NA,"rn:R01005 rn:R01006",NA,NA,NA,"line",NA,NA,"#99CCFF","#FFFFFF",0,"01100"
"entry4147","1504","egz:104123593 / egz:104125235 / egz:104131259","gene","http://www.kegg.jp/dbget-bin/www_bget?egz:104123593+egz:104125235+egz:104131259",NA,"rn:R05987",NA,NA,NA,"line",NA,NA,"#99CCFF","#FFFFFF",0,"01100"
"entry4148","1505","egz:104125302 / egz:104129527","gene","http://www.kegg.jp/dbget-bin/www_bget?egz:104125302+egz:104129527",NA,"rn:R05991",NA,NA,NA,"line",NA,NA,"#99CCFF","#FFFFFF",0,"01100"
"entry4149","1506","egz:104124465","gene","http://www.kegg.jp/dbget-bin/www_bget?egz:104124465",NA,"rn:R05983",NA,NA,NA,"line",NA,NA,"#99CCFF","#FFFFFF",0,"01100"
"entry4150","1507","egz:104135015","gene","http://www.kegg.jp/dbget-bin/www_bget?egz:104135015",NA,"rn:R05985",NA,NA,NA,"line",NA,NA,"#99CCFF","#FFFFFF",0,"01100"
"entry4151","1508","egz:104134240","gene","http://www.kegg.jp/dbget-bin/www_bget?egz:104134240",NA,"rn:R05986",NA,NA,NA,"line",NA,NA,"#99CCFF","#FFFFFF",0,"01100"
"entry4152","1513","egz:104124585","gene","http://www.kegg.jp/dbget-bin/www_bget?egz:104124585",NA,"rn:R07204",NA,NA,NA,"line",NA,NA,"#80CCCC","#FFFFFF",0,"01100"
"entry4153","1516","egz:104123662","gene","http://www.kegg.jp/dbget-bin/www_bget?egz:104123662",NA,"rn:R00771",NA,NA,NA,"line",NA,NA,"#B3B3E6","#FFFFFF",0,"01100"
"entry4154","1517","egz:104124621 / egz:104124622 / egz:104128868 / egz:104130346","gene","http://www.kegg.jp/dbget-bin/www_bget?egz:104124621+egz:104124622+egz:104128868+egz:104130346",NA,"rn:R00760",NA,NA,NA,"line",NA,NA,"#B3B3E6","#FFFFFF",0,"01100"
"entry4155","1529","egz:104124213 / egz:104124799 / egz:104125516 / egz:104126226 / egz:104128372 / egz:104132758 / egz:104135536","gene","http://www.kegg.jp/dbget-bin/www_bget?egz:104124213+egz:104124799+egz:104125516+egz:104126226+egz:104128372+egz:104132758+egz:104135536",NA,"rn:R10825",NA,NA,NA,"line",NA,NA,"#80CCCC","#FFFFFF",0,"01100"
"entry4156","1530","egz:104134096","gene","http://www.kegg.jp/dbget-bin/www_bget?egz:104134096",NA,"rn:R10826",NA,NA,NA,"line",NA,NA,"#80CCCC","#FFFFFF",0,"01100"
"entry4157","1531","egz:104128106 / egz:104128150 / egz:104133674 / egz:104135606","gene","http://www.kegg.jp/dbget-bin/www_bget?egz:104128106+egz:104128150+egz:104133674+egz:104135606",NA,"rn:R10827",NA,NA,NA,"line",NA,NA,"#80CCCC","#FFFFFF",0,"01100"
"entry4158","1532","egz:104134018","gene","http://www.kegg.jp/dbget-bin/www_bget?egz:104134018",NA,"rn:R10828",NA,NA,NA,"line",NA,NA,"#80CCCC","#FFFFFF",0,"01100"
"entry4159","1552","egz:104130983","gene","http://www.kegg.jp/dbget-bin/www_bget?egz:104130983",NA,"rn:R07895",NA,NA,NA,"line",NA,NA,"#99CCFF","#FFFFFF",0,"01100"
"entry4160","1556","egz:104123791 / egz:104125937 / egz:104134091 / egz:104134751 / egz:104135192","gene","http://www.kegg.jp/dbget-bin/www_bget?egz:104123791+egz:104125937+egz:104134091+egz:104134751+egz:104135192",NA,"rn:R00209 rn:R00212 rn:R01196 rn:R10866",NA,NA,NA,"line",NA,NA,"#6C63F6","#FFFFFF",0,"01100"
"entry4161","1557","egz:104135090","gene","http://www.kegg.jp/dbget-bin/www_bget?egz:104135090",NA,NA,NA,NA,NA,"line",NA,NA,"#99CCFF","#FFFFFF",0,"01100"
"entry4162","1559","egz:104122266","gene","http://www.kegg.jp/dbget-bin/www_bget?egz:104122266",NA,"rn:R11321",NA,NA,NA,"line",NA,NA,"#99CCFF","#FFFFFF",0,"01100"
"entry4163","1560","egz:104129328","gene","http://www.kegg.jp/dbget-bin/www_bget?egz:104129328",NA,"rn:R11322",NA,NA,NA,"line",NA,NA,"#99CCFF","#FFFFFF",0,"01100"
"entry4164","1561","egz:104132163","gene","http://www.kegg.jp/dbget-bin/www_bget?egz:104132163",NA,"rn:R07628",NA,NA,NA,"line",NA,NA,"#99CCFF","#FFFFFF",0,"01100"
"entry4165","1562","egz:104125334 / egz:104130094 / egz:104130095","gene","http://www.kegg.jp/dbget-bin/www_bget?egz:104125334+egz:104130094+egz:104130095",NA,"rn:R01262",NA,NA,NA,"line",NA,NA,"#FF9900","#FFFFFF",0,"01100"
"entry4166","1563","egz:104127521","gene","http://www.kegg.jp/dbget-bin/www_bget?egz:104127521",NA,"rn:R03749",NA,NA,NA,"line",NA,NA,"#FF9900","#FFFFFF",0,"01100"
"entry4167","1564","egz:104127521","gene","http://www.kegg.jp/dbget-bin/www_bget?egz:104127521",NA,"rn:R02743",NA,NA,NA,"line",NA,NA,"#FF9900","#FFFFFF",0,"01100"
"entry4168","1566","egz:104127562 / egz:104128100","gene","http://www.kegg.jp/dbget-bin/www_bget?egz:104127562+egz:104128100",NA,"rn:R11861",NA,NA,NA,"line",NA,NA,"#FF9900","#FFFFFF",0,"01100"
"entry4169","1579","egz:104123798 / egz:104125241 / egz:104127581 / egz:104128958 / egz:104129726 / egz:104130629","gene","http://www.kegg.jp/dbget-bin/www_bget?egz:104123798+egz:104125241+egz:104127581+egz:104128958+egz:104129726+egz:104130629",NA,"rn:R00801",NA,NA,NA,"line",NA,NA,"#B3B3E6","#FFFFFF",0,"01100"
"entry4170","1582","egz:104121977 / egz:104134285","gene","http://www.kegg.jp/dbget-bin/www_bget?egz:104121977+egz:104134285",NA,"rn:R00311 rn:R11579",NA,NA,NA,"line",NA,NA,"#FFB3CC","#FFFFFF",0,"01100"
"entry4171","1583","egz:104125204","gene","http://www.kegg.jp/dbget-bin/www_bget?egz:104125204",NA,"rn:R02391 rn:R02393",NA,NA,NA,"line",NA,NA,"#FFB3CC","#FFFFFF",0,"01100"
"entry4172","1584","egz:104131919","gene","http://www.kegg.jp/dbget-bin/www_bget?egz:104131919",NA,"rn:R04979",NA,NA,NA,"line",NA,NA,"#FFB3CC","#FFFFFF",0,"01100"
"entry4173","1586","egz:104125291","gene","http://www.kegg.jp/dbget-bin/www_bget?egz:104125291",NA,"rn:R07411",NA,NA,NA,"line",NA,NA,"#FFB3CC","#FFFFFF",0,"01100"
"entry4174","1587","egz:104129075","gene","http://www.kegg.jp/dbget-bin/www_bget?egz:104129075",NA,"rn:R07412",NA,NA,NA,"line",NA,NA,"#FFB3CC","#FFFFFF",0,"01100"
"entry4175","1588","egz:104123821","gene","http://www.kegg.jp/dbget-bin/www_bget?egz:104123821",NA,"rn:R01492",NA,NA,NA,"line",NA,NA,"#FFB3CC","#FFFFFF",0,"01100"
"entry4176","1593","egz:104125003","gene","http://www.kegg.jp/dbget-bin/www_bget?egz:104125003",NA,"rn:R11329",NA,NA,NA,"line",NA,NA,"#FFB3CC","#FFFFFF",0,"01100"
"entry4177","1596","egz:104123370 / egz:104123434","gene","http://www.kegg.jp/dbget-bin/www_bget?egz:104123370+egz:104123434",NA,"rn:R02590",NA,NA,NA,"line",NA,NA,"#FF9900","#FFFFFF",0,"01100"
"entry4178","1597","egz:104121991 / egz:104135594","gene","http://www.kegg.jp/dbget-bin/www_bget?egz:104121991+egz:104135594",NA,"rn:R04922",NA,NA,NA,"line",NA,NA,"#FF9900","#FFFFFF",0,"01100"
"entry4179","1599","egz:104125375","gene","http://www.kegg.jp/dbget-bin/www_bget?egz:104125375",NA,"rn:R05911",NA,NA,NA,"line",NA,NA,"#99CCFF","#FFFFFF",0,"01100"
"entry4180","1600","egz:104135953","gene","http://www.kegg.jp/dbget-bin/www_bget?egz:104135953",NA,"rn:R12244",NA,NA,NA,"line",NA,NA,"#99CCFF","#FFFFFF",0,"01100"
"entry4181","1602","egz:104125511","gene","http://www.kegg.jp/dbget-bin/www_bget?egz:104125511",NA,NA,NA,NA,NA,"line",NA,NA,"#99CCFF","#FFFFFF",0,"01100"
"entry4182","1603","egz:104125302","gene","http://www.kegg.jp/dbget-bin/www_bget?egz:104125302",NA,"rn:R07621",NA,NA,NA,"line",NA,NA,"#99CCFF","#FFFFFF",0,"01100"
"entry4183","1604","egz:104127495","gene","http://www.kegg.jp/dbget-bin/www_bget?egz:104127495",NA,"rn:R11407",NA,NA,NA,"line",NA,NA,"#99CCFF","#FFFFFF",0,"01100"
"entry4184","1605","egz:104131046","gene","http://www.kegg.jp/dbget-bin/www_bget?egz:104131046",NA,"rn:R12292",NA,NA,NA,"line",NA,NA,"#99CCFF","#FFFFFF",0,"01100"
"entry4185","1606","egz:104135539","gene","http://www.kegg.jp/dbget-bin/www_bget?egz:104135539",NA,"rn:R12293",NA,NA,NA,"line",NA,NA,"#99CCFF","#FFFFFF",0,"01100"
"entry4186","1609","egz:104134114 / egz:104134282","gene","http://www.kegg.jp/dbget-bin/www_bget?egz:104134114+egz:104134282",NA,"rn:R12297",NA,NA,NA,"line",NA,NA,"#99CCFF","#FFFFFF",0,"01100"
"entry4187","1610","egz:104134114 / egz:104134282","gene","http://www.kegg.jp/dbget-bin/www_bget?egz:104134114+egz:104134282",NA,"rn:R12298",NA,NA,NA,"line",NA,NA,"#99CCFF","#FFFFFF",0,"01100"
"entry4188","1611","egz:104126251","gene","http://www.kegg.jp/dbget-bin/www_bget?egz:104126251",NA,"rn:R07619",NA,NA,NA,"line",NA,NA,"#99CCFF","#FFFFFF",0,"01100"
"entry4189","1612","egz:104123065 / egz:104125508 / egz:104126496","gene","http://www.kegg.jp/dbget-bin/www_bget?egz:104123065+egz:104125508+egz:104126496",NA,NA,NA,NA,NA,"line",NA,NA,"#99CCFF","#FFFFFF",0,"01100"
"entry4190","1613","egz:104126377","gene","http://www.kegg.jp/dbget-bin/www_bget?egz:104126377",NA,NA,NA,NA,NA,"line",NA,NA,"#99CCFF","#FFFFFF",0,"01100"
"entry4191","1614","egz:104123065 / egz:104125508 / egz:104126496","gene","http://www.kegg.jp/dbget-bin/www_bget?egz:104123065+egz:104125508+egz:104126496",NA,NA,NA,NA,NA,"line",NA,NA,"#99CCFF","#FFFFFF",0,"01100"
"entry4192","1615","egz:104125511","gene","http://www.kegg.jp/dbget-bin/www_bget?egz:104125511",NA,NA,NA,NA,NA,"line",NA,NA,"#99CCFF","#FFFFFF",0,"01100"
"entry4193","1616","egz:104126377","gene","http://www.kegg.jp/dbget-bin/www_bget?egz:104126377",NA,NA,NA,NA,NA,"line",NA,NA,"#99CCFF","#FFFFFF",0,"01100"
"entry4194","1619","egz:104133947 / egz:104135101 / egz:104135149","gene","http://www.kegg.jp/dbget-bin/www_bget?egz:104133947+egz:104135101+egz:104135149",NA,"rn:R11376",NA,NA,NA,"line",NA,NA,"#99CCFF","#FFFFFF",0,"01100"
"entry4195","1620","egz:104122266","gene","http://www.kegg.jp/dbget-bin/www_bget?egz:104122266",NA,"rn:R11379",NA,NA,NA,"line",NA,NA,"#99CCFF","#FFFFFF",0,"01100"
"entry4196","1621","egz:104133947 / egz:104135101 / egz:104135149","gene","http://www.kegg.jp/dbget-bin/www_bget?egz:104133947+egz:104135101+egz:104135149",NA,"rn:R11377",NA,NA,NA,"line",NA,NA,"#99CCFF","#FFFFFF",0,"01100"
"entry4197","1622","egz:104133947 / egz:104135101 / egz:104135149","gene","http://www.kegg.jp/dbget-bin/www_bget?egz:104133947+egz:104135101+egz:104135149",NA,"rn:R11375",NA,NA,NA,"line",NA,NA,"#99CCFF","#FFFFFF",0,"01100"
"entry4198","1623","egz:104122266","gene","http://www.kegg.jp/dbget-bin/www_bget?egz:104122266",NA,"rn:R11378",NA,NA,NA,"line",NA,NA,"#99CCFF","#FFFFFF",0,"01100"
"entry4199","1629","egz:104133880","gene","http://www.kegg.jp/dbget-bin/www_bget?egz:104133880",NA,"rn:R00955",NA,NA,NA,"line",NA,NA,"#B3B3E6","#FFFFFF",0,"01100"
"entry4200","1631","egz:104134967","gene","http://www.kegg.jp/dbget-bin/www_bget?egz:104134967",NA,"rn:R00291",NA,NA,NA,"line",NA,NA,"#B3B3E6","#FFFFFF",0,"01100"
"entry4201","1634","egz:104133950 / egz:104134014 / egz:104134015","gene","http://www.kegg.jp/dbget-bin/www_bget?egz:104133950+egz:104134014+egz:104134015",NA,"rn:R11262",NA,NA,NA,"line",NA,NA,"#B3B3E6","#FFFFFF",0,"01100"
"entry4202","1640","egz:104124857 / egz:104130702","gene","http://www.kegg.jp/dbget-bin/www_bget?egz:104124857+egz:104130702",NA,NA,NA,NA,NA,"line",NA,NA,"#99CCFF","#FFFFFF",0,"01100"
"entry4203","1641","egz:104134058","gene","http://www.kegg.jp/dbget-bin/www_bget?egz:104134058",NA,"rn:R09319",NA,NA,NA,"line",NA,NA,"#99CCFF","#FFFFFF",0,"01100"
"entry4204","1643","egz:104125295 / egz:104134533","gene","http://www.kegg.jp/dbget-bin/www_bget?egz:104125295+egz:104134533",NA,"rn:R09323",NA,NA,NA,"line",NA,NA,"#99CCFF","#FFFFFF",0,"01100"
"entry4205","1647","egz:104125511","gene","http://www.kegg.jp/dbget-bin/www_bget?egz:104125511",NA,NA,NA,NA,NA,"line",NA,NA,"#99CCFF","#FFFFFF",0,"01100"
"entry4206","1648","egz:104127888 / egz:104129759","gene","http://www.kegg.jp/dbget-bin/www_bget?egz:104127888+egz:104129759",NA,NA,NA,NA,NA,"line",NA,NA,"#99CCFF","#FFFFFF",0,"01100"
"entry4207","1649","egz:104123647 / egz:104127544 / egz:104134140","gene","http://www.kegg.jp/dbget-bin/www_bget?egz:104123647+egz:104127544+egz:104134140",NA,NA,NA,NA,NA,"line",NA,NA,"#99CCFF","#FFFFFF",0,"01100"
"entry4208","1650","egz:104126428","gene","http://www.kegg.jp/dbget-bin/www_bget?egz:104126428",NA,"rn:R07813",NA,NA,NA,"line",NA,NA,"#99CCFF","#FFFFFF",0,"01100"
"entry4209","1651","egz:104124077","gene","http://www.kegg.jp/dbget-bin/www_bget?egz:104124077",NA,"rn:R07812",NA,NA,NA,"line",NA,NA,"#99CCFF","#FFFFFF",0,"01100"
"entry4210","1652","egz:104131835","gene","http://www.kegg.jp/dbget-bin/www_bget?egz:104131835",NA,"rn:R00589",NA,NA,NA,"line",NA,NA,"#FFCC66","#FFFFFF",0,"01100"
"entry4211","1658","egz:104123952","gene","http://www.kegg.jp/dbget-bin/www_bget?egz:104123952",NA,"rn:R11096",NA,NA,NA,"line",NA,NA,"#80CCCC","#FFFFFF",0,"01100"
"entry4212","1664","egz:104123874","gene","http://www.kegg.jp/dbget-bin/www_bget?egz:104123874",NA,"rn:R02923 rn:R02924 rn:R11018",NA,NA,NA,"line",NA,NA,"#FF9900","#FFFFFF",0,"01100"
"entry4213","1670","egz:104126227 / egz:104134017","gene","http://www.kegg.jp/dbget-bin/www_bget?egz:104126227+egz:104134017",NA,"rn:R10993",NA,NA,NA,"line",NA,NA,"#FFCC66","#FFFFFF",0,"01100"
"entry4214","1671","egz:104124995","gene","http://www.kegg.jp/dbget-bin/www_bget?egz:104124995",NA,"rn:R10994",NA,NA,NA,"line",NA,NA,"#FFCC66","#FFFFFF",0,"01100"
"entry4215","1674","egz:104124621 / egz:104124622 / egz:104128868 / egz:104130346","gene","http://www.kegg.jp/dbget-bin/www_bget?egz:104124621+egz:104124622+egz:104128868+egz:104130346",NA,"rn:R01961",NA,NA,NA,"line",NA,NA,"#B3B3E6","#FFFFFF",0,"01100"
"entry4216","1678","egz:104125737","gene","http://www.kegg.jp/dbget-bin/www_bget?egz:104125737",NA,"rn:R02334",NA,NA,NA,"line",NA,NA,"#B3B3E6","#FFFFFF",0,"01100"
"entry4217","1679","egz:104124857 / egz:104130702","gene","http://www.kegg.jp/dbget-bin/www_bget?egz:104124857+egz:104130702",NA,"rn:R00022",NA,NA,NA,"line",NA,NA,"#B3B3E6","#FFFFFF",0,"01100"
"entry4218","1681","egz:104135499","gene","http://www.kegg.jp/dbget-bin/www_bget?egz:104135499",NA,"rn:R08193",NA,NA,NA,"line",NA,NA,"#B3B3E6","#FFFFFF",0,"01100"
"entry4219","1685","egz:104123791 / egz:104125733 / egz:104133765","gene","http://www.kegg.jp/dbget-bin/www_bget?egz:104123791+egz:104125733+egz:104133765",NA,"rn:R01221",NA,NA,NA,"line",NA,NA,"#FFCC66","#FFFFFF",0,"01100"
"entry4220","1688","egz:104124541 / egz:104133135 / egz:104135174","gene","http://www.kegg.jp/dbget-bin/www_bget?egz:104124541+egz:104133135+egz:104135174",NA,"rn:R02869 rn:R09076",NA,NA,NA,"line",NA,NA,"#FFCC66","#FFFFFF",0,"01100"
"entry4221","1692","egz:104121895 / egz:104123781 / egz:104124248 / egz:104132054","gene","http://www.kegg.jp/dbget-bin/www_bget?egz:104121895+egz:104123781+egz:104124248+egz:104132054",NA,"rn:R01986 rn:R02549",NA,NA,NA,"line",NA,NA,"#FFCC66","#FFFFFF",0,"01100"
"entry4222","1693","egz:104122427 / egz:104128048","gene","http://www.kegg.jp/dbget-bin/www_bget?egz:104122427+egz:104128048",NA,"rn:R00261",NA,NA,NA,"line",NA,NA,"#FFCC66","#FFFFFF",0,"01100"
"entry4223","1701","egz:104134376","gene","http://www.kegg.jp/dbget-bin/www_bget?egz:104134376",NA,"rn:R01662",NA,NA,NA,"line",NA,NA,"#6C63F6","#FFFFFF",0,"01100"
"entry4224","1702","egz:104134376","gene","http://www.kegg.jp/dbget-bin/www_bget?egz:104134376",NA,"rn:R01516",NA,NA,NA,"line",NA,NA,"#6C63F6","#FFFFFF",0,"01100"
"entry4225","1703","egz:104125133","gene","http://www.kegg.jp/dbget-bin/www_bget?egz:104125133",NA,"rn:R09532",NA,NA,NA,"line",NA,NA,"#6C63F6","#FFFFFF",0,"01100"
"entry4226","1704","egz:104125407","gene","http://www.kegg.jp/dbget-bin/www_bget?egz:104125407",NA,"rn:R07460",NA,NA,NA,"line",NA,NA,"#FFB3CC","#FFFFFF",0,"01100"
"entry4227","1707","egz:104128444","gene","http://www.kegg.jp/dbget-bin/www_bget?egz:104128444",NA,"rn:R08158",NA,NA,NA,"line",NA,NA,"#80CCCC","#FFFFFF",0,"01100"
"entry4228","1708","egz:104128444","gene","http://www.kegg.jp/dbget-bin/www_bget?egz:104128444",NA,"rn:R04014",NA,NA,NA,"line",NA,NA,"#80CCCC","#FFFFFF",0,"01100"
"entry4229","1709","egz:104131108","gene","http://www.kegg.jp/dbget-bin/www_bget?egz:104131108",NA,"rn:R08159",NA,NA,NA,"line",NA,NA,"#80CCCC","#FFFFFF",0,"01100"
"entry4230","1710","egz:104128444","gene","http://www.kegg.jp/dbget-bin/www_bget?egz:104128444",NA,"rn:R08157 rn:R12429",NA,NA,NA,"line",NA,NA,"#80CCCC","#FFFFFF",0,"01100"
"entry4231","1712","egz:104123212 / egz:104135133","gene","http://www.kegg.jp/dbget-bin/www_bget?egz:104123212+egz:104135133",NA,"rn:R00196 rn:R00703 rn:R01447",NA,NA,NA,"line",NA,NA,"#B3B3E6","#FFFFFF",0,"01100"
"entry4232","1715","egz:104128341 / egz:104129061 / egz:104130839 / egz:104132595 / egz:104132596","gene","http://www.kegg.jp/dbget-bin/www_bget?egz:104128341+egz:104129061+egz:104130839+egz:104132595+egz:104132596",NA,"rn:R08392",NA,NA,NA,"line",NA,NA,"#FFB3CC","#FFFFFF",0,"01100"
"entry4233","1716","egz:104128341 / egz:104129061 / egz:104130839 / egz:104132595 / egz:104132596","gene","http://www.kegg.jp/dbget-bin/www_bget?egz:104128341+egz:104129061+egz:104130839+egz:104132595+egz:104132596",NA,NA,NA,NA,NA,"line",NA,NA,"#FFB3CC","#FFFFFF",0,"01100"
"entry4234","1745","egz:104132114","gene","http://www.kegg.jp/dbget-bin/www_bget?egz:104132114",NA,"rn:R04007",NA,NA,NA,"line",NA,NA,"#F06292","#FFFFFF",0,"01100"
"entry4235","1757","egz:104131051","gene","http://www.kegg.jp/dbget-bin/www_bget?egz:104131051",NA,"rn:R00615 rn:R00617",NA,NA,NA,"line",NA,NA,"#FFB3CC","#FFFFFF",0,"01100"
"entry4236","1758","egz:104122349 / egz:104123876 / egz:104125519 / egz:104127810 / egz:104128287 / egz:104134919","gene","http://www.kegg.jp/dbget-bin/www_bget?egz:104122349+egz:104123876+egz:104125519+egz:104127810+egz:104128287+egz:104134919",NA,"rn:R00616 rn:R00618 rn:R11319",NA,NA,NA,"line",NA,NA,"#FFB3CC","#FFFFFF",0,"01100"
"entry4237","1759","egz:104122157 / egz:104122217 / egz:104122276 / egz:104133197","gene","http://www.kegg.jp/dbget-bin/www_bget?egz:104122157+egz:104122217+egz:104122276+egz:104133197",NA,"rn:R02134 rn:R02135",NA,NA,NA,"line",NA,NA,"#FFB3CC","#FFFFFF",0,"01100"
"entry4238","1764","egz:104131587","gene","http://www.kegg.jp/dbget-bin/www_bget?egz:104131587",NA,"rn:R00619",NA,NA,NA,"line",NA,NA,"#FFB3CC","#FFFFFF",0,"01100"
"entry4239","1778","egz:104128839","gene","http://www.kegg.jp/dbget-bin/www_bget?egz:104128839",NA,"rn:R10693 rn:R10688",NA,NA,NA,"line",NA,NA,"#FFCC66","#FFFFFF",0,"01100"
"entry4240","1779","egz:104122771 / egz:104128839","gene","http://www.kegg.jp/dbget-bin/www_bget?egz:104122771+egz:104128839",NA,"rn:R10678 rn:R10687",NA,NA,NA,"line",NA,NA,"#FFCC66","#FFFFFF",0,"01100"
"entry4241","1780","egz:104121899 / egz:104130198","gene","http://www.kegg.jp/dbget-bin/www_bget?egz:104121899+egz:104130198",NA,"rn:R00487 rn:R00488",NA,NA,NA,"line",NA,NA,"#FFCC66","#FFFFFF",0,"01100"
"entry4242","1781","egz:104122771","gene","http://www.kegg.jp/dbget-bin/www_bget?egz:104122771",NA,"rn:R10677",NA,NA,NA,"line",NA,NA,"#FFCC66","#FFFFFF",0,"01100"
"entry4243","1786","egz:104135529","gene","http://www.kegg.jp/dbget-bin/www_bget?egz:104135529",NA,"rn:R00748",NA,NA,NA,"line",NA,NA,"#80CCB3","#FFFFFF",0,"01100"
"entry4244","1792","egz:104128431","gene","http://www.kegg.jp/dbget-bin/www_bget?egz:104128431",NA,"rn:R10270",NA,NA,NA,"line",NA,NA,"#FFCC66","#FFFFFF",0,"01100"
"entry4245","1793","egz:104130741","gene","http://www.kegg.jp/dbget-bin/www_bget?egz:104130741",NA,"rn:R03378",NA,NA,NA,"line",NA,NA,"#FFCC66","#FFFFFF",0,"01100"
"entry4246","1797","egz:104127646","gene","http://www.kegg.jp/dbget-bin/www_bget?egz:104127646",NA,"rn:R01648 rn:R10178",NA,NA,NA,"line",NA,NA,"#FFCC66","#FFFFFF",0,"01100"
"entry4247","1811","egz:104124248","gene","http://www.kegg.jp/dbget-bin/www_bget?egz:104124248",NA,"rn:R02565 rn:R02566 rn:R08211",NA,NA,NA,"line",NA,NA,"#FFCC66","#FFFFFF",0,"01100"
"entry4248","1812","egz:104126730","gene","http://www.kegg.jp/dbget-bin/www_bget?egz:104126730",NA,"rn:R01022 rn:R07409 rn:R08557 rn:R08558",NA,NA,NA,"line",NA,NA,"#FFCC66","#FFFFFF",0,"01100"
"entry4249","1818","egz:104134389 / egz:104134390 / egz:104134391 / egz:104135078","gene","http://www.kegg.jp/dbget-bin/www_bget?egz:104134389+egz:104134390+egz:104134391+egz:104135078",NA,"rn:R01093 rn:R01095",NA,NA,NA,"line",NA,NA,"#B3B3E6","#FFFFFF",0,"01100"
"entry4250","1823","egz:104128531 / egz:104128923 / egz:104131274","gene","http://www.kegg.jp/dbget-bin/www_bget?egz:104128531+egz:104128923+egz:104131274",NA,"rn:R03236 rn:R03237 rn:R03238 rn:R03239",NA,NA,NA,"line",NA,NA,"#B3B3E6","#FFFFFF",0,"01100"
"entry4252","1826","egz:104132031","gene","http://www.kegg.jp/dbget-bin/www_bget?egz:104132031",NA,"rn:R00647",NA,NA,NA,"line",NA,NA,"#B3B3E6","#FFFFFF",0,"01100"
"entry4253","1836","egz:104125342 / egz:104126969","gene","http://www.kegg.jp/dbget-bin/www_bget?egz:104125342+egz:104126969",NA,"rn:R05925",NA,NA,NA,"line",NA,NA,"#99CCFF","#FFFFFF",0,"01100"
"entry4254","1846","egz:104132191","gene","http://www.kegg.jp/dbget-bin/www_bget?egz:104132191",NA,"rn:R09515",NA,NA,NA,"line",NA,NA,"#80CCCC","#FFFFFF",0,"01100"
"entry4255","1847","egz:104132191","gene","http://www.kegg.jp/dbget-bin/www_bget?egz:104132191",NA,"rn:R09516",NA,NA,NA,"line",NA,NA,"#80CCCC","#FFFFFF",0,"01100"
"entry4256","1857","egz:104121815 / egz:104132073","gene","http://www.kegg.jp/dbget-bin/www_bget?egz:104121815+egz:104132073",NA,"rn:R01978",NA,NA,NA,"line",NA,NA,"#9EE284","#FFFFFF",0,"01100"
"entry4257","1859","egz:104133135","gene","http://www.kegg.jp/dbget-bin/www_bget?egz:104133135",NA,"rn:R01920",NA,NA,NA,"line",NA,NA,"#FFCC66","#FFFFFF",0,"01100"
"entry4258","1867","egz:104123728 / egz:104123890 / egz:104124383 / egz:104125218 / egz:104126069 / egz:104126902 / egz:104127172 / egz:104131289 / egz:104131987 / egz:104132173 / egz:104133020 / egz:104134113 / egz:104134698 / egz:104135052 / egz:104135121","gene","http://www.kegg.jp/dbget-bin/www_bget?egz:104123728+egz:104123890+egz:104124383+egz:104125218+egz:104126069+egz:104126902+egz:104127172+egz:104131289+egz:104131987+egz:104132173+egz:104133020+egz:104134113+egz:104134698+egz:104135052+egz:104135121",NA,"rn:R02239 rn:R02240 rn:R09944",NA,NA,NA,"line",NA,NA,"#80CCB3","#FFFFFF",0,"01100"
"entry4259","1870","egz:104123874","gene","http://www.kegg.jp/dbget-bin/www_bget?egz:104123874",NA,"rn:R02457 rn:R02459",NA,NA,NA,"line",NA,NA,"#FF9900","#FFFFFF",0,"01100"
"entry4260","1872","egz:104125148 / egz:104127551 / egz:104133426 / egz:104135525","gene","http://www.kegg.jp/dbget-bin/www_bget?egz:104125148+egz:104127551+egz:104133426+egz:104135525",NA,"rn:R00508 rn:R00509",NA,NA,NA,"line",NA,NA,"#CC99FF","#FFFFFF",0,"01100"
"entry4261","1877","egz:104123065 / egz:104125508","gene","http://www.kegg.jp/dbget-bin/www_bget?egz:104123065+egz:104125508",NA,"rn:R00503",NA,NA,NA,"line",NA,NA,"#B3B3E6","#FFFFFF",0,"01100"
"entry4262","1878","egz:104129535 / egz:104132810","gene","http://www.kegg.jp/dbget-bin/www_bget?egz:104129535+egz:104132810",NA,"rn:R01678",NA,NA,NA,"line",NA,NA,"#B3B3E6","#FFFFFF",0,"01100"
"entry4263","1886","egz:104123592","gene","http://www.kegg.jp/dbget-bin/www_bget?egz:104123592",NA,"rn:R01364",NA,NA,NA,"line",NA,NA,"#FFCC66","#FFFFFF",0,"01100"
"entry4264","1891","egz:104128196 / egz:104128264","gene","http://www.kegg.jp/dbget-bin/www_bget?egz:104128196+egz:104128264",NA,"rn:R01290",NA,NA,NA,"line",NA,NA,"#FFCC66","#FFFFFF",0,"01100"
"entry4265","1897","egz:104126798 / egz:104126829 / egz:104130298","gene","http://www.kegg.jp/dbget-bin/www_bget?egz:104126798+egz:104126829+egz:104130298",NA,"rn:R02834 rn:R02836",NA,NA,NA,"line",NA,NA,"#80CCCC","#FFFFFF",0,"01100"
"entry4266","1901","egz:104127370","gene","http://www.kegg.jp/dbget-bin/www_bget?egz:104127370",NA,"rn:R08965",NA,NA,NA,"line",NA,NA,"#FFCC66","#FFFFFF",0,"01100"
"entry4267","1905","egz:104133288","gene","http://www.kegg.jp/dbget-bin/www_bget?egz:104133288",NA,"rn:R00935",NA,NA,NA,"line",NA,NA,"#FFCC66","#FFFFFF",0,"01100"
"entry4268","1906","egz:104126135 / egz:104131306 / egz:104135502","gene","http://www.kegg.jp/dbget-bin/www_bget?egz:104126135+egz:104131306+egz:104135502",NA,"rn:R05066",NA,NA,NA,"line",NA,NA,"#FFCC66","#FFFFFF",0,"01100"
"entry4269","1907","egz:104130495","gene","http://www.kegg.jp/dbget-bin/www_bget?egz:104130495",NA,"rn:R05064",NA,NA,NA,"line",NA,NA,"#FFCC66","#FFFFFF",0,"01100"
"entry4270","1908","egz:104125143 / egz:104130955 / egz:104131306","gene","http://www.kegg.jp/dbget-bin/www_bget?egz:104125143+egz:104130955+egz:104131306",NA,"rn:R04224",NA,NA,NA,"line",NA,NA,"#FFCC66","#FFFFFF",0,"01100"
"entry4271","1909","egz:104123852 / egz:104128327 / egz:104129215 / egz:104129891","gene","http://www.kegg.jp/dbget-bin/www_bget?egz:104123852+egz:104128327+egz:104129215+egz:104129891",NA,"rn:R02661",NA,NA,NA,"line",NA,NA,"#FFCC66","#FFFFFF",0,"01100"
"entry4272","1910","egz:104134030","gene","http://www.kegg.jp/dbget-bin/www_bget?egz:104134030",NA,"rn:R02662",NA,NA,NA,"line",NA,NA,"#FFCC66","#FFFFFF",0,"01100"
"entry4273","1913","egz:104126518","gene","http://www.kegg.jp/dbget-bin/www_bget?egz:104126518",NA,"rn:R03327",NA,NA,NA,"line",NA,NA,"#80CCCC","#FFFFFF",0,"01100"
"entry4274","1914","egz:104123798 / egz:104125241 / egz:104127581 / egz:104128958 / egz:104129726 / egz:104130629","gene","http://www.kegg.jp/dbget-bin/www_bget?egz:104123798+egz:104125241+egz:104127581+egz:104128958+egz:104129726+egz:104130629",NA,"rn:R00028 rn:R01555 rn:R05196",NA,NA,NA,"line",NA,NA,"#B3B3E6","#FFFFFF",0,"01100"
"entry4275","1923","egz:104125241 / egz:104129726","gene","http://www.kegg.jp/dbget-bin/www_bget?egz:104125241+egz:104129726",NA,"rn:R01791",NA,NA,NA,"line",NA,NA,"#B3B3E6","#FFFFFF",0,"01100"
"entry4276","1924","egz:104125241 / egz:104129726","gene","http://www.kegg.jp/dbget-bin/www_bget?egz:104125241+egz:104129726",NA,"rn:R01790",NA,NA,NA,"line",NA,NA,"#B3B3E6","#FFFFFF",0,"01100"
"entry4277","1925","egz:104129119 / egz:104131213 / egz:104131215 / egz:104133880","gene","http://www.kegg.jp/dbget-bin/www_bget?egz:104129119+egz:104131213+egz:104131215+egz:104133880",NA,"rn:R00287 rn:R00289 rn:R00955",NA,NA,NA,"line",NA,NA,"#B3B3E6","#FFFFFF",0,"01100"
"entry4278","1944","egz:104134250 / egz:104135076","gene","http://www.kegg.jp/dbget-bin/www_bget?egz:104134250+egz:104135076",NA,"rn:R01324",NA,NA,NA,"line",NA,NA,"#8080F7","#FFFFFF",0,"01100"
"entry4279","1946","egz:104130995","gene","http://www.kegg.jp/dbget-bin/www_bget?egz:104130995",NA,"rn:R01639",NA,NA,NA,"line",NA,NA,"#B3B3E6","#FFFFFF",0,"01100"
"entry4280","1947","egz:104122868 / egz:104127452 / egz:104127453","gene","http://www.kegg.jp/dbget-bin/www_bget?egz:104122868+egz:104127452+egz:104127453",NA,"rn:R04888 rn:R04889",NA,NA,NA,"line",NA,NA,"#FFCC66","#FFFFFF",0,"01100"
"entry4281","1948","egz:104127202","gene","http://www.kegg.jp/dbget-bin/www_bget?egz:104127202",NA,"rn:R03304",NA,NA,NA,"line",NA,NA,"#FFCC66","#FFFFFF",0,"01100"
"entry4282","1956","egz:104133949","gene","http://www.kegg.jp/dbget-bin/www_bget?egz:104133949",NA,"rn:R00677 rn:R00684 rn:R10180 rn:R12055",NA,NA,NA,"line",NA,NA,"#FFCC66","#FFFFFF",0,"01100"
"entry4283","1957","egz:104124165 / egz:104135315","gene","http://www.kegg.jp/dbget-bin/www_bget?egz:104124165+egz:104135315",NA,"rn:R00678",NA,NA,NA,"line",NA,NA,"#FFCC66","#FFFFFF",0,"01100"
"entry4284","1958","egz:104123206 / egz:104132957","gene","http://www.kegg.jp/dbget-bin/www_bget?egz:104123206+egz:104132957",NA,"rn:R01814",NA,NA,NA,"line",NA,NA,"#FFCC66","#FFFFFF",0,"01100"
"entry4285","1961","egz:104128293","gene","http://www.kegg.jp/dbget-bin/www_bget?egz:104128293",NA,"rn:R01883",NA,NA,NA,"line",NA,NA,"#FFCC66","#FFFFFF",0,"01100"
"entry4286","1962","egz:104127660","gene","http://www.kegg.jp/dbget-bin/www_bget?egz:104127660",NA,"rn:R01463",NA,NA,NA,"line",NA,NA,"#80CCCC","#FFFFFF",0,"01100"
"entry4287","1964","egz:104131213 / egz:104131215","gene","http://www.kegg.jp/dbget-bin/www_bget?egz:104131213+egz:104131215",NA,"rn:R00662",NA,NA,NA,"line",NA,NA,"#FF8080","#FFFFFF",0,"01100"
"entry4288","1965","egz:104130378 / egz:104131554 / egz:104131673","gene","http://www.kegg.jp/dbget-bin/www_bget?egz:104130378+egz:104131554+egz:104131673",NA,"rn:R01655",NA,NA,NA,"line",NA,NA,"#B3B3E6","#FFFFFF",0,"01100"
"entry4289","1966","egz:104131673","gene","http://www.kegg.jp/dbget-bin/www_bget?egz:104131673",NA,"rn:R01220",NA,NA,NA,"line",NA,NA,"#B3B3E6","#FFFFFF",0,"01100"
"entry4290","1967","egz:104131673 / egz:104133557","gene","http://www.kegg.jp/dbget-bin/www_bget?egz:104131673+egz:104133557",NA,"rn:R00943",NA,NA,NA,"line",NA,NA,"#B3B3E6","#FFFFFF",0,"01100"
"entry4291","1969","egz:104127262","gene","http://www.kegg.jp/dbget-bin/www_bget?egz:104127262",NA,"rn:R06223",NA,NA,NA,"line",NA,NA,"#9EE284","#FFFFFF",0,"01100"
"entry4292","1977","egz:104123975 / egz:104132129","gene","http://www.kegg.jp/dbget-bin/www_bget?egz:104123975+egz:104132129",NA,"rn:R00416",NA,NA,NA,"line",NA,NA,"#B3B3E6","#FFFFFF",0,"01100"
"entry4293","1993","egz:104126131","gene","http://www.kegg.jp/dbget-bin/www_bget?egz:104126131",NA,"rn:R01077",NA,NA,NA,"line",NA,NA,"#FFB3CC","#FFFFFF",0,"01100"
"entry4294","1995","egz:104126227 / egz:104134017","gene","http://www.kegg.jp/dbget-bin/www_bget?egz:104126227+egz:104134017",NA,"rn:R00894",NA,NA,NA,"line",NA,NA,"#FF9900","#FFFFFF",0,"01100"
"entry4295","2002","egz:104131017","gene","http://www.kegg.jp/dbget-bin/www_bget?egz:104131017",NA,"rn:R02061",NA,NA,NA,"line",NA,NA,"#9EE284","#FFFFFF",0,"01100"
"entry4296","2007","egz:104127484 / egz:104131940 / egz:104133683","gene","http://www.kegg.jp/dbget-bin/www_bget?egz:104127484+egz:104131940+egz:104133683",NA,"rn:R01070",NA,NA,NA,"line",NA,NA,"#6C63F6","#FFFFFF",0,"01100"
"entry4297","2009","egz:104135704","gene","http://www.kegg.jp/dbget-bin/www_bget?egz:104135704",NA,"rn:R01512",NA,NA,NA,"line",NA,NA,"#6C63F6","#FFFFFF",0,"01100"
"entry4298","2010","egz:104133071","gene","http://www.kegg.jp/dbget-bin/www_bget?egz:104133071",NA,"rn:R01528 rn:R10221",NA,NA,NA,"line",NA,NA,"#6C63F6","#FFFFFF",0,"01100"
"entry4299","2014","egz:104134389 / egz:104134390 / egz:104134391 / egz:104135078","gene","http://www.kegg.jp/dbget-bin/www_bget?egz:104134389+egz:104134390+egz:104134391+egz:104135078",NA,"rn:R01758 rn:R01759",NA,NA,NA,"line",NA,NA,"#B3B3E6","#FFFFFF",0,"01100"
"entry4300","2016","egz:104131244","gene","http://www.kegg.jp/dbget-bin/www_bget?egz:104131244",NA,"rn:R01904",NA,NA,NA,"line",NA,NA,"#B3B3E6","#FFFFFF",0,"01100"
"entry4301","2018","egz:104128473","gene","http://www.kegg.jp/dbget-bin/www_bget?egz:104128473",NA,"rn:R00286",NA,NA,NA,"line",NA,NA,"#B3B3E6","#FFFFFF",0,"01100"
"entry4302","2019","egz:104126259","gene","http://www.kegg.jp/dbget-bin/www_bget?egz:104126259",NA,"rn:R01481",NA,NA,NA,"line",NA,NA,"#B3B3E6","#FFFFFF",0,"01100"
"entry4303","2020","egz:104134722","gene","http://www.kegg.jp/dbget-bin/www_bget?egz:104134722",NA,"rn:R02640",NA,NA,NA,"line",NA,NA,"#B3B3E6","#FFFFFF",0,"01100"
"entry4304","2022","egz:104131371 / egz:104131919","gene","http://www.kegg.jp/dbget-bin/www_bget?egz:104131371+egz:104131919",NA,"rn:R01478",NA,NA,NA,"line",NA,NA,"#B3B3E6","#FFFFFF",0,"01100"
"entry4305","2027","egz:104125317","gene","http://www.kegg.jp/dbget-bin/www_bget?egz:104125317",NA,"rn:R01092",NA,NA,NA,"line",NA,NA,"#B3B3E6","#FFFFFF",0,"01100"
"entry4306","2032","egz:104126365","gene","http://www.kegg.jp/dbget-bin/www_bget?egz:104126365",NA,"rn:R01384",NA,NA,NA,"line",NA,NA,"#B3B3E6","#FFFFFF",0,"01100"
"entry4307","2035","egz:104134389 / egz:104134390 / egz:104134391 / egz:104135078","gene","http://www.kegg.jp/dbget-bin/www_bget?egz:104134389+egz:104134390+egz:104134391+egz:104135078",NA,"rn:R01431 rn:R07152 rn:R09477",NA,NA,NA,"line",NA,NA,"#B3B3E6","#FFFFFF",0,"01100"
"entry4308","2036","egz:104128443 / egz:104128457 / egz:104130368 / egz:104133671","gene","http://www.kegg.jp/dbget-bin/www_bget?egz:104128443+egz:104128457+egz:104130368+egz:104133671",NA,"rn:R00768",NA,NA,NA,"line",NA,NA,"#B3B3E6","#FFFFFF",0,"01100"
"entry4309","2038","egz:104122509","gene","http://www.kegg.jp/dbget-bin/www_bget?egz:104122509",NA,"rn:R00414",NA,NA,NA,"line",NA,NA,"#B3B3E6","#FFFFFF",0,"01100"
"entry4310","2039","egz:104122509","gene","http://www.kegg.jp/dbget-bin/www_bget?egz:104122509",NA,"rn:R02705",NA,NA,NA,"line",NA,NA,"#B3B3E6","#FFFFFF",0,"01100"
"entry4311","2040","egz:104135026","gene","http://www.kegg.jp/dbget-bin/www_bget?egz:104135026",NA,"rn:R04435",NA,NA,NA,"line",NA,NA,"#B3B3E6","#FFFFFF",0,"01100"
"entry4312","2041","egz:104124113","gene","http://www.kegg.jp/dbget-bin/www_bget?egz:104124113",NA,"rn:R01805",NA,NA,NA,"line",NA,NA,"#B3B3E6","#FFFFFF",0,"01100"
"entry4313","2042","egz:104135092","gene","http://www.kegg.jp/dbget-bin/www_bget?egz:104135092",NA,"rn:R01117",NA,NA,NA,"line",NA,NA,"#B3B3E6","#FFFFFF",0,"01100"
"entry4314","2043","egz:104124621 / egz:104124622 / egz:104128868 / egz:104130346","gene","http://www.kegg.jp/dbget-bin/www_bget?egz:104124621+egz:104124622+egz:104128868+egz:104130346",NA,"rn:R00867",NA,NA,NA,"line",NA,NA,"#B3B3E6","#FFFFFF",0,"01100"
"entry4315","2045","egz:104124621 / egz:104124622 / egz:104128868 / egz:104130346","gene","http://www.kegg.jp/dbget-bin/www_bget?egz:104124621+egz:104124622+egz:104128868+egz:104130346",NA,"rn:R01326 rn:R02630",NA,NA,NA,"line",NA,NA,"#B3B3E6","#FFFFFF",0,"01100"
"entry4316","2046","egz:104127645 / egz:104134253","gene","http://www.kegg.jp/dbget-bin/www_bget?egz:104127645+egz:104134253",NA,"rn:R01818",NA,NA,NA,"line",NA,NA,"#B3B3E6","#FFFFFF",0,"01100"
"entry4317","2047","egz:104122834","gene","http://www.kegg.jp/dbget-bin/www_bget?egz:104122834",NA,"rn:R00888",NA,NA,NA,"line",NA,NA,"#B3B3E6","#FFFFFF",0,"01100"
"entry4318","2048","egz:104121918","gene","http://www.kegg.jp/dbget-bin/www_bget?egz:104121918",NA,"rn:R05692",NA,NA,NA,"line",NA,NA,"#B3B3E6","#FFFFFF",0,"01100"
"entry4319","2049","egz:104123857","gene","http://www.kegg.jp/dbget-bin/www_bget?egz:104123857",NA,"rn:R01951",NA,NA,NA,"line",NA,NA,"#B3B3E6","#FFFFFF",0,"01100"
"entry4320","2050","egz:104130289","gene","http://www.kegg.jp/dbget-bin/www_bget?egz:104130289",NA,"rn:R03161",NA,NA,NA,"line",NA,NA,"#B3B3E6","#FFFFFF",0,"01100"
"entry4321","2055","egz:104129511","gene","http://www.kegg.jp/dbget-bin/www_bget?egz:104129511",NA,"rn:R01388 rn:R01392",NA,NA,NA,"line",NA,NA,"#B3B3E6","#FFFFFF",0,"01100"
"entry4322","2059","egz:104130495","gene","http://www.kegg.jp/dbget-bin/www_bget?egz:104130495",NA,"rn:R03158 rn:R09286",NA,NA,NA,"line",NA,NA,"#B3B3E6","#FFFFFF",0,"01100"
"entry4323","2061","egz:104125143 / egz:104130955 / egz:104131306","gene","http://www.kegg.jp/dbget-bin/www_bget?egz:104125143+egz:104130955+egz:104131306",NA,"rn:R03045",NA,NA,NA,"line",NA,NA,"#B3B3E6","#FFFFFF",0,"01100"
"entry4324","2062","egz:104127002","gene","http://www.kegg.jp/dbget-bin/www_bget?egz:104127002",NA,"rn:R00833",NA,NA,NA,"line",NA,NA,"#B3B3E6","#FFFFFF",0,"01100"
"entry4325","2063","egz:104125075 / egz:104125211","gene","http://www.kegg.jp/dbget-bin/www_bget?egz:104125075+egz:104125211",NA,"rn:R02933",NA,NA,NA,"line",NA,NA,"#B3B3E6","#FFFFFF",0,"01100"
"entry4326","2064","egz:104132031","gene","http://www.kegg.jp/dbget-bin/www_bget?egz:104132031",NA,"rn:R03184",NA,NA,NA,"line",NA,NA,"#B3B3E6","#FFFFFF",0,"01100"
"entry4327","2067","egz:104133288","gene","http://www.kegg.jp/dbget-bin/www_bget?egz:104133288",NA,"rn:R00705 rn:R00706",NA,NA,NA,"line",NA,NA,"#B3B3E6","#FFFFFF",0,"01100"
"entry4328","2075","egz:104127717","gene","http://www.kegg.jp/dbget-bin/www_bget?egz:104127717",NA,"rn:R01085",NA,NA,NA,"line",NA,NA,"#FFCC66","#FFFFFF",0,"01100"
"entry4329","2077","egz:104129832","gene","http://www.kegg.jp/dbget-bin/www_bget?egz:104129832",NA,"rn:R01954",NA,NA,NA,"line",NA,NA,"#FFCC66","#FFFFFF",0,"01100"
"entry4330","2079","egz:104125447","gene","http://www.kegg.jp/dbget-bin/www_bget?egz:104125447",NA,"rn:R00713 rn:R00714",NA,NA,NA,"line",NA,NA,"#FFCC66","#FFFFFF",0,"01100"
"entry4331","2080","egz:104132119","gene","http://www.kegg.jp/dbget-bin/www_bget?egz:104132119",NA,"rn:R01513",NA,NA,NA,"line",NA,NA,"#FFCC66","#FFFFFF",0,"01100"
"entry4332","2081","egz:104124718","gene","http://www.kegg.jp/dbget-bin/www_bget?egz:104124718",NA,"rn:R04173",NA,NA,NA,"line",NA,NA,"#FFCC66","#FFFFFF",0,"01100"
"entry4333","2093","egz:104123861","gene","http://www.kegg.jp/dbget-bin/www_bget?egz:104123861",NA,"rn:R01001",NA,NA,NA,"line",NA,NA,"#FFCC66","#FFFFFF",0,"01100"
"entry4334","2096","egz:104124485 / egz:104129086 / egz:104130489 / egz:104133610","gene","http://www.kegg.jp/dbget-bin/www_bget?egz:104124485+egz:104129086+egz:104130489+egz:104133610",NA,"rn:R00177",NA,NA,NA,"line",NA,NA,"#FFCC66","#FFFFFF",0,"01100"
"entry4335","2098","egz:104122164","gene","http://www.kegg.jp/dbget-bin/www_bget?egz:104122164",NA,"rn:R07364",NA,NA,NA,"line",NA,NA,"#FFCC66","#FFFFFF",0,"01100"
"entry4336","2101","egz:104134040","gene","http://www.kegg.jp/dbget-bin/www_bget?egz:104134040",NA,"rn:R07392",NA,NA,NA,"line",NA,NA,"#FFCC66","#FFFFFF",0,"01100"
"entry4337","2104","egz:104131557","gene","http://www.kegg.jp/dbget-bin/www_bget?egz:104131557",NA,"rn:R00178",NA,NA,NA,"line",NA,NA,"#FFCC66","#FFFFFF",0,"01100"
"entry4338","2106","egz:104122487","gene","http://www.kegg.jp/dbget-bin/www_bget?egz:104122487",NA,"rn:R00893",NA,NA,NA,"line",NA,NA,"#FFCC66","#FFFFFF",0,"01100"
"entry4339","2107","egz:104129079 / egz:104130242","gene","http://www.kegg.jp/dbget-bin/www_bget?egz:104129079+egz:104130242",NA,"rn:R02619",NA,NA,NA,"line",NA,NA,"#FFCC66","#FFFFFF",0,"01100"
"entry4340","2120","egz:104123791 / egz:104133229 / egz:104135760","gene","http://www.kegg.jp/dbget-bin/www_bget?egz:104123791+egz:104133229+egz:104135760",NA,"rn:R01933",NA,NA,NA,"line",NA,NA,"#FFCC66","#FFFFFF",0,"01100"
"entry4341","2121","egz:104132255","gene","http://www.kegg.jp/dbget-bin/www_bget?egz:104132255",NA,"rn:R00471",NA,NA,NA,"line",NA,NA,"#FFCC66","#FFFFFF",0,"01100"
"entry4342","2122","egz:104129079 / egz:104130242","gene","http://www.kegg.jp/dbget-bin/www_bget?egz:104129079+egz:104130242",NA,"rn:R05052 rn:R05053",NA,NA,NA,"line",NA,NA,"#FFCC66","#FFFFFF",0,"01100"
"entry4343","2123","egz:104127487 / egz:104127627","gene","http://www.kegg.jp/dbget-bin/www_bget?egz:104127487+egz:104127627",NA,"rn:R04858 rn:R10404",NA,NA,NA,"line",NA,NA,"#FFCC66","#FFFFFF",0,"01100"
"entry4344","2124","egz:104133173","gene","http://www.kegg.jp/dbget-bin/www_bget?egz:104133173",NA,"rn:R04444 rn:R04445",NA,NA,NA,"line",NA,NA,"#FFCC66","#FFFFFF",0,"01100"
"entry4345","2125","egz:104133008","gene","http://www.kegg.jp/dbget-bin/www_bget?egz:104133008",NA,"rn:R01398",NA,NA,NA,"line",NA,NA,"#FFCC66","#FFFFFF",0,"01100"
"entry4346","2127","egz:104131821 / egz:104131921","gene","http://www.kegg.jp/dbget-bin/www_bget?egz:104131821+egz:104131921",NA,"rn:R01086",NA,NA,NA,"line",NA,NA,"#FFCC66","#FFFFFF",0,"01100"
"entry4347","2129","egz:104121908 / egz:104129871","gene","http://www.kegg.jp/dbget-bin/www_bget?egz:104121908+egz:104129871",NA,"rn:R00552 rn:R00557 rn:R11711",NA,NA,NA,"line",NA,NA,"#FFCC66","#FFFFFF",0,"01100"
"entry4348","2130","egz:104130797","gene","http://www.kegg.jp/dbget-bin/www_bget?egz:104130797",NA,"rn:R00565",NA,NA,NA,"line",NA,NA,"#FFCC66","#FFFFFF",0,"01100"
"entry4349","2131","egz:104124725 / egz:104125991 / egz:104128378","gene","http://www.kegg.jp/dbget-bin/www_bget?egz:104124725+egz:104125991+egz:104128378",NA,"rn:R01881",NA,NA,NA,"line",NA,NA,"#FFCC66","#FFFFFF",0,"01100"
"entry4350","2140","egz:104130933","gene","http://www.kegg.jp/dbget-bin/www_bget?egz:104130933",NA,"rn:R01167",NA,NA,NA,"line",NA,NA,"#FFCC66","#FFFFFF",0,"01100"
"entry4351","2145","egz:104131916","gene","http://www.kegg.jp/dbget-bin/www_bget?egz:104131916",NA,"rn:R00582 rn:R12342 rn:R12344",NA,NA,NA,"line",NA,NA,"#FFCC66","#FFFFFF",0,"01100"
"entry4352","2153","egz:104126324 / egz:104129079 / egz:104130242 / egz:104133949","gene","http://www.kegg.jp/dbget-bin/www_bget?egz:104126324+egz:104129079+egz:104130242+egz:104133949",NA,"rn:R00688 rn:R00689 rn:R00692 rn:R00694",NA,NA,NA,"line",NA,NA,"#FFCC66","#FFFFFF",0,"01100"
"entry4353","2155","egz:104122722","gene","http://www.kegg.jp/dbget-bin/www_bget?egz:104122722",NA,"rn:R02521",NA,NA,NA,"line",NA,NA,"#FFCC66","#FFFFFF",0,"01100"
"entry4354","2158","egz:104126508","gene","http://www.kegg.jp/dbget-bin/www_bget?egz:104126508",NA,"rn:R02519",NA,NA,NA,"line",NA,NA,"#FFCC66","#FFFFFF",0,"01100"
"entry4355","2159","egz:104133269","gene","http://www.kegg.jp/dbget-bin/www_bget?egz:104133269",NA,"rn:R03181",NA,NA,NA,"line",NA,NA,"#FFCC66","#FFFFFF",0,"01100"
"entry4356","2161","egz:104132753 / egz:104132934","gene","http://www.kegg.jp/dbget-bin/www_bget?egz:104132753+egz:104132934",NA,"rn:R04894",NA,NA,NA,"line",NA,NA,"#FFCC66","#FFFFFF",0,"01100"
"entry4357","2162","egz:104127202","gene","http://www.kegg.jp/dbget-bin/www_bget?egz:104127202",NA,"rn:R04887",NA,NA,NA,"line",NA,NA,"#FFCC66","#FFFFFF",0,"01100"
"entry4358","2163","egz:104122868 / egz:104127452 / egz:104127453","gene","http://www.kegg.jp/dbget-bin/www_bget?egz:104122868+egz:104127452+egz:104127453",NA,"rn:R04891 rn:R04892",NA,NA,NA,"line",NA,NA,"#FFCC66","#FFFFFF",0,"01100"
"entry4359","2164","egz:104122606 / egz:104122614 / egz:104122615","gene","http://www.kegg.jp/dbget-bin/www_bget?egz:104122606+egz:104122614+egz:104122615",NA,"rn:R04880",NA,NA,NA,"line",NA,NA,"#FFCC66","#FFFFFF",0,"01100"
"entry4360","2165","egz:104127202","gene","http://www.kegg.jp/dbget-bin/www_bget?egz:104127202",NA,"rn:R04881",NA,NA,NA,"line",NA,NA,"#FFCC66","#FFFFFF",0,"01100"
"entry4361","2166","egz:104127202","gene","http://www.kegg.jp/dbget-bin/www_bget?egz:104127202",NA,"rn:R02534",NA,NA,NA,"line",NA,NA,"#FFCC66","#FFFFFF",0,"01100"
"entry4362","2167","egz:104127202","gene","http://www.kegg.jp/dbget-bin/www_bget?egz:104127202",NA,"rn:R04301",NA,NA,NA,"line",NA,NA,"#FFCC66","#FFFFFF",0,"01100"
"entry4363","2168","egz:104132753 / egz:104132934 / egz:104134738 / egz:104134998 / egz:104135008","gene","http://www.kegg.jp/dbget-bin/www_bget?egz:104132753+egz:104132934+egz:104134738+egz:104134998+egz:104135008",NA,"rn:R04300",NA,NA,NA,"line",NA,NA,"#FFCC66","#FFFFFF",0,"01100"
"entry4364","2169","egz:104129357","gene","http://www.kegg.jp/dbget-bin/www_bget?egz:104129357",NA,"rn:R02535",NA,NA,NA,"line",NA,NA,"#FFCC66","#FFFFFF",0,"01100"
"entry4365","2170","egz:104128835","gene","http://www.kegg.jp/dbget-bin/www_bget?egz:104128835",NA,"rn:R02078",NA,NA,NA,"line",NA,NA,"#FFCC66","#FFFFFF",0,"01100"
"entry4366","2173","egz:104124906 / egz:104128835 / egz:104135597","gene","http://www.kegg.jp/dbget-bin/www_bget?egz:104124906+egz:104128835+egz:104135597",NA,"rn:R00031 rn:R00731 rn:R01815",NA,NA,NA,"line",NA,NA,"#FFCC66","#FFFFFF",0,"01100"
"entry4367","2174","egz:104122868 / egz:104127452 / egz:104127453","gene","http://www.kegg.jp/dbget-bin/www_bget?egz:104122868+egz:104127452+egz:104127453",NA,"rn:R04882 rn:R04883",NA,NA,NA,"line",NA,NA,"#FFCC66","#FFFFFF",0,"01100"
"entry4368","2175","egz:104129542","gene","http://www.kegg.jp/dbget-bin/www_bget?egz:104129542",NA,"rn:R02668",NA,NA,NA,"line",NA,NA,"#FFCC66","#FFFFFF",0,"01100"
"entry4369","2176","egz:104128748","gene","http://www.kegg.jp/dbget-bin/www_bget?egz:104128748",NA,"rn:R02665",NA,NA,NA,"line",NA,NA,"#FFCC66","#FFFFFF",0,"01100"
"entry4370","2177","egz:104131202","gene","http://www.kegg.jp/dbget-bin/www_bget?egz:104131202",NA,"rn:R03889",NA,NA,NA,"line",NA,NA,"#FFCC66","#FFFFFF",0,"01100"
"entry4371","2180","egz:104121895 / egz:104123781 / egz:104124248 / egz:104132054","gene","http://www.kegg.jp/dbget-bin/www_bget?egz:104121895+egz:104123781+egz:104124248+egz:104132054",NA,"rn:R02678 rn:R02681",NA,NA,NA,"line",NA,NA,"#FFCC66","#FFFFFF",0,"01100"
"entry4372","2181","egz:104121895 / egz:104123781 / egz:104124248 / egz:104130522 / egz:104132054","gene","http://www.kegg.jp/dbget-bin/www_bget?egz:104121895+egz:104123781+egz:104124248+egz:104130522+egz:104132054",NA,"rn:R04903 rn:R04904",NA,NA,NA,"line",NA,NA,"#FFCC66","#FFFFFF",0,"01100"
"entry4373","2182","egz:104125154 / egz:104129120","gene","http://www.kegg.jp/dbget-bin/www_bget?egz:104125154+egz:104129120",NA,"rn:R00483 rn:R00485 rn:R00578",NA,NA,NA,"line",NA,NA,"#FFCC66","#FFFFFF",0,"01100"
"entry4374","2183","egz:104128271","gene","http://www.kegg.jp/dbget-bin/www_bget?egz:104128271",NA,"rn:R03313",NA,NA,NA,"line",NA,NA,"#FFCC66","#FFFFFF",0,"01100"
"entry4375","2184","egz:104128271","gene","http://www.kegg.jp/dbget-bin/www_bget?egz:104128271",NA,"rn:R00239",NA,NA,NA,"line",NA,NA,"#FFCC66","#FFFFFF",0,"01100"
"entry4376","2188","egz:104124302","gene","http://www.kegg.jp/dbget-bin/www_bget?egz:104124302",NA,"rn:R00149 rn:R00150",NA,NA,NA,"line",NA,NA,"#FFCC66","#FFFFFF",0,"01100"
"entry4377","2189","egz:104123445","gene","http://www.kegg.jp/dbget-bin/www_bget?egz:104123445",NA,"rn:R01154 rn:R01156",NA,NA,NA,"line",NA,NA,"#FFCC66","#FFFFFF",0,"01100"
"entry4378","2193","egz:104134918","gene","http://www.kegg.jp/dbget-bin/www_bget?egz:104134918",NA,"rn:R00566",NA,NA,NA,"line",NA,NA,"#FFCC66","#FFFFFF",0,"01100"
"entry4379","2194","egz:104135050","gene","http://www.kegg.jp/dbget-bin/www_bget?egz:104135050",NA,"rn:R01402",NA,NA,NA,"line",NA,NA,"#FFCC66","#FFFFFF",0,"01100"
"entry4380","2196","egz:104126324 / egz:104133949","gene","http://www.kegg.jp/dbget-bin/www_bget?egz:104126324+egz:104133949",NA,"rn:R00648 rn:R07396 rn:R12055",NA,NA,NA,"line",NA,NA,"#FFCC66","#FFFFFF",0,"01100"
"entry4381","2197","egz:104122532","gene","http://www.kegg.jp/dbget-bin/www_bget?egz:104122532",NA,"rn:R02285 rn:R02287",NA,NA,NA,"line",NA,NA,"#FFCC66","#FFFFFF",0,"01100"
"entry4382","2200","egz:104132356","gene","http://www.kegg.jp/dbget-bin/www_bget?egz:104132356",NA,"rn:R02288",NA,NA,NA,"line",NA,NA,"#FFCC66","#FFFFFF",0,"01100"
"entry4383","2201","egz:104126626","gene","http://www.kegg.jp/dbget-bin/www_bget?egz:104126626",NA,"rn:R02914",NA,NA,NA,"line",NA,NA,"#FFCC66","#FFFFFF",0,"01100"
"entry4384","2202","egz:104124900 / egz:104131010","gene","http://www.kegg.jp/dbget-bin/www_bget?egz:104124900+egz:104131010",NA,"rn:R00650 rn:R00946 rn:R02821 rn:R04405",NA,NA,NA,"line",NA,NA,"#FFCC66","#FFFFFF",0,"01100"
"entry4385","2203","egz:104129001 / egz:104129913","gene","http://www.kegg.jp/dbget-bin/www_bget?egz:104129001+egz:104129913",NA,"rn:R00996",NA,NA,NA,"line",NA,NA,"#FFCC66","#FFFFFF",0,"01100"
"entry4386","2204","egz:104123112","gene","http://www.kegg.jp/dbget-bin/www_bget?egz:104123112",NA,"rn:R01939",NA,NA,NA,"line",NA,NA,"#FFCC66","#FFFFFF",0,"01100"
"entry4387","2208","egz:104133949 / egz:104135088","gene","http://www.kegg.jp/dbget-bin/www_bget?egz:104133949+egz:104135088",NA,"rn:R02196 rn:R02197 rn:R02199",NA,NA,NA,"line",NA,NA,"#FFCC66","#FFFFFF",0,"01100"
"entry4388","2213","egz:104135088","gene","http://www.kegg.jp/dbget-bin/www_bget?egz:104135088",NA,"rn:R01088 rn:R01090",NA,NA,NA,"line",NA,NA,"#FFCC66","#FFFFFF",0,"01100"
"entry4389","2214","egz:104135088","gene","http://www.kegg.jp/dbget-bin/www_bget?egz:104135088",NA,"rn:R01214 rn:R01215 rn:R01434",NA,NA,NA,"line",NA,NA,"#FFCC66","#FFFFFF",0,"01100"
"entry4390","2215","egz:104132323","gene","http://www.kegg.jp/dbget-bin/www_bget?egz:104132323",NA,"rn:R01168",NA,NA,NA,"line",NA,NA,"#FFCC66","#FFFFFF",0,"01100"
"entry4391","2217","egz:104129528","gene","http://www.kegg.jp/dbget-bin/www_bget?egz:104129528",NA,"rn:R04323",NA,NA,NA,"line",NA,NA,"#FFCC66","#FFFFFF",0,"01100"
"entry4392","2218","egz:104130919 / egz:104130983 / egz:104134191","gene","http://www.kegg.jp/dbget-bin/www_bget?egz:104130919+egz:104130983+egz:104134191",NA,"rn:R00927",NA,NA,NA,"line",NA,NA,"#FFCC66","#FFFFFF",0,"01100"
"entry4393","2219","egz:104125143 / egz:104130955 / egz:104131306","gene","http://www.kegg.jp/dbget-bin/www_bget?egz:104125143+egz:104130955+egz:104131306",NA,"rn:R04204",NA,NA,NA,"line",NA,NA,"#FFCC66","#FFFFFF",0,"01100"
"entry4394","2220","egz:104123852 / egz:104128327 / egz:104129891","gene","http://www.kegg.jp/dbget-bin/www_bget?egz:104123852+egz:104128327+egz:104129891",NA,"rn:R03172",NA,NA,NA,"line",NA,NA,"#FFCC66","#FFFFFF",0,"01100"
"entry4395","2221","egz:104134030","gene","http://www.kegg.jp/dbget-bin/www_bget?egz:104134030",NA,"rn:R03174",NA,NA,NA,"line",NA,NA,"#FFCC66","#FFFFFF",0,"01100"
"entry4396","2222","egz:104123852 / egz:104130077","gene","http://www.kegg.jp/dbget-bin/www_bget?egz:104123852+egz:104130077",NA,"rn:R04095",NA,NA,NA,"line",NA,NA,"#FFCC66","#FFFFFF",0,"01100"
"entry4397","2223","egz:104123297 / egz:104123917 / egz:104135049","gene","http://www.kegg.jp/dbget-bin/www_bget?egz:104123297+egz:104123917+egz:104135049",NA,"rn:R04138",NA,NA,NA,"line",NA,NA,"#FFCC66","#FFFFFF",0,"01100"
"entry4398","2224","egz:104126927","gene","http://www.kegg.jp/dbget-bin/www_bget?egz:104126927",NA,"rn:R02085",NA,NA,NA,"line",NA,NA,"#FFCC66","#FFFFFF",0,"01100"
"entry4399","2231","egz:104124898","gene","http://www.kegg.jp/dbget-bin/www_bget?egz:104124898",NA,"rn:R01564 rn:R01565",NA,NA,NA,"line",NA,NA,"#FFCC66","#FFFFFF",0,"01100"
"entry4400","2232","egz:104124900","gene","http://www.kegg.jp/dbget-bin/www_bget?egz:104124900",NA,"rn:R02821 rn:R07244",NA,NA,NA,"line",NA,NA,"#FFCC66","#FFFFFF",0,"01100"
"entry4401","2233","egz:104129079 / egz:104130242","gene","http://www.kegg.jp/dbget-bin/www_bget?egz:104129079+egz:104130242",NA,"rn:R00895 rn:R00896",NA,NA,NA,"line",NA,NA,"#FFCC66","#FFFFFF",0,"01100"
"entry4402","2234","egz:104123852 / egz:104124193 / egz:104125311 / egz:104130192 / egz:104132529","gene","http://www.kegg.jp/dbget-bin/www_bget?egz:104123852+egz:104124193+egz:104125311+egz:104130192+egz:104132529",NA,"rn:R01278 rn:R01279",NA,NA,NA,"line",NA,NA,"#80CCCC","#FFFFFF",0,"01100"
"entry4403","2235","egz:104125143 / egz:104130955 / egz:104131306","gene","http://www.kegg.jp/dbget-bin/www_bget?egz:104125143+egz:104130955+egz:104131306",NA,"rn:R04738",NA,NA,NA,"line",NA,NA,"#80CCCC","#FFFFFF",0,"01100"
"entry4404","2236","egz:104130955 / egz:104131306 / egz:104135502","gene","http://www.kegg.jp/dbget-bin/www_bget?egz:104130955+egz:104131306+egz:104135502",NA,"rn:R04737",NA,NA,NA,"line",NA,NA,"#80CCCC","#FFFFFF",0,"01100"
"entry4405","2237","egz:104123852 / egz:104124193 / egz:104125311 / egz:104130192 / egz:104132529","gene","http://www.kegg.jp/dbget-bin/www_bget?egz:104123852+egz:104124193+egz:104125311+egz:104130192+egz:104132529",NA,"rn:R03989 rn:R03990",NA,NA,NA,"line",NA,NA,"#80CCCC","#FFFFFF",0,"01100"
"entry4406","2238","egz:104125143 / egz:104130955 / egz:104131306","gene","http://www.kegg.jp/dbget-bin/www_bget?egz:104125143+egz:104130955+egz:104131306",NA,"rn:R04740",NA,NA,NA,"line",NA,NA,"#80CCCC","#FFFFFF",0,"01100"
"entry4407","2239","egz:104130955 / egz:104131306 / egz:104135502","gene","http://www.kegg.jp/dbget-bin/www_bget?egz:104130955+egz:104131306+egz:104135502",NA,"rn:R04739",NA,NA,NA,"line",NA,NA,"#80CCCC","#FFFFFF",0,"01100"
"entry4408","2240","egz:104130919 / egz:104130983 / egz:104134191","gene","http://www.kegg.jp/dbget-bin/www_bget?egz:104130919+egz:104130983+egz:104134191",NA,"rn:R03858",NA,NA,NA,"line",NA,NA,"#80CCCC","#FFFFFF",0,"01100"
"entry4409","2242","egz:104123852 / egz:104124193 / egz:104125311 / egz:104130192 / egz:104132529","gene","http://www.kegg.jp/dbget-bin/www_bget?egz:104123852+egz:104124193+egz:104125311+egz:104130192+egz:104132529",NA,"rn:R03856 rn:R03857",NA,NA,NA,"line",NA,NA,"#80CCCC","#FFFFFF",0,"01100"
"entry4410","2243","egz:104125143 / egz:104130955 / egz:104131306","gene","http://www.kegg.jp/dbget-bin/www_bget?egz:104125143+egz:104130955+egz:104131306",NA,"rn:R04170",NA,NA,NA,"line",NA,NA,"#80CCCC","#FFFFFF",0,"01100"
"entry4411","2244","egz:104130955 / egz:104131306 / egz:104135502","gene","http://www.kegg.jp/dbget-bin/www_bget?egz:104130955+egz:104131306+egz:104135502",NA,"rn:R04741",NA,NA,NA,"line",NA,NA,"#80CCCC","#FFFFFF",0,"01100"
"entry4412","2245","egz:104130919 / egz:104130983 / egz:104134191","gene","http://www.kegg.jp/dbget-bin/www_bget?egz:104130919+egz:104130983+egz:104134191",NA,"rn:R04742",NA,NA,NA,"line",NA,NA,"#80CCCC","#FFFFFF",0,"01100"
"entry4413","2247","egz:104123852 / egz:104124193 / egz:104125311 / egz:104130192 / egz:104132529","gene","http://www.kegg.jp/dbget-bin/www_bget?egz:104123852+egz:104124193+egz:104125311+egz:104130192+egz:104132529",NA,"rn:R04753 rn:R04754",NA,NA,NA,"line",NA,NA,"#80CCCC","#FFFFFF",0,"01100"
"entry4414","2248","egz:104125143 / egz:104130955 / egz:104131306","gene","http://www.kegg.jp/dbget-bin/www_bget?egz:104125143+egz:104130955+egz:104131306",NA,"rn:R04744",NA,NA,NA,"line",NA,NA,"#80CCCC","#FFFFFF",0,"01100"
"entry4415","2249","egz:104130955 / egz:104131306 / egz:104135502","gene","http://www.kegg.jp/dbget-bin/www_bget?egz:104130955+egz:104131306+egz:104135502",NA,"rn:R04743",NA,NA,NA,"line",NA,NA,"#80CCCC","#FFFFFF",0,"01100"
"entry4416","2250","egz:104130919 / egz:104130983 / egz:104134191","gene","http://www.kegg.jp/dbget-bin/www_bget?egz:104130919+egz:104130983+egz:104134191",NA,"rn:R03778",NA,NA,NA,"line",NA,NA,"#80CCCC","#FFFFFF",0,"01100"
"entry4417","2252","egz:104123852 / egz:104124193 / egz:104125311 / egz:104130192 / egz:104132529","gene","http://www.kegg.jp/dbget-bin/www_bget?egz:104123852+egz:104124193+egz:104125311+egz:104130192+egz:104132529",NA,"rn:R03776 rn:R03777",NA,NA,NA,"line",NA,NA,"#80CCCC","#FFFFFF",0,"01100"
"entry4418","2253","egz:104125143 / egz:104130955 / egz:104131306","gene","http://www.kegg.jp/dbget-bin/www_bget?egz:104125143+egz:104130955+egz:104131306",NA,"rn:R04746",NA,NA,NA,"line",NA,NA,"#80CCCC","#FFFFFF",0,"01100"
"entry4419","2254","egz:104130955 / egz:104131306 / egz:104135502","gene","http://www.kegg.jp/dbget-bin/www_bget?egz:104130955+egz:104131306+egz:104135502",NA,"rn:R04745",NA,NA,NA,"line",NA,NA,"#80CCCC","#FFFFFF",0,"01100"
"entry4420","2255","egz:104130919 / egz:104130983 / egz:104134191","gene","http://www.kegg.jp/dbget-bin/www_bget?egz:104130919+egz:104130983+egz:104134191",NA,"rn:R04747",NA,NA,NA,"line",NA,NA,"#80CCCC","#FFFFFF",0,"01100"
"entry4421","2257","egz:104123852 / egz:104124193 / egz:104125311 / egz:104128327 / egz:104129891 / egz:104130192 / egz:104132529","gene","http://www.kegg.jp/dbget-bin/www_bget?egz:104123852+egz:104124193+egz:104125311+egz:104128327+egz:104129891+egz:104130192+egz:104132529",NA,"rn:R04751 rn:R06985",NA,NA,NA,"line",NA,NA,"#80CCCC","#FFFFFF",0,"01100"
"entry4422","2258","egz:104125143 / egz:104130955 / egz:104131306","gene","http://www.kegg.jp/dbget-bin/www_bget?egz:104125143+egz:104130955+egz:104131306",NA,"rn:R04749",NA,NA,NA,"line",NA,NA,"#80CCCC","#FFFFFF",0,"01100"
"entry4423","2259","egz:104130955 / egz:104131306 / egz:104135502","gene","http://www.kegg.jp/dbget-bin/www_bget?egz:104130955+egz:104131306+egz:104135502",NA,"rn:R04748",NA,NA,NA,"line",NA,NA,"#80CCCC","#FFFFFF",0,"01100"
"entry4424","2260","egz:104124816 / egz:104130066 / egz:104130919 / egz:104130983 / egz:104134191","gene","http://www.kegg.jp/dbget-bin/www_bget?egz:104124816+egz:104130066+egz:104130919+egz:104130983+egz:104134191",NA,"rn:R01177",NA,NA,NA,"line",NA,NA,"#80CCCC","#FFFFFF",0,"01100"
"entry4425","2262","egz:104123852 / egz:104125311 / egz:104128327 / egz:104129891 / egz:104130192","gene","http://www.kegg.jp/dbget-bin/www_bget?egz:104123852+egz:104125311+egz:104128327+egz:104129891+egz:104130192",NA,"rn:R01171 rn:R01175",NA,NA,NA,"line",NA,NA,"#80CCCC","#FFFFFF",0,"01100"
"entry4426","2263","egz:104125143 / egz:104130955 / egz:104131306","gene","http://www.kegg.jp/dbget-bin/www_bget?egz:104125143+egz:104130955+egz:104131306",NA,"rn:R03026",NA,NA,NA,"line",NA,NA,"#80CCCC","#FFFFFF",0,"01100"
"entry4427","2264","egz:104131306 / egz:104135502","gene","http://www.kegg.jp/dbget-bin/www_bget?egz:104131306+egz:104135502",NA,"rn:R01975 rn:R01976",NA,NA,NA,"line",NA,NA,"#80CCCC","#FFFFFF",0,"01100"
"entry4428","2265","egz:104131108 / egz:104132529","gene","http://www.kegg.jp/dbget-bin/www_bget?egz:104131108+egz:104132529",NA,"rn:R04969 rn:R04970",NA,NA,NA,"line",NA,NA,"#80CCCC","#FFFFFF",0,"01100"
"entry4429","2266","egz:104131108","gene","http://www.kegg.jp/dbget-bin/www_bget?egz:104131108",NA,"rn:R04544",NA,NA,NA,"line",NA,NA,"#80CCCC","#FFFFFF",0,"01100"
"entry4430","2267","egz:104123107 / egz:104131108","gene","http://www.kegg.jp/dbget-bin/www_bget?egz:104123107+egz:104131108",NA,"rn:R04543",NA,NA,NA,"line",NA,NA,"#80CCCC","#FFFFFF",0,"01100"
"entry4431","2268","egz:104122949 / egz:104131108","gene","http://www.kegg.jp/dbget-bin/www_bget?egz:104122949+egz:104131108",NA,"rn:R04968",NA,NA,NA,"line",NA,NA,"#80CCCC","#FFFFFF",0,"01100"
"entry4432","2270","egz:104131108 / egz:104132529","gene","http://www.kegg.jp/dbget-bin/www_bget?egz:104131108+egz:104132529",NA,"rn:R04966 rn:R04967",NA,NA,NA,"line",NA,NA,"#80CCCC","#FFFFFF",0,"01100"
"entry4433","2271","egz:104131108","gene","http://www.kegg.jp/dbget-bin/www_bget?egz:104131108",NA,"rn:R04568",NA,NA,NA,"line",NA,NA,"#80CCCC","#FFFFFF",0,"01100"
"entry4434","2272","egz:104123107 / egz:104131108","gene","http://www.kegg.jp/dbget-bin/www_bget?egz:104123107+egz:104131108",NA,"rn:R04566",NA,NA,NA,"line",NA,NA,"#80CCCC","#FFFFFF",0,"01100"
"entry4435","2273","egz:104122949 / egz:104131108","gene","http://www.kegg.jp/dbget-bin/www_bget?egz:104122949+egz:104131108",NA,"rn:R04726",NA,NA,NA,"line",NA,NA,"#80CCCC","#FFFFFF",0,"01100"
"entry4436","2275","egz:104131108 / egz:104132529","gene","http://www.kegg.jp/dbget-bin/www_bget?egz:104131108+egz:104132529",NA,"rn:R04724 rn:R04725",NA,NA,NA,"line",NA,NA,"#80CCCC","#FFFFFF",0,"01100"
"entry4437","2276","egz:104131108","gene","http://www.kegg.jp/dbget-bin/www_bget?egz:104131108",NA,"rn:R04965",NA,NA,NA,"line",NA,NA,"#80CCCC","#FFFFFF",0,"01100"
"entry4438","2277","egz:104123107 / egz:104131108","gene","http://www.kegg.jp/dbget-bin/www_bget?egz:104123107+egz:104131108",NA,"rn:R04964",NA,NA,NA,"line",NA,NA,"#80CCCC","#FFFFFF",0,"01100"
"entry4439","2278","egz:104122949 / egz:104131108","gene","http://www.kegg.jp/dbget-bin/www_bget?egz:104122949+egz:104131108",NA,"rn:R04963",NA,NA,NA,"line",NA,NA,"#80CCCC","#FFFFFF",0,"01100"
"entry4440","2280","egz:104131108 / egz:104132529","gene","http://www.kegg.jp/dbget-bin/www_bget?egz:104131108+egz:104132529",NA,"rn:R04961 rn:R04962",NA,NA,NA,"line",NA,NA,"#80CCCC","#FFFFFF",0,"01100"
"entry4441","2281","egz:104131108","gene","http://www.kegg.jp/dbget-bin/www_bget?egz:104131108",NA,"rn:R04535",NA,NA,NA,"line",NA,NA,"#80CCCC","#FFFFFF",0,"01100"
"entry4442","2282","egz:104123107 / egz:104131108","gene","http://www.kegg.jp/dbget-bin/www_bget?egz:104123107+egz:104131108",NA,"rn:R04534",NA,NA,NA,"line",NA,NA,"#80CCCC","#FFFFFF",0,"01100"
"entry4443","2283","egz:104122949 / egz:104131108","gene","http://www.kegg.jp/dbget-bin/www_bget?egz:104122949+egz:104131108",NA,"rn:R04960",NA,NA,NA,"line",NA,NA,"#80CCCC","#FFFFFF",0,"01100"
"entry4444","2285","egz:104131108 / egz:104132529","gene","http://www.kegg.jp/dbget-bin/www_bget?egz:104131108+egz:104132529",NA,"rn:R04958 rn:R04959",NA,NA,NA,"line",NA,NA,"#80CCCC","#FFFFFF",0,"01100"
"entry4445","2286","egz:104131108","gene","http://www.kegg.jp/dbget-bin/www_bget?egz:104131108",NA,"rn:R04537",NA,NA,NA,"line",NA,NA,"#80CCCC","#FFFFFF",0,"01100"
"entry4446","2287","egz:104123107 / egz:104131108","gene","http://www.kegg.jp/dbget-bin/www_bget?egz:104123107+egz:104131108",NA,"rn:R04536",NA,NA,NA,"line",NA,NA,"#80CCCC","#FFFFFF",0,"01100"
"entry4447","2288","egz:104122949 / egz:104131108","gene","http://www.kegg.jp/dbget-bin/www_bget?egz:104122949+egz:104131108",NA,"rn:R04957",NA,NA,NA,"line",NA,NA,"#80CCCC","#FFFFFF",0,"01100"
"entry4448","2290","egz:104131108 / egz:104132529","gene","http://www.kegg.jp/dbget-bin/www_bget?egz:104131108+egz:104132529",NA,"rn:R04955 rn:R04956",NA,NA,NA,"line",NA,NA,"#80CCCC","#FFFFFF",0,"01100"
"entry4449","2291","egz:104131108","gene","http://www.kegg.jp/dbget-bin/www_bget?egz:104131108",NA,"rn:R04954",NA,NA,NA,"line",NA,NA,"#80CCCC","#FFFFFF",0,"01100"
"entry4450","2292","egz:104123107 / egz:104131108","gene","http://www.kegg.jp/dbget-bin/www_bget?egz:104123107+egz:104131108",NA,"rn:R04953",NA,NA,NA,"line",NA,NA,"#80CCCC","#FFFFFF",0,"01100"
"entry4451","2293","egz:104122949 / egz:104131108","gene","http://www.kegg.jp/dbget-bin/www_bget?egz:104122949+egz:104131108",NA,"rn:R04952",NA,NA,NA,"line",NA,NA,"#80CCCC","#FFFFFF",0,"01100"
"entry4452","2295","egz:104131108 / egz:104132529","gene","http://www.kegg.jp/dbget-bin/www_bget?egz:104131108+egz:104132529",NA,"rn:R04429 rn:R04430",NA,NA,NA,"line",NA,NA,"#80CCCC","#FFFFFF",0,"01100"
"entry4453","2296","egz:104131108","gene","http://www.kegg.jp/dbget-bin/www_bget?egz:104131108",NA,"rn:R04428",NA,NA,NA,"line",NA,NA,"#80CCCC","#FFFFFF",0,"01100"
"entry4454","2297","egz:104123107 / egz:104131108","gene","http://www.kegg.jp/dbget-bin/www_bget?egz:104123107+egz:104131108",NA,"rn:R04533",NA,NA,NA,"line",NA,NA,"#80CCCC","#FFFFFF",0,"01100"
"entry4455","2298","egz:104122949 / egz:104131108","gene","http://www.kegg.jp/dbget-bin/www_bget?egz:104122949+egz:104131108",NA,"rn:R04355",NA,NA,NA,"line",NA,NA,"#80CCCC","#FFFFFF",0,"01100"
"entry4456","2300","egz:104131108","gene","http://www.kegg.jp/dbget-bin/www_bget?egz:104131108",NA,"rn:R01706",NA,NA,NA,"line",NA,NA,"#80CCCC","#FFFFFF",0,"01100"
"entry4457","2301","egz:104124344 / egz:104129474 / egz:104130412 / egz:104130744 / egz:104133267 / egz:104133551 / egz:104134971 / egz:104135471","gene","http://www.kegg.jp/dbget-bin/www_bget?egz:104124344+egz:104129474+egz:104130412+egz:104130744+egz:104133267+egz:104133551+egz:104134971+egz:104135471",NA,"rn:R01274 rn:R01280",NA,NA,NA,"line",NA,NA,"#80CCCC","#FFFFFF",0,"01100"
"entry4458","2302","egz:104126234 / egz:104134910","gene","http://www.kegg.jp/dbget-bin/www_bget?egz:104126234+egz:104134910",NA,"rn:R01360",NA,NA,NA,"line",NA,NA,"#80CCCC","#FFFFFF",0,"01100"
"entry4459","2303","egz:104127085 / egz:104127126 / egz:104127819","gene","http://www.kegg.jp/dbget-bin/www_bget?egz:104127085+egz:104127126+egz:104127819",NA,"rn:R01361",NA,NA,NA,"line",NA,NA,"#80CCCC","#FFFFFF",0,"01100"
"entry4460","2310","egz:104125028","gene","http://www.kegg.jp/dbget-bin/www_bget?egz:104125028",NA,"rn:R01121",NA,NA,NA,"line",NA,NA,"#9EE284","#FFFFFF",0,"01100"
"entry4461","2312","egz:104123811","gene","http://www.kegg.jp/dbget-bin/www_bget?egz:104123811",NA,"rn:R02245",NA,NA,NA,"line",NA,NA,"#9EE284","#FFFFFF",0,"01100"
"entry4462","2313","egz:104127262","gene","http://www.kegg.jp/dbget-bin/www_bget?egz:104127262",NA,"rn:R02872",NA,NA,NA,"line",NA,NA,"#9EE284","#FFFFFF",0,"01100"
"entry4463","2314","egz:104134437","gene","http://www.kegg.jp/dbget-bin/www_bget?egz:104134437",NA,"rn:R02874 rn:R12355",NA,NA,NA,"line",NA,NA,"#9EE284","#FFFFFF",0,"01100"
"entry4464","2315","egz:104133503","gene","http://www.kegg.jp/dbget-bin/www_bget?egz:104133503",NA,"rn:R03199",NA,NA,NA,"line",NA,NA,"#80CCCC","#FFFFFF",0,"01100"
"entry4465","2316","egz:104128884","gene","http://www.kegg.jp/dbget-bin/www_bget?egz:104128884",NA,"rn:R05640 rn:R12323",NA,NA,NA,"line",NA,NA,"#80CCCC","#FFFFFF",0,"01100"
"entry4466","2319","egz:104127975","gene","http://www.kegg.jp/dbget-bin/www_bget?egz:104127975",NA,"rn:R07494",NA,NA,NA,"line",NA,NA,"#80CCCC","#FFFFFF",0,"01100"
"entry4467","2320","egz:104132130","gene","http://www.kegg.jp/dbget-bin/www_bget?egz:104132130",NA,"rn:R07495",NA,NA,NA,"line",NA,NA,"#80CCCC","#FFFFFF",0,"01100"
"entry4468","2321","egz:104132130","gene","http://www.kegg.jp/dbget-bin/www_bget?egz:104132130",NA,"rn:R12405",NA,NA,NA,"line",NA,NA,"#80CCCC","#FFFFFF",0,"01100"
"entry4469","2333","egz:104123952","gene","http://www.kegg.jp/dbget-bin/www_bget?egz:104123952",NA,"rn:R01457",NA,NA,NA,"line",NA,NA,"#80CCCC","#FFFFFF",0,"01100"
"entry4470","2334","egz:104123952","gene","http://www.kegg.jp/dbget-bin/www_bget?egz:104123952",NA,"rn:R07507",NA,NA,NA,"line",NA,NA,"#80CCCC","#FFFFFF",0,"01100"
"entry4471","2335","egz:104123952","gene","http://www.kegg.jp/dbget-bin/www_bget?egz:104123952",NA,"rn:R05703",NA,NA,NA,"line",NA,NA,"#80CCCC","#FFFFFF",0,"01100"
"entry4472","2336","egz:104123952","gene","http://www.kegg.jp/dbget-bin/www_bget?egz:104123952",NA,"rn:R07498",NA,NA,NA,"line",NA,NA,"#80CCCC","#FFFFFF",0,"01100"
"entry4473","2338","egz:104125957","gene","http://www.kegg.jp/dbget-bin/www_bget?egz:104125957",NA,"rn:R07215",NA,NA,NA,"line",NA,NA,"#80CCCC","#FFFFFF",0,"01100"
"entry4474","2339","egz:104124694","gene","http://www.kegg.jp/dbget-bin/www_bget?egz:104124694",NA,"rn:R01451 rn:R01456",NA,NA,NA,"line",NA,NA,"#80CCCC","#FFFFFF",0,"01100"
"entry4475","2344","egz:104131788","gene","http://www.kegg.jp/dbget-bin/www_bget?egz:104131788",NA,"rn:R04263",NA,NA,NA,"line",NA,NA,"#80CCCC","#FFFFFF",0,"01100"
"entry4476","2345","egz:104135569","gene","http://www.kegg.jp/dbget-bin/www_bget?egz:104135569",NA,"rn:R04817",NA,NA,NA,"line",NA,NA,"#80CCCC","#FFFFFF",0,"01100"
"entry4477","2347","egz:104132432","gene","http://www.kegg.jp/dbget-bin/www_bget?egz:104132432",NA,"rn:R04806",NA,NA,NA,"line",NA,NA,"#80CCCC","#FFFFFF",0,"01100"
"entry4478","2348","egz:104132432","gene","http://www.kegg.jp/dbget-bin/www_bget?egz:104132432",NA,"rn:R08758",NA,NA,NA,"line",NA,NA,"#80CCCC","#FFFFFF",0,"01100"
"entry4479","2349","egz:104132432","gene","http://www.kegg.jp/dbget-bin/www_bget?egz:104132432",NA,"rn:R08760",NA,NA,NA,"line",NA,NA,"#80CCCC","#FFFFFF",0,"01100"
"entry4480","2351","egz:104133917","gene","http://www.kegg.jp/dbget-bin/www_bget?egz:104133917",NA,"rn:R08739",NA,NA,NA,"line",NA,NA,"#80CCCC","#FFFFFF",0,"01100"
"entry4481","2352","egz:104134791","gene","http://www.kegg.jp/dbget-bin/www_bget?egz:104134791",NA,"rn:R08740",NA,NA,NA,"line",NA,NA,"#80CCCC","#FFFFFF",0,"01100"
"entry4482","2353","egz:104124585","gene","http://www.kegg.jp/dbget-bin/www_bget?egz:104124585",NA,"rn:R04826",NA,NA,NA,"line",NA,NA,"#80CCCC","#FFFFFF",0,"01100"
"entry4483","2354","egz:104135569","gene","http://www.kegg.jp/dbget-bin/www_bget?egz:104135569",NA,"rn:R04823",NA,NA,NA,"line",NA,NA,"#80CCCC","#FFFFFF",0,"01100"
"entry4484","2356","egz:104132432","gene","http://www.kegg.jp/dbget-bin/www_bget?egz:104132432",NA,"rn:R04807",NA,NA,NA,"line",NA,NA,"#80CCCC","#FFFFFF",0,"01100"
"entry4485","2357","egz:104132432","gene","http://www.kegg.jp/dbget-bin/www_bget?egz:104132432",NA,"rn:R08759",NA,NA,NA,"line",NA,NA,"#80CCCC","#FFFFFF",0,"01100"
"entry4486","2358","egz:104132432","gene","http://www.kegg.jp/dbget-bin/www_bget?egz:104132432",NA,"rn:R08761",NA,NA,NA,"line",NA,NA,"#80CCCC","#FFFFFF",0,"01100"
"entry4487","2360","egz:104133917","gene","http://www.kegg.jp/dbget-bin/www_bget?egz:104133917",NA,"rn:R08734",NA,NA,NA,"line",NA,NA,"#80CCCC","#FFFFFF",0,"01100"
"entry4488","2361","egz:104134791","gene","http://www.kegg.jp/dbget-bin/www_bget?egz:104134791",NA,"rn:R08735",NA,NA,NA,"line",NA,NA,"#80CCCC","#FFFFFF",0,"01100"
"entry4489","2362","egz:104130717","gene","http://www.kegg.jp/dbget-bin/www_bget?egz:104130717",NA,"rn:R01454",NA,NA,NA,"line",NA,NA,"#80CCCC","#FFFFFF",0,"01100"
"entry4490","2363","egz:104130717","gene","http://www.kegg.jp/dbget-bin/www_bget?egz:104130717",NA,"rn:R04854",NA,NA,NA,"line",NA,NA,"#80CCCC","#FFFFFF",0,"01100"
"entry4491","2364","egz:104130717","gene","http://www.kegg.jp/dbget-bin/www_bget?egz:104130717",NA,"rn:R03933",NA,NA,NA,"line",NA,NA,"#80CCCC","#FFFFFF",0,"01100"
"entry4492","2365","egz:104130717","gene","http://www.kegg.jp/dbget-bin/www_bget?egz:104130717",NA,"rn:R02723",NA,NA,NA,"line",NA,NA,"#80CCCC","#FFFFFF",0,"01100"
"entry4493","2366","egz:104130717","gene","http://www.kegg.jp/dbget-bin/www_bget?egz:104130717",NA,"rn:R04855",NA,NA,NA,"line",NA,NA,"#80CCCC","#FFFFFF",0,"01100"
"entry4494","2367","egz:104125602","gene","http://www.kegg.jp/dbget-bin/www_bget?egz:104125602",NA,"rn:R02211",NA,NA,NA,"line",NA,NA,"#80CCCC","#FFFFFF",0,"01100"
"entry4495","2368","egz:104133716","gene","http://www.kegg.jp/dbget-bin/www_bget?egz:104133716",NA,"rn:R03326",NA,NA,NA,"line",NA,NA,"#80CCCC","#FFFFFF",0,"01100"
"entry4496","2370","egz:104133716","gene","http://www.kegg.jp/dbget-bin/www_bget?egz:104133716",NA,"rn:R02213",NA,NA,NA,"line",NA,NA,"#80CCCC","#FFFFFF",0,"01100"
"entry4497","2374","egz:104125602","gene","http://www.kegg.jp/dbget-bin/www_bget?egz:104125602",NA,"rn:R03783",NA,NA,NA,"line",NA,NA,"#80CCCC","#FFFFFF",0,"01100"
"entry4498","2375","egz:104126518","gene","http://www.kegg.jp/dbget-bin/www_bget?egz:104126518",NA,"rn:R01837",NA,NA,NA,"line",NA,NA,"#80CCCC","#FFFFFF",0,"01100"
"entry4499","2376","egz:104125984 / egz:104133743","gene","http://www.kegg.jp/dbget-bin/www_bget?egz:104125984+egz:104133743",NA,"rn:R01836 rn:R01838",NA,NA,NA,"line",NA,NA,"#80CCCC","#FFFFFF",0,"01100"
"entry4500","2377","egz:104130907","gene","http://www.kegg.jp/dbget-bin/www_bget?egz:104130907",NA,"rn:R02501",NA,NA,NA,"line",NA,NA,"#80CCCC","#FFFFFF",0,"01100"
"entry4501","2378","egz:104130907","gene","http://www.kegg.jp/dbget-bin/www_bget?egz:104130907",NA,"rn:R04761",NA,NA,NA,"line",NA,NA,"#80CCCC","#FFFFFF",0,"01100"
"entry4502","2379","egz:104130907","gene","http://www.kegg.jp/dbget-bin/www_bget?egz:104130907",NA,"rn:R03087",NA,NA,NA,"line",NA,NA,"#80CCCC","#FFFFFF",0,"01100"
"entry4503","2380","egz:104132130 / egz:104133743 / egz:104134096","gene","http://www.kegg.jp/dbget-bin/www_bget?egz:104132130+egz:104133743+egz:104134096",NA,"rn:R02352 rn:R02353",NA,NA,NA,"line",NA,NA,"#80CCCC","#FFFFFF",0,"01100"
"entry4504","2381","egz:104130907","gene","http://www.kegg.jp/dbget-bin/www_bget?egz:104130907",NA,"rn:R02351",NA,NA,NA,"line",NA,NA,"#80CCCC","#FFFFFF",0,"01100"
"entry4505","2382","egz:104130907","gene","http://www.kegg.jp/dbget-bin/www_bget?egz:104130907",NA,"rn:R04759",NA,NA,NA,"line",NA,NA,"#80CCCC","#FFFFFF",0,"01100"
"entry4506","2383","egz:104130907","gene","http://www.kegg.jp/dbget-bin/www_bget?egz:104130907",NA,"rn:R01840",NA,NA,NA,"line",NA,NA,"#80CCCC","#FFFFFF",0,"01100"
"entry4507","2391","egz:104125957","gene","http://www.kegg.jp/dbget-bin/www_bget?egz:104125957",NA,"rn:R07491",NA,NA,NA,"line",NA,NA,"#80CCCC","#FFFFFF",0,"01100"
"entry4508","2392","egz:104124694","gene","http://www.kegg.jp/dbget-bin/www_bget?egz:104124694",NA,"rn:R07492",NA,NA,NA,"line",NA,NA,"#80CCCC","#FFFFFF",0,"01100"
"entry4509","2393","egz:104123952","gene","http://www.kegg.jp/dbget-bin/www_bget?egz:104123952",NA,"rn:R07493",NA,NA,NA,"line",NA,NA,"#80CCCC","#FFFFFF",0,"01100"
"entry4510","2394","egz:104123157","gene","http://www.kegg.jp/dbget-bin/www_bget?egz:104123157",NA,"rn:R03611 rn:R11458",NA,NA,NA,"line",NA,NA,"#80CCCC","#FFFFFF",0,"01100"
"entry4511","2399","egz:104126988","gene","http://www.kegg.jp/dbget-bin/www_bget?egz:104126988",NA,"rn:R01056",NA,NA,NA,"line",NA,NA,"#CC99FF","#FFFFFF",0,"01100"
"entry4512","2400","egz:104126732","gene","http://www.kegg.jp/dbget-bin/www_bget?egz:104126732",NA,"rn:R01641",NA,NA,NA,"line",NA,NA,"#CC99FF","#FFFFFF",0,"01100"
"entry4513","2402","egz:104127484 / egz:104131940 / egz:104133683","gene","http://www.kegg.jp/dbget-bin/www_bget?egz:104127484+egz:104131940+egz:104133683",NA,"rn:R01829",NA,NA,NA,"line",NA,NA,"#CC99FF","#FFFFFF",0,"01100"
"entry4514","2403","egz:104126732","gene","http://www.kegg.jp/dbget-bin/www_bget?egz:104126732",NA,"rn:R00761 rn:R01067",NA,NA,NA,"line",NA,NA,"#CC99FF","#FFFFFF",0,"01100"
"entry4515","2404","egz:104125929 / egz:104126004 / egz:104128531 / egz:104128923 / egz:104131274","gene","http://www.kegg.jp/dbget-bin/www_bget?egz:104125929+egz:104126004+egz:104128531+egz:104128923+egz:104131274",NA,"rn:R00762 rn:R00756 rn:R05805",NA,NA,NA,"line",NA,NA,"#CC99FF","#FFFFFF",0,"01100"
"entry4516","2405","egz:104126590","gene","http://www.kegg.jp/dbget-bin/www_bget?egz:104126590",NA,"rn:R01061 rn:R01063",NA,NA,NA,"line",NA,NA,"#CC99FF","#FFFFFF",0,"01100"
"entry4517","2406","egz:104135704","gene","http://www.kegg.jp/dbget-bin/www_bget?egz:104135704",NA,"rn:R01512",NA,NA,NA,"line",NA,NA,"#CC99FF","#FFFFFF",0,"01100"
"entry4518","2408","egz:104124346","gene","http://www.kegg.jp/dbget-bin/www_bget?egz:104124346",NA,"rn:R01529",NA,NA,NA,"line",NA,NA,"#CC99FF","#FFFFFF",0,"01100"
"entry4519","2409","egz:104128518 / egz:104135488","gene","http://www.kegg.jp/dbget-bin/www_bget?egz:104128518+egz:104135488",NA,"rn:R00214 rn:R00216",NA,NA,NA,"line",NA,NA,"#CC99FF","#FFFFFF",0,"01100"
"entry4520","2414","egz:104125556","gene","http://www.kegg.jp/dbget-bin/www_bget?egz:104125556",NA,"rn:R00258",NA,NA,NA,"line",NA,NA,"#CC99FF","#FFFFFF",0,"01100"
"entry4521","2421","egz:104129079 / egz:104130242","gene","http://www.kegg.jp/dbget-bin/www_bget?egz:104129079+egz:104130242",NA,"rn:R00355",NA,NA,NA,"line",NA,NA,"#CC99FF","#FFFFFF",0,"01100"
"entry4522","2426","egz:104132269","gene","http://www.kegg.jp/dbget-bin/www_bget?egz:104132269",NA,"rn:R01993",NA,NA,NA,"line",NA,NA,"#FF8080","#FFFFFF",0,"01100"
"entry4523","2427","egz:104126447","gene","http://www.kegg.jp/dbget-bin/www_bget?egz:104126447",NA,"rn:R01867 rn:R01868 rn:R01869",NA,NA,NA,"line",NA,NA,"#FF8080","#FFFFFF",0,"01100"
"entry4524","2428","egz:104123503 / egz:104123518 / egz:104123993 / egz:104123994 / egz:104124023 / egz:104127138 / egz:104127496 / egz:104128771 / egz:104129173 / egz:104133292 / egz:104133521","gene","http://www.kegg.jp/dbget-bin/www_bget?egz:104123503+egz:104123518+egz:104123993+egz:104123994+egz:104124023+egz:104127138+egz:104127496+egz:104128771+egz:104129173+egz:104133292+egz:104133521",NA,"rn:R00155 rn:R00158",NA,NA,NA,"line",NA,NA,"#FF8080","#FFFFFF",0,"01100"
"entry4525","2429","egz:104123993 / egz:104123994 / egz:104124023 / egz:104125423 / egz:104125424 / egz:104126042 / egz:104127258 / egz:104127398 / egz:104127496 / egz:104129173 / egz:104130455 / egz:104131571","gene","http://www.kegg.jp/dbget-bin/www_bget?egz:104123993+egz:104123994+egz:104124023+egz:104125423+egz:104125424+egz:104126042+egz:104127258+egz:104127398+egz:104127496+egz:104129173+egz:104130455+egz:104131571",NA,"rn:R00156 rn:R00159",NA,NA,NA,"line",NA,NA,"#FF8080","#FFFFFF",0,"01100"
"entry4526","2430","egz:104127299 / egz:104132539","gene","http://www.kegg.jp/dbget-bin/www_bget?egz:104127299+egz:104132539",NA,"rn:R00571 rn:R00573 rn:R00568",NA,NA,NA,"line",NA,NA,"#FF8080","#FFFFFF",0,"01100"
"entry4527","2431","egz:104123993 / egz:104123994 / egz:104124023 / egz:104125423 / egz:104125424 / egz:104126042 / egz:104127258 / egz:104127398 / egz:104127496 / egz:104129173 / egz:104130455 / egz:104131571","gene","http://www.kegg.jp/dbget-bin/www_bget?egz:104123993+egz:104123994+egz:104124023+egz:104125423+egz:104125424+egz:104126042+egz:104127258+egz:104127398+egz:104127496+egz:104129173+egz:104130455+egz:104131571",NA,"rn:R00569 rn:R00570",NA,NA,NA,"line",NA,NA,"#FF8080","#FFFFFF",0,"01100"
"entry4528","2432","egz:104123503 / egz:104123993 / egz:104123994 / egz:104124023 / egz:104127138 / egz:104127496 / egz:104129173","gene","http://www.kegg.jp/dbget-bin/www_bget?egz:104123503+egz:104123993+egz:104123994+egz:104124023+egz:104127138+egz:104127496+egz:104129173",NA,"rn:R00512 rn:R00514",NA,NA,NA,"line",NA,NA,"#FF8080","#FFFFFF",0,"01100"
"entry4529","2433","egz:104122625 / egz:104123084 / egz:104123096 / egz:104123313 / egz:104124912 / egz:104125327 / egz:104125599 / egz:104129840 / egz:104131386 / egz:104132098 / egz:104134976 / egz:104135175","gene","http://www.kegg.jp/dbget-bin/www_bget?egz:104122625+egz:104123084+egz:104123096+egz:104123313+egz:104124912+egz:104125327+egz:104125599+egz:104129840+egz:104131386+egz:104132098+egz:104134976+egz:104135175",NA,"rn:R00511 rn:R00513 rn:R00516 rn:R00517 rn:R00962 rn:R01548 rn:R02091 rn:R02096 rn:R02371 rn:R02372",NA,NA,NA,"line",NA,NA,"#FF8080","#FFFFFF",0,"01100"
"entry4530","2434","egz:104122625 / egz:104123084 / egz:104123096 / egz:104123313 / egz:104124912 / egz:104125327 / egz:104125599 / egz:104129840 / egz:104131386 / egz:104132098 / egz:104134976 / egz:104135175","gene","http://www.kegg.jp/dbget-bin/www_bget?egz:104122625+egz:104123084+egz:104123096+egz:104123313+egz:104124912+egz:104125327+egz:104125599+egz:104129840+egz:104131386+egz:104132098+egz:104134976+egz:104135175",NA,"rn:R00963 rn:R00964 rn:R00967 rn:R00968 rn:R00970 rn:R01549 rn:R01880 rn:R02097 rn:R02327 rn:R02332",NA,NA,NA,"line",NA,NA,"#FF8080","#FFFFFF",0,"01100"
"entry4531","2435","egz:104133159","gene","http://www.kegg.jp/dbget-bin/www_bget?egz:104133159",NA,"rn:R01878",NA,NA,NA,"line",NA,NA,"#FF8080","#FFFFFF",0,"01100"
"entry4532","2436","egz:104126202","gene","http://www.kegg.jp/dbget-bin/www_bget?egz:104126202",NA,"rn:R01080 rn:R01876",NA,NA,NA,"line",NA,NA,"#FF8080","#FFFFFF",0,"01100"
"entry4533","2440","egz:104122179 / egz:104125884 / egz:104127145","gene","http://www.kegg.jp/dbget-bin/www_bget?egz:104122179+egz:104125884+egz:104127145",NA,"rn:R02024",NA,NA,NA,"line",NA,NA,"#FF8080","#FFFFFF",0,"01100"
"entry4534","2442","egz:104134145","gene","http://www.kegg.jp/dbget-bin/www_bget?egz:104134145",NA,"rn:R02101",NA,NA,NA,"line",NA,NA,"#FF8080","#FFFFFF",0,"01100"
"entry4535","2443","egz:104123993 / egz:104123994 / egz:104124023 / egz:104125423 / egz:104125424 / egz:104126042 / egz:104127258 / egz:104127398 / egz:104127496 / egz:104129173 / egz:104130455 / egz:104131571","gene","http://www.kegg.jp/dbget-bin/www_bget?egz:104123993+egz:104123994+egz:104124023+egz:104125423+egz:104125424+egz:104126042+egz:104127258+egz:104127398+egz:104127496+egz:104129173+egz:104130455+egz:104131571",NA,"rn:R02093 rn:R02095",NA,NA,NA,"line",NA,NA,"#FF8080","#FFFFFF",0,"01100"
"entry4536","2444","egz:104125423 / egz:104125424 / egz:104126042 / egz:104127258 / egz:104127398 / egz:104130455 / egz:104131571","gene","http://www.kegg.jp/dbget-bin/www_bget?egz:104125423+egz:104125424+egz:104126042+egz:104127258+egz:104127398+egz:104130455+egz:104131571",NA,"rn:R02326",NA,NA,NA,"line",NA,NA,"#FF8080","#FFFFFF",0,"01100"
"entry4537","2445","egz:104128103","gene","http://www.kegg.jp/dbget-bin/www_bget?egz:104128103",NA,"rn:R00965",NA,NA,NA,"line",NA,NA,"#FF8080","#FFFFFF",0,"01100"
"entry4538","2452","egz:104123084 / egz:104123096 / egz:104123637 / egz:104124912 / egz:104125327 / egz:104125599 / egz:104130988 / egz:104131386 / egz:104134976","gene","http://www.kegg.jp/dbget-bin/www_bget?egz:104123084+egz:104123096+egz:104123637+egz:104124912+egz:104125327+egz:104125599+egz:104130988+egz:104131386+egz:104134976",NA,"rn:R01567 rn:R01569",NA,NA,NA,"line",NA,NA,"#FF8080","#FFFFFF",0,"01100"
"entry4539","2454","egz:104134025","gene","http://www.kegg.jp/dbget-bin/www_bget?egz:104134025",NA,"rn:R01415 rn:R11026",NA,NA,NA,"line",NA,NA,"#FF8080","#FFFFFF",0,"01100"
"entry4540","2455","egz:104125893","gene","http://www.kegg.jp/dbget-bin/www_bget?egz:104125893",NA,"rn:R03055",NA,NA,NA,"line",NA,NA,"#FF8080","#FFFFFF",0,"01100"
"entry4541","2456","egz:104125334 / egz:104130094 / egz:104130095","gene","http://www.kegg.jp/dbget-bin/www_bget?egz:104125334+egz:104130094+egz:104130095",NA,"rn:R00494",NA,NA,NA,"line",NA,NA,"#FF9900","#FFFFFF",0,"01100"
"entry4542","2459","egz:104130493","gene","http://www.kegg.jp/dbget-bin/www_bget?egz:104130493",NA,"rn:R01579",NA,NA,NA,"line",NA,NA,"#FF9900","#FFFFFF",0,"01100"
"entry4543","2460","egz:104135777","gene","http://www.kegg.jp/dbget-bin/www_bget?egz:104135777",NA,"rn:R03595",NA,NA,NA,"line",NA,NA,"#FF9900","#FFFFFF",0,"01100"
"entry4544","2464","egz:104131022","gene","http://www.kegg.jp/dbget-bin/www_bget?egz:104131022",NA,"rn:R04247",NA,NA,NA,"line",NA,NA,"#FF9900","#FFFFFF",0,"01100"
"entry4545","2466","egz:104121991 / egz:104126864 / egz:104130908","gene","http://www.kegg.jp/dbget-bin/www_bget?egz:104121991+egz:104126864+egz:104130908",NA,"rn:R04920",NA,NA,NA,"line",NA,NA,"#FF9900","#FFFFFF",0,"01100"
"entry4546","2468","egz:104122427 / egz:104122958 / egz:104128048","gene","http://www.kegg.jp/dbget-bin/www_bget?egz:104122427+egz:104122958+egz:104128048",NA,"rn:R02466",NA,NA,NA,"line",NA,NA,"#FF9900","#FFFFFF",0,"01100"
"entry4547","2470","egz:104134405","gene","http://www.kegg.jp/dbget-bin/www_bget?egz:104134405",NA,"rn:R03720",NA,NA,NA,"line",NA,NA,"#FF9900","#FFFFFF",0,"01100"
"entry4548","2471","egz:104128655 / egz:104128656","gene","http://www.kegg.jp/dbget-bin/www_bget?egz:104128655+egz:104128656",NA,"rn:R01164 rn:R01166",NA,NA,NA,"line",NA,NA,"#FF9900","#FFFFFF",0,"01100"
"entry4549","2473","egz:104124554 / egz:104126649 / egz:104126980 / egz:104127552 / egz:104127553 / egz:104127570 / egz:104127574 / egz:104127575 / egz:104127576 / egz:104127577 / egz:104127578 / egz:104128395 / egz:104129858 / egz:104131850 / egz:104133103 / egz:104133105 / egz:104133164 / egz:104134317 / egz:104135505 / egz:104135638","gene","http://www.kegg.jp/dbget-bin/www_bget?egz:104124554+egz:104126649+egz:104126980+egz:104127552+egz:104127553+egz:104127570+egz:104127574+egz:104127575+egz:104127576+egz:104127577+egz:104127578+egz:104128395+egz:104129858+egz:104131850+egz:104133103+egz:104133105+egz:104133164+egz:104134317+egz:104135505+egz:104135638",NA,"rn:R07859 rn:R07860",NA,NA,NA,"line",NA,NA,"#80CCB3","#FFFFFF",0,"01100"
"entry4550","2474","egz:104124554 / egz:104126649 / egz:104126980 / egz:104127552 / egz:104127553 / egz:104127570 / egz:104127574 / egz:104127575 / egz:104127576 / egz:104127577 / egz:104127578 / egz:104128395 / egz:104129858 / egz:104131850 / egz:104133103 / egz:104133105 / egz:104133164 / egz:104134317 / egz:104135505 / egz:104135638","gene","http://www.kegg.jp/dbget-bin/www_bget?egz:104124554+egz:104126649+egz:104126980+egz:104127552+egz:104127553+egz:104127570+egz:104127574+egz:104127575+egz:104127576+egz:104127577+egz:104127578+egz:104128395+egz:104129858+egz:104131850+egz:104133103+egz:104133105+egz:104133164+egz:104134317+egz:104135505+egz:104135638",NA,"rn:R07064",NA,NA,NA,"line",NA,NA,"#80CCB3","#FFFFFF",0,"01100"
"entry4551","2475","egz:104123566","gene","http://www.kegg.jp/dbget-bin/www_bget?egz:104123566",NA,"rn:R01801",NA,NA,NA,"line",NA,NA,"#80CCB3","#FFFFFF",0,"01100"
"entry4552","2476","egz:104127347 / egz:104130371","gene","http://www.kegg.jp/dbget-bin/www_bget?egz:104127347+egz:104130371",NA,"rn:R01799",NA,NA,NA,"line",NA,NA,"#80CCB3","#FFFFFF",0,"01100"
"entry4553","2477","egz:104124814 / egz:104125452 / egz:104126217 / egz:104127140 / egz:104128270 / egz:104129364 / egz:104131093 / egz:104134617","gene","http://www.kegg.jp/dbget-bin/www_bget?egz:104124814+egz:104125452+egz:104126217+egz:104127140+egz:104128270+egz:104129364+egz:104131093+egz:104134617",NA,"rn:R02241",NA,NA,NA,"line",NA,NA,"#80CCB3","#FFFFFF",0,"01100"
"entry4554","2478","egz:104121763 / egz:104127333 / egz:104127334 / egz:104130415 / egz:104135311","gene","http://www.kegg.jp/dbget-bin/www_bget?egz:104121763+egz:104127333+egz:104127334+egz:104130415+egz:104135311",NA,"rn:R00851 rn:R12241",NA,NA,NA,"line",NA,NA,"#80CCB3","#FFFFFF",0,"01100"
"entry4555","2480","egz:104125116 / egz:104129843","gene","http://www.kegg.jp/dbget-bin/www_bget?egz:104125116+egz:104129843",NA,"rn:R02055 rn:R07376",NA,NA,NA,"line",NA,NA,"#80CCB3","#FFFFFF",0,"01100"
"entry4556","2481","egz:104121991 / egz:104126864 / egz:104130908","gene","http://www.kegg.jp/dbget-bin/www_bget?egz:104121991+egz:104126864+egz:104130908",NA,"rn:R02057",NA,NA,NA,"line",NA,NA,"#80CCB3","#FFFFFF",0,"01100"
"entry4557","2483","egz:104121991 / egz:104135594","gene","http://www.kegg.jp/dbget-bin/www_bget?egz:104121991+egz:104135594",NA,"rn:R01321",NA,NA,NA,"line",NA,NA,"#80CCB3","#FFFFFF",0,"01100"
"entry4558","2486","egz:104123370 / egz:104123434","gene","http://www.kegg.jp/dbget-bin/www_bget?egz:104123370+egz:104123434",NA,"rn:R01890",NA,NA,NA,"line",NA,NA,"#80CCB3","#FFFFFF",0,"01100"
"entry4559","2487","egz:104131237 / egz:104132447","gene","http://www.kegg.jp/dbget-bin/www_bget?egz:104131237+egz:104132447",NA,"rn:R01021 rn:R06871",NA,NA,NA,"line",NA,NA,"#80CCB3","#FFFFFF",0,"01100"
"entry4560","2488","egz:104123099","gene","http://www.kegg.jp/dbget-bin/www_bget?egz:104123099",NA,"rn:R03424",NA,NA,NA,"line",NA,NA,"#80CCB3","#FFFFFF",0,"01100"
"entry4561","2489","egz:104123099","gene","http://www.kegg.jp/dbget-bin/www_bget?egz:104123099",NA,"rn:R02056",NA,NA,NA,"line",NA,NA,"#80CCB3","#FFFFFF",0,"01100"
"entry4562","2490","egz:104135587","gene","http://www.kegg.jp/dbget-bin/www_bget?egz:104135587",NA,"rn:R02757",NA,NA,NA,"line",NA,NA,"#80CCB3","#FFFFFF",0,"01100"
"entry4563","2496","egz:104132708","gene","http://www.kegg.jp/dbget-bin/www_bget?egz:104132708",NA,"rn:R04311",NA,NA,NA,"line",NA,NA,"#80CCB3","#FFFFFF",0,"01100"
"entry4564","2499","egz:104121991 / egz:104135594","gene","http://www.kegg.jp/dbget-bin/www_bget?egz:104121991+egz:104135594",NA,"rn:R04321",NA,NA,NA,"line",NA,NA,"#80CCB3","#FFFFFF",0,"01100"
"entry4565","2500","egz:104121952 / egz:104124568 / egz:104125183 / egz:104126996 / egz:104128509 / egz:104134956","gene","http://www.kegg.jp/dbget-bin/www_bget?egz:104121952+egz:104124568+egz:104125183+egz:104126996+egz:104128509+egz:104134956",NA,"rn:R03437 rn:R04452",NA,NA,NA,"line",NA,NA,"#80CCB3","#FFFFFF",0,"01100"
"entry4566","2501","egz:104124554 / egz:104125183 / egz:104126649 / egz:104126980 / egz:104127552 / egz:104127553 / egz:104127570 / egz:104127574 / egz:104127575 / egz:104127576 / egz:104127577 / egz:104127578 / egz:104128395 / egz:104128509 / egz:104129858 / egz:104131850 / egz:104133103 / egz:104133105 / egz:104133164 / egz:104134317 / egz:104135505 / egz:104135638","gene","http://www.kegg.jp/dbget-bin/www_bget?egz:104124554+egz:104125183+egz:104126649+egz:104126980+egz:104127552+egz:104127553+egz:104127570+egz:104127574+egz:104127575+egz:104127576+egz:104127577+egz:104127578+egz:104128395+egz:104128509+egz:104129858+egz:104131850+egz:104133103+egz:104133105+egz:104133164+egz:104134317+egz:104135505+egz:104135638",NA,"rn:R03438 rn:R07387",NA,NA,NA,"line",NA,NA,"#80CCB3","#FFFFFF",0,"01100"
"entry4567","2503","egz:104123890 / egz:104124383 / egz:104125218 / egz:104127172 / egz:104132173 / egz:104134698","gene","http://www.kegg.jp/dbget-bin/www_bget?egz:104123890+egz:104124383+egz:104125218+egz:104127172+egz:104132173+egz:104134698",NA,"rn:R04162",NA,NA,NA,"line",NA,NA,"#80CCB3","#FFFFFF",0,"01100"
"entry4568","2504","egz:104121991 / egz:104126864 / egz:104130908","gene","http://www.kegg.jp/dbget-bin/www_bget?egz:104121991+egz:104126864+egz:104130908",NA,"rn:R06364",NA,NA,NA,"line",NA,NA,"#80CCB3","#FFFFFF",0,"01100"
"entry4569","2505","egz:104124554 / egz:104126649 / egz:104126980 / egz:104127552 / egz:104127553 / egz:104127570 / egz:104127574 / egz:104127575 / egz:104127576 / egz:104127577 / egz:104127578 / egz:104128395 / egz:104129858 / egz:104131850 / egz:104133103 / egz:104133105 / egz:104133164 / egz:104134317 / egz:104135505 / egz:104135638","gene","http://www.kegg.jp/dbget-bin/www_bget?egz:104124554+egz:104126649+egz:104126980+egz:104127552+egz:104127553+egz:104127570+egz:104127574+egz:104127575+egz:104127576+egz:104127577+egz:104127578+egz:104128395+egz:104129858+egz:104131850+egz:104133103+egz:104133105+egz:104133164+egz:104134317+egz:104135505+egz:104135638",NA,"rn:R04413 rn:R07379",NA,NA,NA,"line",NA,NA,"#80CCB3","#FFFFFF",0,"01100"
"entry4570","2507","egz:104121991 / egz:104126864 / egz:104130908","gene","http://www.kegg.jp/dbget-bin/www_bget?egz:104121991+egz:104126864+egz:104130908",NA,"rn:R07381 rn:R07384",NA,NA,NA,"line",NA,NA,"#80CCB3","#FFFFFF",0,"01100"
"entry4571","2509","egz:104122829","gene","http://www.kegg.jp/dbget-bin/www_bget?egz:104122829",NA,"rn:R02978",NA,NA,NA,"line",NA,NA,"#80CCB3","#FFFFFF",0,"01100"
"entry4572","2511","egz:104124506 / egz:104124691","gene","http://www.kegg.jp/dbget-bin/www_bget?egz:104124506+egz:104124691",NA,"rn:R06519",NA,NA,NA,"line",NA,NA,"#80CCB3","#FFFFFF",0,"01100"
"entry4573","2512","egz:104125134 / egz:104130031 / egz:104130138 / egz:104130217 / egz:104135526","gene","http://www.kegg.jp/dbget-bin/www_bget?egz:104125134+egz:104130031+egz:104130138+egz:104130217+egz:104135526",NA,"rn:R01891 rn:R02541 rn:R08969",NA,NA,NA,"line",NA,NA,"#80CCB3","#FFFFFF",0,"01100"
"entry4574","2513","egz:104126309 / egz:104127441 / egz:104129123 / egz:104135946","gene","http://www.kegg.jp/dbget-bin/www_bget?egz:104126309+egz:104127441+egz:104129123+egz:104135946",NA,"rn:R01500 rn:R03617",NA,NA,NA,"line",NA,NA,"#80CCB3","#FFFFFF",0,"01100"
"entry4575","2514","egz:104129879","gene","http://www.kegg.jp/dbget-bin/www_bget?egz:104129879",NA,"rn:R04017",NA,NA,NA,"line",NA,NA,"#80CCB3","#FFFFFF",0,"01100"
"entry4576","2515","egz:104122870 / egz:104124343 / egz:104125150 / egz:104126317 / egz:104127360 / egz:104127999 / egz:104129441 / egz:104129703 / egz:104129784 / egz:104132784","gene","http://www.kegg.jp/dbget-bin/www_bget?egz:104122870+egz:104124343+egz:104125150+egz:104126317+egz:104127360+egz:104127999+egz:104129441+egz:104129703+egz:104129784+egz:104132784",NA,"rn:R01494 rn:R01496",NA,NA,NA,"line",NA,NA,"#80CCB3","#FFFFFF",0,"01100"
"entry4577","2516","egz:104122649","gene","http://www.kegg.jp/dbget-bin/www_bget?egz:104122649",NA,"rn:R06516",NA,NA,NA,"line",NA,NA,"#80CCB3","#FFFFFF",0,"01100"
"entry4578","2517","egz:104122518 / egz:104126928 / egz:104133268","gene","http://www.kegg.jp/dbget-bin/www_bget?egz:104122518+egz:104126928+egz:104133268",NA,"rn:R01281",NA,NA,NA,"line",NA,NA,"#80CCB3","#FFFFFF",0,"01100"
"entry4579","2522","egz:104123941","gene","http://www.kegg.jp/dbget-bin/www_bget?egz:104123941",NA,"rn:R07048",NA,NA,NA,"line",NA,NA,"#80CCB3","#FFFFFF",0,"01100"
"entry4580","2523","egz:104123941","gene","http://www.kegg.jp/dbget-bin/www_bget?egz:104123941",NA,"rn:R07050",NA,NA,NA,"line",NA,NA,"#80CCB3","#FFFFFF",0,"01100"
"entry4581","2524","egz:104132029","gene","http://www.kegg.jp/dbget-bin/www_bget?egz:104132029",NA,"rn:R07109",NA,NA,NA,"line",NA,NA,"#80CCB3","#FFFFFF",0,"01100"
"entry4582","2525","egz:104123941","gene","http://www.kegg.jp/dbget-bin/www_bget?egz:104123941",NA,"rn:R07051",NA,NA,NA,"line",NA,NA,"#80CCB3","#FFFFFF",0,"01100"
"entry4583","2526","egz:104132029","gene","http://www.kegg.jp/dbget-bin/www_bget?egz:104132029",NA,"rn:R07110",NA,NA,NA,"line",NA,NA,"#80CCB3","#FFFFFF",0,"01100"
"entry4584","2527","egz:104123941","gene","http://www.kegg.jp/dbget-bin/www_bget?egz:104123941",NA,"rn:R07052",NA,NA,NA,"line",NA,NA,"#80CCB3","#FFFFFF",0,"01100"
"entry4585","2528","egz:104132029","gene","http://www.kegg.jp/dbget-bin/www_bget?egz:104132029",NA,"rn:R07111",NA,NA,NA,"line",NA,NA,"#80CCB3","#FFFFFF",0,"01100"
"entry4586","2529","egz:104135501","gene","http://www.kegg.jp/dbget-bin/www_bget?egz:104135501",NA,"rn:R07041",NA,NA,NA,"line",NA,NA,"#80CCB3","#FFFFFF",0,"01100"
"entry4587","2530","egz:104129027","gene","http://www.kegg.jp/dbget-bin/www_bget?egz:104129027",NA,"rn:R03058",NA,NA,NA,"line",NA,NA,"#80CCB3","#FFFFFF",0,"01100"
"entry4588","2531","egz:104123601 / egz:104128439","gene","http://www.kegg.jp/dbget-bin/www_bget?egz:104123601+egz:104128439",NA,"rn:R03059",NA,NA,NA,"line",NA,NA,"#80CCB3","#FFFFFF",0,"01100"
"entry4589","2532","egz:104130094 / egz:104130095","gene","http://www.kegg.jp/dbget-bin/www_bget?egz:104130094+egz:104130095",NA,"rn:R09875",NA,NA,NA,"line",NA,NA,"#80CCB3","#FFFFFF",0,"01100"
"entry4590","2534","egz:104124553 / egz:104135209","gene","http://www.kegg.jp/dbget-bin/www_bget?egz:104124553+egz:104135209",NA,"rn:R01590",NA,NA,NA,"line",NA,NA,"#80CCB3","#FFFFFF",0,"01100"
"entry4591","2535","egz:104124553 / egz:104135209","gene","http://www.kegg.jp/dbget-bin/www_bget?egz:104124553+egz:104135209",NA,"rn:R00073",NA,NA,NA,"line",NA,NA,"#80CCB3","#FFFFFF",0,"01100"
"entry4592","2536","egz:104122567 / egz:104128929 / egz:104129811","gene","http://www.kegg.jp/dbget-bin/www_bget?egz:104122567+egz:104128929+egz:104129811",NA,"rn:R02265",NA,NA,NA,"line",NA,NA,"#80CCB3","#FFFFFF",0,"01100"
"entry4593","2538","egz:104123941","gene","http://www.kegg.jp/dbget-bin/www_bget?egz:104123941",NA,"rn:R07042",NA,NA,NA,"line",NA,NA,"#80CCB3","#FFFFFF",0,"01100"
"entry4594","2539","egz:104123941","gene","http://www.kegg.jp/dbget-bin/www_bget?egz:104123941",NA,"rn:R07044",NA,NA,NA,"line",NA,NA,"#80CCB3","#FFFFFF",0,"01100"
"entry4595","2540","egz:104123941","gene","http://www.kegg.jp/dbget-bin/www_bget?egz:104123941",NA,"rn:R07043",NA,NA,NA,"line",NA,NA,"#80CCB3","#FFFFFF",0,"01100"
"entry4596","2541","egz:104123941","gene","http://www.kegg.jp/dbget-bin/www_bget?egz:104123941",NA,"rn:R07045",NA,NA,NA,"line",NA,NA,"#80CCB3","#FFFFFF",0,"01100"
"entry4597","2542","egz:104135574","gene","http://www.kegg.jp/dbget-bin/www_bget?egz:104135574",NA,"rn:R02268",NA,NA,NA,"line",NA,NA,"#80CCB3","#FFFFFF",0,"01100"
"entry4598","2544","egz:104128238","gene","http://www.kegg.jp/dbget-bin/www_bget?egz:104128238",NA,"rn:R02581",NA,NA,NA,"line",NA,NA,"#80CCB3","#FFFFFF",0,"01100"
"entry4599","2550","egz:104122621 / egz:104123982","gene","http://www.kegg.jp/dbget-bin/www_bget?egz:104122621+egz:104123982",NA,"rn:R02266",NA,NA,NA,"line",NA,NA,"#80CCB3","#FFFFFF",0,"01100"
"entry4600","2556","egz:104124554 / egz:104126649 / egz:104126980 / egz:104127552 / egz:104127553 / egz:104127570 / egz:104127574 / egz:104127575 / egz:104127576 / egz:104127577 / egz:104127578 / egz:104128395 / egz:104129858 / egz:104131850 / egz:104133103 / egz:104133105 / egz:104133164 / egz:104134317 / egz:104135505 / egz:104135638","gene","http://www.kegg.jp/dbget-bin/www_bget?egz:104124554+egz:104126649+egz:104126980+egz:104127552+egz:104127553+egz:104127570+egz:104127574+egz:104127575+egz:104127576+egz:104127577+egz:104127578+egz:104128395+egz:104129858+egz:104131850+egz:104133103+egz:104133105+egz:104133164+egz:104134317+egz:104135505+egz:104135638",NA,"rn:R01317",NA,NA,NA,"line",NA,NA,"#80CCB3","#FFFFFF",0,"01100"
"entry4601","2557","egz:104123941 / egz:104135501","gene","http://www.kegg.jp/dbget-bin/www_bget?egz:104123941+egz:104135501",NA,"rn:R07046",NA,NA,NA,"line",NA,NA,"#80CCB3","#FFFFFF",0,"01100"
"entry4602","2558","egz:104129027","gene","http://www.kegg.jp/dbget-bin/www_bget?egz:104129027",NA,"rn:R01595",NA,NA,NA,"line",NA,NA,"#80CCB3","#FFFFFF",0,"01100"
"entry4603","2560","egz:104123941 / egz:104132595 / egz:104132596","gene","http://www.kegg.jp/dbget-bin/www_bget?egz:104123941+egz:104132595+egz:104132596",NA,"rn:R07056",NA,NA,NA,"line",NA,NA,"#80CCB3","#FFFFFF",0,"01100"
"entry4604","2566","egz:104125311 / egz:104130192","gene","http://www.kegg.jp/dbget-bin/www_bget?egz:104125311+egz:104130192",NA,"rn:R07888",NA,NA,NA,"line",NA,NA,"#80CCB3","#FFFFFF",0,"01100"
"entry4605","2568","egz:104130983","gene","http://www.kegg.jp/dbget-bin/www_bget?egz:104130983",NA,"rn:R07891",NA,NA,NA,"line",NA,NA,"#80CCB3","#FFFFFF",0,"01100"
"entry4606","2569","egz:104125311 / egz:104130192","gene","http://www.kegg.jp/dbget-bin/www_bget?egz:104125311+egz:104130192",NA,"rn:R07892",NA,NA,NA,"line",NA,NA,"#80CCB3","#FFFFFF",0,"01100"
"entry4607","2572","egz:104130983","gene","http://www.kegg.jp/dbget-bin/www_bget?egz:104130983",NA,"rn:R07899",NA,NA,NA,"line",NA,NA,"#80CCB3","#FFFFFF",0,"01100"
"entry4608","2574","egz:104131022","gene","http://www.kegg.jp/dbget-bin/www_bget?egz:104131022",NA,"rn:R02038",NA,NA,NA,"line",NA,NA,"#80CCB3","#FFFFFF",0,"01100"
"entry4609","2576","egz:104129719 / egz:104131213 / egz:104131215 / egz:104133068 / egz:104135061 / egz:104135478","gene","http://www.kegg.jp/dbget-bin/www_bget?egz:104129719+egz:104131213+egz:104131215+egz:104133068+egz:104135061+egz:104135478",NA,"rn:R03004 rn:R03005",NA,NA,NA,"line",NA,NA,"#FFB3CC","#FFFFFF",0,"01100"
"entry4610","2577","egz:104124712","gene","http://www.kegg.jp/dbget-bin/www_bget?egz:104124712",NA,"rn:R00189 rn:R00257",NA,NA,NA,"line",NA,NA,"#FFB3CC","#FFFFFF",0,"01100"
"entry4611","2578","egz:104124399 / egz:104124613 / egz:104125486 / egz:104127879 / egz:104129897 / egz:104131205 / egz:104134476 / egz:104134477","gene","http://www.kegg.jp/dbget-bin/www_bget?egz:104124399+egz:104124613+egz:104125486+egz:104127879+egz:104129897+egz:104131205+egz:104134476+egz:104134477",NA,"rn:R00102 rn:R10633 rn:R10634",NA,NA,NA,"line",NA,NA,"#FFB3CC","#FFFFFF",0,"01100"
"entry4612","2580","egz:104126036 / egz:104128857","gene","http://www.kegg.jp/dbget-bin/www_bget?egz:104126036+egz:104128857",NA,"rn:R01724",NA,NA,NA,"line",NA,NA,"#FFB3CC","#FFFFFF",0,"01100"
"entry4613","2581","egz:104121819 / egz:104133852 / egz:104134564","gene","http://www.kegg.jp/dbget-bin/www_bget?egz:104121819+egz:104133852+egz:104134564",NA,"rn:R00104 rn:R00112",NA,NA,NA,"line",NA,NA,"#FFB3CC","#FFFFFF",0,"01100"
"entry4614","2582","egz:104133392","gene","http://www.kegg.jp/dbget-bin/www_bget?egz:104133392",NA,"rn:R01269",NA,NA,NA,"line",NA,NA,"#FFB3CC","#FFFFFF",0,"01100"
"entry4615","2583","egz:104130522","gene","http://www.kegg.jp/dbget-bin/www_bget?egz:104130522",NA,"rn:R08408",NA,NA,NA,"line",NA,NA,"#FFB3CC","#FFFFFF",0,"01100"
"entry4616","2584","egz:104126713","gene","http://www.kegg.jp/dbget-bin/www_bget?egz:104126713",NA,"rn:R01351",NA,NA,NA,"line",NA,NA,"#80CCB3","#FFFFFF",0,"01100"
"entry4617","2585","egz:104125652 / egz:104132470 / egz:104134733","gene","http://www.kegg.jp/dbget-bin/www_bget?egz:104125652+egz:104132470+egz:104134733",NA,"rn:R01310",NA,NA,NA,"line",NA,NA,"#80CCB3","#FFFFFF",0,"01100"
"entry4618","2586","egz:104125818","gene","http://www.kegg.jp/dbget-bin/www_bget?egz:104125818",NA,"rn:R07377",NA,NA,NA,"line",NA,NA,"#80CCB3","#FFFFFF",0,"01100"
"entry4619","2587","egz:104123099","gene","http://www.kegg.jp/dbget-bin/www_bget?egz:104123099",NA,"rn:R01320",NA,NA,NA,"line",NA,NA,"#80CCB3","#FFFFFF",0,"01100"
"entry4620","2588","egz:104121715 / egz:104124768 / egz:104127095 / egz:104128589 / egz:104128590 / egz:104130771 / egz:104134192 / egz:104135158 / egz:104135988","gene","http://www.kegg.jp/dbget-bin/www_bget?egz:104121715+egz:104124768+egz:104127095+egz:104128589+egz:104128590+egz:104130771+egz:104134192+egz:104135158+egz:104135988",NA,"rn:R02250 rn:R02251 rn:R05333",NA,NA,NA,"line",NA,NA,"#80CCB3","#FFFFFF",0,"01100"
"entry4621","2589","egz:104130522","gene","http://www.kegg.jp/dbget-bin/www_bget?egz:104130522",NA,"rn:R04085",NA,NA,NA,"line",NA,NA,"#FFB3CC","#FFFFFF",0,"01100"
"entry4622","2593","egz:104128533","gene","http://www.kegg.jp/dbget-bin/www_bget?egz:104128533",NA,"rn:R01123",NA,NA,NA,"line",NA,NA,"#9EE284","#FFFFFF",0,"01100"
"entry4623","2594","egz:104131017 / egz:104134867","gene","http://www.kegg.jp/dbget-bin/www_bget?egz:104131017+egz:104134867",NA,"rn:R01658",NA,NA,NA,"line",NA,NA,"#9EE284","#FFFFFF",0,"01100"
"entry4624","2613","egz:104131017 / egz:104134867","gene","http://www.kegg.jp/dbget-bin/www_bget?egz:104131017+egz:104134867",NA,"rn:R02003",NA,NA,NA,"line",NA,NA,"#9EE284","#FFFFFF",0,"01100"
"entry4625","2615","egz:104134916","gene","http://www.kegg.jp/dbget-bin/www_bget?egz:104134916",NA,"rn:R01122",NA,NA,NA,"line",NA,NA,"#9EE284","#FFFFFF",0,"01100"
"entry4626","2645","egz:104134738 / egz:104134998 / egz:104135008","gene","http://www.kegg.jp/dbget-bin/www_bget?egz:104134738+egz:104134998+egz:104135008",NA,"rn:R04027",NA,NA,NA,"line",NA,NA,"#F06292","#FFFFFF",0,"01100"
"entry4627","2656","egz:104122476","gene","http://www.kegg.jp/dbget-bin/www_bget?egz:104122476",NA,"rn:R01003 rn:R01018",NA,NA,NA,"line",NA,NA,"#99CCFF","#FFFFFF",0,"01100"
"entry4628","2657","egz:104123934","gene","http://www.kegg.jp/dbget-bin/www_bget?egz:104123934",NA,"rn:R06262",NA,NA,NA,"line",NA,NA,"#99CCFF","#FFFFFF",0,"01100"
"entry4629","2659","egz:104124754","gene","http://www.kegg.jp/dbget-bin/www_bget?egz:104124754",NA,"rn:R06263",NA,NA,NA,"line",NA,NA,"#99CCFF","#FFFFFF",0,"01100"
"entry4630","2660","egz:104122959 / egz:104126636 / egz:104127653 / egz:104129202 / egz:104129449 / egz:104132175","gene","http://www.kegg.jp/dbget-bin/www_bget?egz:104122959+egz:104126636+egz:104127653+egz:104129202+egz:104129449+egz:104132175",NA,"rn:R05976",NA,NA,NA,"line",NA,NA,"#99CCFF","#FFFFFF",0,"01100"
"entry4631","2665","egz:104133484 / egz:104135037","gene","http://www.kegg.jp/dbget-bin/www_bget?egz:104133484+egz:104135037",NA,"rn:R05984",NA,NA,NA,"line",NA,NA,"#99CCFF","#FFFFFF",0,"01100"
"entry4632","2666","egz:104121996 / egz:104132945","gene","http://www.kegg.jp/dbget-bin/www_bget?egz:104121996+egz:104132945",NA,"rn:R05992",NA,NA,NA,"line",NA,NA,"#99CCFF","#FFFFFF",0,"01100"
"entry4633","2667","egz:104134058","gene","http://www.kegg.jp/dbget-bin/www_bget?egz:104134058",NA,"rn:R05988",NA,NA,NA,"line",NA,NA,"#99CCFF","#FFFFFF",0,"01100"
"entry4634","2668","egz:104123065 / egz:104125508 / egz:104126496","gene","http://www.kegg.jp/dbget-bin/www_bget?egz:104123065+egz:104125508+egz:104126496",NA,"rn:R05989",NA,NA,NA,"line",NA,NA,"#99CCFF","#FFFFFF",0,"01100"
"entry4635","2669","egz:104126364 / egz:104135489","gene","http://www.kegg.jp/dbget-bin/www_bget?egz:104126364+egz:104135489",NA,"rn:R05990",NA,NA,NA,"line",NA,NA,"#99CCFF","#FFFFFF",0,"01100"
"entry4636","2676","egz:104122072 / egz:104122565 / egz:104123403 / egz:104124184 / egz:104126128 / egz:104126449 / egz:104127192 / egz:104127284 / egz:104128032 / egz:104130469 / egz:104130972 / egz:104131030 / egz:104131077 / egz:104131078 / egz:104131885 / egz:104134509 / egz:104134593 / egz:104134655 / egz:104135266","gene","http://www.kegg.jp/dbget-bin/www_bget?egz:104122072+egz:104122565+egz:104123403+egz:104124184+egz:104126128+egz:104126449+egz:104127192+egz:104127284+egz:104128032+egz:104130469+egz:104130972+egz:104131030+egz:104131077+egz:104131078+egz:104131885+egz:104134509+egz:104134593+egz:104134655+egz:104135266",NA,"rn:R05907",NA,NA,NA,"line",NA,NA,"#99CCFF","#FFFFFF",0,"01100"
"entry4637","2678","egz:104125426 / egz:104130288 / egz:104134451","gene","http://www.kegg.jp/dbget-bin/www_bget?egz:104125426+egz:104130288+egz:104134451",NA,"rn:R05913",NA,NA,NA,"line",NA,NA,"#99CCFF","#FFFFFF",0,"01100"
"entry4638","2679","egz:104125375","gene","http://www.kegg.jp/dbget-bin/www_bget?egz:104125375",NA,"rn:R05914",NA,NA,NA,"line",NA,NA,"#99CCFF","#FFFFFF",0,"01100"
"entry4639","2683","egz:104122848 / egz:104127865 / egz:104128815 / egz:104135239","gene","http://www.kegg.jp/dbget-bin/www_bget?egz:104122848+egz:104127865+egz:104128815+egz:104135239",NA,"rn:R05931",NA,NA,NA,"line",NA,NA,"#99CCFF","#FFFFFF",0,"01100"
"entry4640","2711","egz:104122069 / egz:104122380 / egz:104122671 / egz:104127239 / egz:104127306 / egz:104128245 / egz:104132110","gene","http://www.kegg.jp/dbget-bin/www_bget?egz:104122069+egz:104122380+egz:104122671+egz:104127239+egz:104127306+egz:104128245+egz:104132110",NA,"rn:R05916",NA,NA,NA,"line",NA,NA,"#99CCFF","#FFFFFF",0,"01100"
"entry4641","2712","egz:104123028 / egz:104133899 / egz:104134864","gene","http://www.kegg.jp/dbget-bin/www_bget?egz:104123028+egz:104133899+egz:104134864",NA,"rn:R01497 rn:R01498",NA,NA,NA,"line",NA,NA,"#80CCB3","#FFFFFF",0,"01100"
"entry4642","2713","egz:104123298 / egz:104135232","gene","http://www.kegg.jp/dbget-bin/www_bget?egz:104123298+egz:104135232",NA,"rn:R05971",NA,NA,NA,"line",NA,NA,"#99CCFF","#FFFFFF",0,"01100"
"entry4643","2714","egz:104126868 / egz:104132810","gene","http://www.kegg.jp/dbget-bin/www_bget?egz:104126868+egz:104132810",NA,"rn:R03354 rn:R03355",NA,NA,NA,"line",NA,NA,"#80CCB3","#FFFFFF",0,"01100"
"entry4644","2715","egz:104123065 / egz:104125508 / egz:104126496 / egz:104126497","gene","http://www.kegg.jp/dbget-bin/www_bget?egz:104123065+egz:104125508+egz:104126496+egz:104126497",NA,"rn:R05977",NA,NA,NA,"line",NA,NA,"#99CCFF","#FFFFFF",0,"01100"
"entry4645","2717","egz:104126021","gene","http://www.kegg.jp/dbget-bin/www_bget?egz:104126021",NA,"rn:R06026",NA,NA,NA,"line",NA,NA,"#99CCFF","#FFFFFF",0,"01100"
"entry4646","2718","egz:104123065 / egz:104126496 / egz:104126497","gene","http://www.kegg.jp/dbget-bin/www_bget?egz:104123065+egz:104126496+egz:104126497",NA,"rn:R06033",NA,NA,NA,"line",NA,NA,"#99CCFF","#FFFFFF",0,"01100"
"entry4647","2721","egz:104125251 / egz:104127613 / egz:104127618 / egz:104128034 / egz:104128255","gene","http://www.kegg.jp/dbget-bin/www_bget?egz:104125251+egz:104127613+egz:104127618+egz:104128034+egz:104128255",NA,"rn:R06006",NA,NA,NA,"line",NA,NA,"#99CCFF","#FFFFFF",0,"01100"
"entry4648","2723","egz:104133947 / egz:104135101 / egz:104135149 / egz:104135421","gene","http://www.kegg.jp/dbget-bin/www_bget?egz:104133947+egz:104135101+egz:104135149+egz:104135421",NA,"rn:R05960 rn:R05961",NA,NA,NA,"line",NA,NA,"#99CCFF","#FFFFFF",0,"01100"
"entry4649","2724","egz:104122266 / egz:104124857 / egz:104130702","gene","http://www.kegg.jp/dbget-bin/www_bget?egz:104122266+egz:104124857+egz:104130702",NA,"rn:R05962 rn:R05963",NA,NA,NA,"line",NA,NA,"#99CCFF","#FFFFFF",0,"01100"
"entry4650","2725","egz:104128255","gene","http://www.kegg.jp/dbget-bin/www_bget?egz:104128255",NA,"rn:R05964",NA,NA,NA,"line",NA,NA,"#99CCFF","#FFFFFF",0,"01100"
"entry4651","2726","egz:104125426 / egz:104130288 / egz:104134451","gene","http://www.kegg.jp/dbget-bin/www_bget?egz:104125426+egz:104130288+egz:104134451",NA,"rn:R05967",NA,NA,NA,"line",NA,NA,"#99CCFF","#FFFFFF",0,"01100"
"entry4652","2727","egz:104129328 / egz:104134264","gene","http://www.kegg.jp/dbget-bin/www_bget?egz:104129328+egz:104134264",NA,"rn:R05965 rn:R05966",NA,NA,NA,"line",NA,NA,"#99CCFF","#FFFFFF",0,"01100"
"entry4653","2729","egz:104135244","gene","http://www.kegg.jp/dbget-bin/www_bget?egz:104135244",NA,"rn:R05937",NA,NA,NA,"line",NA,NA,"#99CCFF","#FFFFFF",0,"01100"
"entry4654","2730","egz:104124857 / egz:104130702","gene","http://www.kegg.jp/dbget-bin/www_bget?egz:104124857+egz:104130702",NA,"rn:R05939 rn:R06004",NA,NA,NA,"line",NA,NA,"#99CCFF","#FFFFFF",0,"01100"
"entry4655","2731","egz:104132810","gene","http://www.kegg.jp/dbget-bin/www_bget?egz:104132810",NA,"rn:R05941 rn:R06010",NA,NA,NA,"line",NA,NA,"#99CCFF","#FFFFFF",0,"01100"
"entry4656","2732","egz:104125426 / egz:104130288 / egz:104134451","gene","http://www.kegg.jp/dbget-bin/www_bget?egz:104125426+egz:104130288+egz:104134451",NA,"rn:R05942",NA,NA,NA,"line",NA,NA,"#99CCFF","#FFFFFF",0,"01100"
"entry4657","2733","egz:104134180","gene","http://www.kegg.jp/dbget-bin/www_bget?egz:104134180",NA,"rn:R05943",NA,NA,NA,"line",NA,NA,"#99CCFF","#FFFFFF",0,"01100"
"entry4658","2734","egz:104135090","gene","http://www.kegg.jp/dbget-bin/www_bget?egz:104135090",NA,"rn:R05940",NA,NA,NA,"line",NA,NA,"#99CCFF","#FFFFFF",0,"01100"
"entry4659","2737","egz:104125426 / egz:104130288 / egz:104134451","gene","http://www.kegg.jp/dbget-bin/www_bget?egz:104125426+egz:104130288+egz:104134451",NA,"rn:R05949",NA,NA,NA,"line",NA,NA,"#99CCFF","#FFFFFF",0,"01100"
"entry4660","2738","egz:104134180","gene","http://www.kegg.jp/dbget-bin/www_bget?egz:104134180",NA,"rn:R05950",NA,NA,NA,"line",NA,NA,"#99CCFF","#FFFFFF",0,"01100"
"entry4661","2739","egz:104134180 / egz:104135090","gene","http://www.kegg.jp/dbget-bin/www_bget?egz:104134180+egz:104135090",NA,"rn:R05947",NA,NA,NA,"line",NA,NA,"#99CCFF","#FFFFFF",0,"01100"
"entry4662","2746","egz:104125426 / egz:104130288 / egz:104134451","gene","http://www.kegg.jp/dbget-bin/www_bget?egz:104125426+egz:104130288+egz:104134451",NA,"rn:R05957",NA,NA,NA,"line",NA,NA,"#99CCFF","#FFFFFF",0,"01100"
"entry4663","2747","egz:104134180","gene","http://www.kegg.jp/dbget-bin/www_bget?egz:104134180",NA,"rn:R05958",NA,NA,NA,"line",NA,NA,"#99CCFF","#FFFFFF",0,"01100"
"entry4664","2748","egz:104122360","gene","http://www.kegg.jp/dbget-bin/www_bget?egz:104122360",NA,"rn:R05945",NA,NA,NA,"line",NA,NA,"#99CCFF","#FFFFFF",0,"01100"
"entry4665","2749","egz:104122360","gene","http://www.kegg.jp/dbget-bin/www_bget?egz:104122360",NA,"rn:R05951",NA,NA,NA,"line",NA,NA,"#99CCFF","#FFFFFF",0,"01100"
"entry4666","2750","egz:104122360 / egz:104122368 / egz:104125535 / egz:104125536","gene","http://www.kegg.jp/dbget-bin/www_bget?egz:104122360+egz:104122368+egz:104125535+egz:104125536",NA,"rn:R05959",NA,NA,NA,"line",NA,NA,"#99CCFF","#FFFFFF",0,"01100"
"entry4667","2754","egz:104122253","gene","http://www.kegg.jp/dbget-bin/www_bget?egz:104122253",NA,NA,NA,NA,NA,"line",NA,NA,"#99CCFF","#FFFFFF",0,"01100"
"entry4668","2755","egz:104122253","gene","http://www.kegg.jp/dbget-bin/www_bget?egz:104122253",NA,NA,NA,NA,NA,"line",NA,NA,"#99CCFF","#FFFFFF",0,"01100"
"entry4669","2756","egz:104130440","gene","http://www.kegg.jp/dbget-bin/www_bget?egz:104130440",NA,"rn:R06238",NA,NA,NA,"line",NA,NA,"#99CCFF","#FFFFFF",0,"01100"
"entry4670","2757","egz:104134518","gene","http://www.kegg.jp/dbget-bin/www_bget?egz:104134518",NA,"rn:R05969",NA,NA,NA,"line",NA,NA,"#99CCFF","#FFFFFF",0,"01100"
"entry4671","2800","egz:104126211 / egz:104126212 / egz:104126213","gene","http://www.kegg.jp/dbget-bin/www_bget?egz:104126211+egz:104126212+egz:104126213",NA,"rn:R06835",NA,NA,NA,"line",NA,NA,"#DA8E82","#FFFFFF",0,"01100"
"entry4672","2811","egz:104122606","gene","http://www.kegg.jp/dbget-bin/www_bget?egz:104122606",NA,"rn:R05233",NA,NA,NA,"line",NA,NA,"#DA8E82","#FFFFFF",0,"01100"
"entry4673","2812","egz:104121895 / egz:104123781","gene","http://www.kegg.jp/dbget-bin/www_bget?egz:104121895+egz:104123781",NA,"rn:R05237",NA,NA,NA,"line",NA,NA,"#DA8E82","#FFFFFF",0,"01100"
"entry4674","2815","egz:104122606","gene","http://www.kegg.jp/dbget-bin/www_bget?egz:104122606",NA,"rn:R05234",NA,NA,NA,"line",NA,NA,"#DA8E82","#FFFFFF",0,"01100"
"entry4675","2816","egz:104121895 / egz:104123781","gene","http://www.kegg.jp/dbget-bin/www_bget?egz:104121895+egz:104123781",NA,"rn:R05238",NA,NA,NA,"line",NA,NA,"#DA8E82","#FFFFFF",0,"01100"
"entry4676","2825","egz:104121895 / egz:104123781","gene","http://www.kegg.jp/dbget-bin/www_bget?egz:104121895+egz:104123781",NA,"rn:R05286",NA,NA,NA,"line",NA,NA,"#DA8E82","#FFFFFF",0,"01100"
"entry4677","2832","egz:104132029","gene","http://www.kegg.jp/dbget-bin/www_bget?egz:104132029",NA,"rn:R05842",NA,NA,NA,"line",NA,NA,"#DA8E82","#FFFFFF",0,"01100"
"entry4678","2835","egz:104122868 / egz:104127452 / egz:104127453","gene","http://www.kegg.jp/dbget-bin/www_bget?egz:104122868+egz:104127452+egz:104127453",NA,"rn:R02536 rn:R02537",NA,NA,NA,"line",NA,NA,"#DA8E82","#FFFFFF",0,"01100"
"entry4679","2843","egz:104126211 / egz:104126212 / egz:104126213","gene","http://www.kegg.jp/dbget-bin/www_bget?egz:104126211+egz:104126212+egz:104126213",NA,"rn:R05511",NA,NA,NA,"line",NA,NA,"#DA8E82","#FFFFFF",0,"01100"
"entry4680","2909","egz:104126211 / egz:104126212 / egz:104126213","gene","http://www.kegg.jp/dbget-bin/www_bget?egz:104126211+egz:104126212+egz:104126213",NA,"rn:R08121",NA,NA,NA,"line",NA,NA,"#DA8E82","#FFFFFF",0,"01100"
"entry4681","2912","egz:104124448","gene","http://www.kegg.jp/dbget-bin/www_bget?egz:104124448",NA,"rn:R01708 rn:R01711",NA,NA,NA,"line",NA,NA,"#FFB3CC","#FFFFFF",0,"01100"
"entry4682","2913","egz:104124448","gene","http://www.kegg.jp/dbget-bin/www_bget?egz:104124448",NA,"rn:R01710",NA,NA,NA,"line",NA,NA,"#FFB3CC","#FFFFFF",0,"01100"
"entry4683","2914","egz:104128044 / egz:104128268","gene","http://www.kegg.jp/dbget-bin/www_bget?egz:104128044+egz:104128268",NA,"rn:R01909 rn:R01911",NA,NA,NA,"line",NA,NA,"#FFB3CC","#FFFFFF",0,"01100"
"entry4684","2915","egz:104124448","gene","http://www.kegg.jp/dbget-bin/www_bget?egz:104124448",NA,"rn:R00278",NA,NA,NA,"line",NA,NA,"#FFB3CC","#FFFFFF",0,"01100"
"entry4685","2916","egz:104124448","gene","http://www.kegg.jp/dbget-bin/www_bget?egz:104124448",NA,"rn:R00277",NA,NA,NA,"line",NA,NA,"#FFB3CC","#FFFFFF",0,"01100"
"entry4686","2917","egz:104128044 / egz:104128268","gene","http://www.kegg.jp/dbget-bin/www_bget?egz:104128044+egz:104128268",NA,"rn:R02493 rn:R02494",NA,NA,NA,"line",NA,NA,"#FFB3CC","#FFFFFF",0,"01100"
"entry4687","2918","egz:104130522","gene","http://www.kegg.jp/dbget-bin/www_bget?egz:104130522",NA,"rn:R01709",NA,NA,NA,"line",NA,NA,"#FFB3CC","#FFFFFF",0,"01100"
"entry4688","2921","egz:104125970 / egz:104128756 / egz:104129159 / egz:104134575","gene","http://www.kegg.jp/dbget-bin/www_bget?egz:104125970+egz:104128756+egz:104129159+egz:104134575",NA,"rn:R03018",NA,NA,NA,"line",NA,NA,"#FFB3CC","#FFFFFF",0,"01100"
"entry4689","2922","egz:104134708","gene","http://www.kegg.jp/dbget-bin/www_bget?egz:104134708",NA,"rn:R04230 rn:R04231",NA,NA,NA,"line",NA,NA,"#FFB3CC","#FFFFFF",0,"01100"
"entry4690","2923","egz:104135071","gene","http://www.kegg.jp/dbget-bin/www_bget?egz:104135071",NA,"rn:R00130",NA,NA,NA,"line",NA,NA,"#FFB3CC","#FFFFFF",0,"01100"
"entry4691","2924","egz:104130844","gene","http://www.kegg.jp/dbget-bin/www_bget?egz:104130844",NA,"rn:R03269",NA,NA,NA,"line",NA,NA,"#FFB3CC","#FFFFFF",0,"01100"
"entry4692","2927","egz:104128244","gene","http://www.kegg.jp/dbget-bin/www_bget?egz:104128244",NA,"rn:R01074",NA,NA,NA,"line",NA,NA,"#FFB3CC","#FFFFFF",0,"01100"
"entry4693","2928","egz:104128244","gene","http://www.kegg.jp/dbget-bin/www_bget?egz:104128244",NA,"rn:R05145",NA,NA,NA,"line",NA,NA,"#FFB3CC","#FFFFFF",0,"01100"
"entry4694","2929","egz:104126286","gene","http://www.kegg.jp/dbget-bin/www_bget?egz:104126286",NA,"rn:R03197",NA,NA,NA,"line",NA,NA,"#FFB3CC","#FFFFFF",0,"01100"
"entry4695","2930","egz:104126035","gene","http://www.kegg.jp/dbget-bin/www_bget?egz:104126035",NA,"rn:R03220 rn:R06895",NA,NA,NA,"line",NA,NA,"#FFB3CC","#FFFFFF",0,"01100"
"entry4696","2932","egz:104125003","gene","http://www.kegg.jp/dbget-bin/www_bget?egz:104125003",NA,"rn:R00310",NA,NA,NA,"line",NA,NA,"#FFB3CC","#FFFFFF",0,"01100"
"entry4697","2940","egz:104123821","gene","http://www.kegg.jp/dbget-bin/www_bget?egz:104123821",NA,"rn:R05220",NA,NA,NA,"line",NA,NA,"#FFB3CC","#FFFFFF",0,"01100"
"entry4698","2946","egz:104131213 / egz:104131215 / egz:104135071","gene","http://www.kegg.jp/dbget-bin/www_bget?egz:104131213+egz:104131215+egz:104135071",NA,"rn:R03035 rn:R03036",NA,NA,NA,"line",NA,NA,"#FFB3CC","#FFFFFF",0,"01100"
"entry4699","2955","egz:104124718","gene","http://www.kegg.jp/dbget-bin/www_bget?egz:104124718",NA,"rn:R05085",NA,NA,NA,"line",NA,NA,"#FFB3CC","#FFFFFF",0,"01100"
"entry4700","2960","egz:104123941 / egz:104132595 / egz:104132596","gene","http://www.kegg.jp/dbget-bin/www_bget?egz:104123941+egz:104132595+egz:104132596",NA,"rn:R07055",NA,NA,NA,"line",NA,NA,"#80CCB3","#FFFFFF",0,"01100"
"entry4701","2962","egz:104132029","gene","http://www.kegg.jp/dbget-bin/www_bget?egz:104132029",NA,"rn:R07108",NA,NA,NA,"line",NA,NA,"#80CCB3","#FFFFFF",0,"01100"
"entry4702","2963","egz:104123890 / egz:104124383 / egz:104125307 / egz:104131675 / egz:104134698 / egz:104135441","gene","http://www.kegg.jp/dbget-bin/www_bget?egz:104123890+egz:104124383+egz:104125307+egz:104131675+egz:104134698+egz:104135441",NA,"rn:R01926 rn:R06521",NA,NA,NA,"line",NA,NA,"#80CCB3","#FFFFFF",0,"01100"
"entry4703","2967","egz:104123683 / egz:104125826 / egz:104133771","gene","http://www.kegg.jp/dbget-bin/www_bget?egz:104123683+egz:104125826+egz:104133771",NA,"rn:R00233 rn:R00353 rn:R00742",NA,NA,NA,"line",NA,NA,"#B3B3E6","#FFFFFF",0,"01100"
"entry4704","2968","egz:104127955 / egz:104133224","gene","http://www.kegg.jp/dbget-bin/www_bget?egz:104127955+egz:104133224",NA,"rn:R00315 rn:R00317 rn:R00320",NA,NA,NA,"line",NA,NA,"#B3B3E6","#FFFFFF",0,"01100"
"entry4705","2969","egz:104128313","gene","http://www.kegg.jp/dbget-bin/www_bget?egz:104128313",NA,"rn:R00667",NA,NA,NA,"line",NA,NA,"#FFCC66","#FFFFFF",0,"01100"
"entry4706","2970","egz:104124816 / egz:104130066 / egz:104130919 / egz:104130983 / egz:104134191","gene","http://www.kegg.jp/dbget-bin/www_bget?egz:104124816+egz:104130066+egz:104130919+egz:104130983+egz:104134191",NA,"rn:R00238",NA,NA,NA,"line",NA,NA,"#80CCCC","#FFFFFF",0,"01100"
"entry4707","2972","egz:104132260 / egz:104134376","gene","http://www.kegg.jp/dbget-bin/www_bget?egz:104132260+egz:104134376",NA,"rn:R01518",NA,NA,NA,"line",NA,NA,"#6C63F6","#FFFFFF",0,"01100"
"entry4708","2974","egz:104125733","gene","http://www.kegg.jp/dbget-bin/www_bget?egz:104125733",NA,"rn:R03425",NA,NA,NA,"line",NA,NA,"#FFCC66","#FFFFFF",0,"01100"
"entry4709","2975","egz:104125682","gene","http://www.kegg.jp/dbget-bin/www_bget?egz:104125682",NA,"rn:R00715 rn:R00716",NA,NA,NA,"line",NA,NA,"#FFCC66","#FFFFFF",0,"01100"
"entry4710","2976","egz:104133950 / egz:104134014 / egz:104134015","gene","http://www.kegg.jp/dbget-bin/www_bget?egz:104133950+egz:104134014+egz:104134015",NA,"rn:R02112",NA,NA,NA,"line",NA,NA,"#B3B3E6","#FFFFFF",0,"01100"
"entry4711","2978","egz:104127484 / egz:104131940 / egz:104133683","gene","http://www.kegg.jp/dbget-bin/www_bget?egz:104127484+egz:104131940+egz:104133683",NA,"rn:R02568",NA,NA,NA,"line",NA,NA,"#B3B3E6","#FFFFFF",0,"01100"
"entry4712","2981","egz:104130759","gene","http://www.kegg.jp/dbget-bin/www_bget?egz:104130759",NA,"rn:R02765",NA,NA,NA,"line",NA,NA,"#B3B3E6","#FFFFFF",0,"01100"
"entry4713","2983","egz:104126517 / egz:104128715 / egz:104129511","gene","http://www.kegg.jp/dbget-bin/www_bget?egz:104126517+egz:104128715+egz:104129511",NA,"rn:R00465 rn:R00475 rn:R00476 rn:R00717",NA,NA,NA,"line",NA,NA,"#B3B3E6","#FFFFFF",0,"01100"
"entry4714","2985","egz:104125311 / egz:104129891 / egz:104130192","gene","http://www.kegg.jp/dbget-bin/www_bget?egz:104125311+egz:104129891+egz:104130192",NA,"rn:R00919 rn:R04432 rn:R10161 rn:R12356",NA,NA,NA,"line",NA,NA,"#B3B3E6","#FFFFFF",0,"01100"
"entry4715","2986","egz:104135868 / egz:104135869","gene","http://www.kegg.jp/dbget-bin/www_bget?egz:104135868+egz:104135869",NA,"rn:R01176 rn:R01179",NA,NA,NA,"line",NA,NA,"#B3B3E6","#FFFFFF",0,"01100"
"entry4716","2989","egz:104126538 / egz:104128606 / egz:104133362","gene","http://www.kegg.jp/dbget-bin/www_bget?egz:104126538+egz:104128606+egz:104133362",NA,"rn:R00658",NA,NA,NA,"line",NA,NA,"#6C63F6","#FFFFFF",0,"01100"
"entry4717","2992","egz:104132269","gene","http://www.kegg.jp/dbget-bin/www_bget?egz:104132269",NA,"rn:R00575",NA,NA,NA,"line",NA,NA,"#FFCC66","#FFFFFF",0,"01100"
"entry4718","2996","egz:104128835","gene","http://www.kegg.jp/dbget-bin/www_bget?egz:104128835",NA,"rn:R04884",NA,NA,NA,"line",NA,NA,"#FFCC66","#FFFFFF",0,"01100"
"entry4719","2997","egz:104122461","gene","http://www.kegg.jp/dbget-bin/www_bget?egz:104122461",NA,"rn:R03673",NA,NA,NA,"line",NA,NA,"#FFCC66","#FFFFFF",0,"01100"
"entry4720","2998","egz:104122868 / egz:104127452 / egz:104127453","gene","http://www.kegg.jp/dbget-bin/www_bget?egz:104122868+egz:104127452+egz:104127453",NA,"rn:R03300 rn:R03302",NA,NA,NA,"line",NA,NA,"#FFCC66","#FFFFFF",0,"01100"
"entry4721","2999","egz:104132901","gene","http://www.kegg.jp/dbget-bin/www_bget?egz:104132901",NA,"rn:R00841 rn:R00847",NA,NA,NA,"line",NA,NA,"#80CCB3","#FFFFFF",0,"01100"
"entry4722","3000","egz:104132355","gene","http://www.kegg.jp/dbget-bin/www_bget?egz:104132355",NA,"rn:R03057",NA,NA,NA,"line",NA,NA,"#80CCB3","#FFFFFF",0,"01100"
"entry4723","3003","egz:104130092","gene","http://www.kegg.jp/dbget-bin/www_bget?egz:104130092",NA,"rn:R04666",NA,NA,NA,"line",NA,NA,"#FF8080","#FFFFFF",0,"01100"
"entry4724","3006","egz:104131306 / egz:104135502","gene","http://www.kegg.jp/dbget-bin/www_bget?egz:104131306+egz:104135502",NA,"rn:R04203",NA,NA,NA,"line",NA,NA,"#FFCC66","#FFFFFF",0,"01100"
"entry4725","3007","egz:104132180","gene","http://www.kegg.jp/dbget-bin/www_bget?egz:104132180",NA,"rn:R00341 rn:R00345 rn:R00346 rn:R00431 rn:R00726",NA,NA,NA,"line",NA,NA,"#B3B3E6","#FFFFFF",0,"01100"
"entry4726","3009","egz:104122939 / egz:104124621 / egz:104124622 / egz:104128036 / egz:104128868 / egz:104129373 / egz:104130346 / egz:104130704 / egz:104134721","gene","http://www.kegg.jp/dbget-bin/www_bget?egz:104122939+egz:104124621+egz:104124622+egz:104128036+egz:104128868+egz:104129373+egz:104130346+egz:104130704+egz:104134721",NA,"rn:R01786 rn:R01788 rn:R02738 rn:R02189 rn:R09085",NA,NA,NA,"line",NA,NA,"#6C63F6","#FFFFFF",0,"01100"
"entry4727","3010","egz:104131364","gene","http://www.kegg.jp/dbget-bin/www_bget?egz:104131364",NA,"rn:R01827",NA,NA,NA,"line",NA,NA,"#6C63F6","#FFFFFF",0,"01100"
"entry4728","3012","egz:104126732","gene","http://www.kegg.jp/dbget-bin/www_bget?egz:104126732",NA,"rn:R01830",NA,NA,NA,"line",NA,NA,"#6C63F6","#FFFFFF",0,"01100"
"entry4729","3014","egz:104126732","gene","http://www.kegg.jp/dbget-bin/www_bget?egz:104126732",NA,"rn:R01641",NA,NA,NA,"line",NA,NA,"#8080F7","#FFFFFF",0,"01100"
"entry4730","3016","egz:104126988","gene","http://www.kegg.jp/dbget-bin/www_bget?egz:104126988",NA,"rn:R01056",NA,NA,NA,"line",NA,NA,"#6C63F6","#FFFFFF",0,"01100"
"entry4731","3017","egz:104124346","gene","http://www.kegg.jp/dbget-bin/www_bget?egz:104124346",NA,"rn:R01529",NA,NA,NA,"line",NA,NA,"#6C63F6","#FFFFFF",0,"01100"
"entry4732","3025","egz:104126518","gene","http://www.kegg.jp/dbget-bin/www_bget?egz:104126518",NA,"rn:R02216",NA,NA,NA,"line",NA,NA,"#80CCCC","#FFFFFF",0,"01100"
"entry4733","3026","egz:104125602","gene","http://www.kegg.jp/dbget-bin/www_bget?egz:104125602",NA,"rn:R08517",NA,NA,NA,"line",NA,NA,"#80CCCC","#FFFFFF",0,"01100"
"entry4734","3028","egz:104126196","gene","http://www.kegg.jp/dbget-bin/www_bget?egz:104126196",NA,"rn:R02080",NA,NA,NA,"line",NA,NA,"#FFCC66","#FFFFFF",0,"01100"
"entry4735","3029","egz:104132753 / egz:104132934","gene","http://www.kegg.jp/dbget-bin/www_bget?egz:104132753+egz:104132934",NA,"rn:R02532",NA,NA,NA,"line",NA,NA,"#FFCC66","#FFFFFF",0,"01100"
"entry4736","3030","egz:104132753 / egz:104132934","gene","http://www.kegg.jp/dbget-bin/www_bget?egz:104132753+egz:104132934",NA,"rn:R02919",NA,NA,NA,"line",NA,NA,"#FFCC66","#FFFFFF",0,"01100"
"entry4737","3031","egz:104127202","gene","http://www.kegg.jp/dbget-bin/www_bget?egz:104127202",NA,"rn:R02920",NA,NA,NA,"line",NA,NA,"#FFCC66","#FFFFFF",0,"01100"
"entry4738","3032","egz:104132753 / egz:104132934","gene","http://www.kegg.jp/dbget-bin/www_bget?egz:104132753+egz:104132934",NA,"rn:R04893",NA,NA,NA,"line",NA,NA,"#FFCC66","#FFFFFF",0,"01100"
"entry4739","3036","egz:104126074","gene","http://www.kegg.jp/dbget-bin/www_bget?egz:104126074",NA,"rn:R00966",NA,NA,NA,"line",NA,NA,"#FF8080","#FFFFFF",0,"01100"
"entry4740","3037","egz:104123503 / egz:104127138","gene","http://www.kegg.jp/dbget-bin/www_bget?egz:104123503+egz:104127138",NA,"rn:R01665 rn:R01667",NA,NA,NA,"line",NA,NA,"#FF8080","#FFFFFF",0,"01100"
"entry4741","3038","egz:104129425","gene","http://www.kegg.jp/dbget-bin/www_bget?egz:104129425",NA,"rn:R01663",NA,NA,NA,"line",NA,NA,"#FF8080","#FFFFFF",0,"01100"
"entry4742","3039","egz:104130522","gene","http://www.kegg.jp/dbget-bin/www_bget?egz:104130522",NA,"rn:R02655 rn:R02657",NA,NA,NA,"line",NA,NA,"#FFCC66","#FFFFFF",0,"01100"
"entry4743","3044","egz:104126324 / egz:104129079 / egz:104130242 / egz:104133949","gene","http://www.kegg.jp/dbget-bin/www_bget?egz:104126324+egz:104129079+egz:104130242+egz:104133949",NA,"rn:R00729 rn:R00734 rn:R09254 rn:R09830",NA,NA,NA,"line",NA,NA,"#FFCC66","#FFFFFF",0,"01100"
"entry4744","3045","egz:104122160","gene","http://www.kegg.jp/dbget-bin/www_bget?egz:104122160",NA,"rn:R03539",NA,NA,NA,"line",NA,NA,"#FFCC66","#FFFFFF",0,"01100"
"entry4745","3052","egz:104125957","gene","http://www.kegg.jp/dbget-bin/www_bget?egz:104125957",NA,"rn:R07505",NA,NA,NA,"line",NA,NA,"#80CCCC","#FFFFFF",0,"01100"
"entry4746","3058","egz:104125423 / egz:104125424 / egz:104126042 / egz:104127258 / egz:104127398 / egz:104130455 / egz:104131571","gene","http://www.kegg.jp/dbget-bin/www_bget?egz:104125423+egz:104125424+egz:104126042+egz:104127258+egz:104127398+egz:104130455+egz:104131571",NA,"rn:R02330 rn:R02331",NA,NA,NA,"line",NA,NA,"#FF8080","#FFFFFF",0,"01100"
"entry4747","3059","egz:104130916 / egz:104132108","gene","http://www.kegg.jp/dbget-bin/www_bget?egz:104130916+egz:104132108",NA,"rn:R02100",NA,NA,NA,"line",NA,NA,"#FF8080","#FFFFFF",0,"01100"
"entry4748","3060","egz:104131329","gene","http://www.kegg.jp/dbget-bin/www_bget?egz:104131329",NA,"rn:R02098",NA,NA,NA,"line",NA,NA,"#FF8080","#FFFFFF",0,"01100"
"entry4749","3063","egz:104134761","gene","http://www.kegg.jp/dbget-bin/www_bget?egz:104134761",NA,"rn:R03652",NA,NA,NA,"line",NA,NA,"#FFCC66","#FFFFFF",0,"01100"
"entry4750","3064","egz:104122679 / egz:104129894 / egz:104135552","gene","http://www.kegg.jp/dbget-bin/www_bget?egz:104122679+egz:104129894+egz:104135552",NA,"rn:R03905",NA,NA,NA,"line",NA,NA,"#FFCC66","#FFFFFF",0,"01100"
"entry4751","3066","egz:104125148 / egz:104135525","gene","http://www.kegg.jp/dbget-bin/www_bget?egz:104125148+egz:104135525",NA,"rn:R00529 rn:R00530 rn:R00531",NA,NA,NA,"line",NA,NA,"#CC99FF","#FFFFFF",0,"01100"
"entry4752","3068","egz:104121895 / egz:104122868 / egz:104123781 / egz:104124248 / egz:104127452 / egz:104127453 / egz:104132054","gene","http://www.kegg.jp/dbget-bin/www_bget?egz:104121895+egz:104122868+egz:104123781+egz:104124248+egz:104127452+egz:104127453+egz:104132054",NA,"rn:R00710 rn:R00711",NA,NA,NA,"line",NA,NA,"#6C63F6","#FFFFFF",0,"01100"
"entry4753","3069","egz:104122606 / egz:104122614 / egz:104122615 / egz:104126259","gene","http://www.kegg.jp/dbget-bin/www_bget?egz:104122606+egz:104122614+egz:104122615+egz:104126259",NA,"rn:R00746 rn:R00754 rn:R05198 rn:R09127 rn:R09479",NA,NA,NA,"line",NA,NA,"#6C63F6","#FFFFFF",0,"01100"
"entry4754","3070","egz:104135549","gene","http://www.kegg.jp/dbget-bin/www_bget?egz:104135549",NA,"rn:R01737",NA,NA,NA,"line",NA,NA,"#6C63F6","#FFFFFF",0,"01100"
"entry4755","3073","egz:104125075 / egz:104125211","gene","http://www.kegg.jp/dbget-bin/www_bget?egz:104125075+egz:104125211",NA,"rn:R01519",NA,NA,NA,"line",NA,NA,"#6C63F6","#FFFFFF",0,"01100"
"entry4756","3077","egz:104126742","gene","http://www.kegg.jp/dbget-bin/www_bget?egz:104126742",NA,"rn:R08572",NA,NA,NA,"line",NA,NA,"#6C63F6","#FFFFFF",0,"01100"
"entry4757","3082","egz:104132981 / egz:104135426","gene","http://www.kegg.jp/dbget-bin/www_bget?egz:104132981+egz:104135426",NA,"rn:R01049",NA,NA,NA,"line",NA,NA,"#6C63F6","#FFFFFF",0,"01100"
"entry4758","3083","egz:104130824","gene","http://www.kegg.jp/dbget-bin/www_bget?egz:104130824",NA,"rn:R00199 rn:R00200 rn:R00206 rn:R02320",NA,NA,NA,"line",NA,NA,"#6C63F6","#FFFFFF",0,"01100"
"entry4759","3084","egz:104123662","gene","http://www.kegg.jp/dbget-bin/www_bget?egz:104123662",NA,"rn:R03321",NA,NA,NA,"line",NA,NA,"#6C63F6","#FFFFFF",0,"01100"
"entry4760","3085","egz:104123662","gene","http://www.kegg.jp/dbget-bin/www_bget?egz:104123662",NA,"rn:R02739",NA,NA,NA,"line",NA,NA,"#6C63F6","#FFFFFF",0,"01100"
"entry4832","3170","egz:104122229","gene","http://www.kegg.jp/dbget-bin/www_bget?egz:104122229",NA,"rn:R06258",NA,NA,NA,"line",NA,NA,"#99CCFF","#FFFFFF",0,"01100"
"entry4833","3172","egz:104125940","gene","http://www.kegg.jp/dbget-bin/www_bget?egz:104125940",NA,"rn:R06259",NA,NA,NA,"line",NA,NA,"#99CCFF","#FFFFFF",0,"01100"
"entry4834","3173","egz:104134412","gene","http://www.kegg.jp/dbget-bin/www_bget?egz:104134412",NA,"rn:R06260",NA,NA,NA,"line",NA,NA,"#99CCFF","#FFFFFF",0,"01100"
"entry4835","3174","egz:104125940","gene","http://www.kegg.jp/dbget-bin/www_bget?egz:104125940",NA,"rn:R06261",NA,NA,NA,"line",NA,NA,"#99CCFF","#FFFFFF",0,"01100"
"entry5239","4038","egz:104123932 / egz:104128482","gene","http://www.kegg.jp/dbget-bin/www_bget?egz:104123932+egz:104128482",NA,"rn:R00959",NA,NA,NA,"line",NA,NA,"#6C63F6","#FFFFFF",0,"01100"
"entry5244","4044","egz:104129079 / egz:104130242","gene","http://www.kegg.jp/dbget-bin/www_bget?egz:104129079+egz:104130242",NA,"rn:R00355",NA,NA,NA,"line",NA,NA,"#FFCC66","#FFFFFF",0,"01100"
"entry5245","4046","egz:104123511 / egz:104130732","gene","http://www.kegg.jp/dbget-bin/www_bget?egz:104123511+egz:104130732",NA,"rn:R00093 rn:R00114 rn:R00243 rn:R00248",NA,NA,NA,"line",NA,NA,"#FFCC66","#FFFFFF",0,"01100"
"entry5246","4047","egz:104133949","gene","http://www.kegg.jp/dbget-bin/www_bget?egz:104133949",NA,"rn:R00357",NA,NA,NA,"line",NA,NA,"#FFCC66","#FFFFFF",0,"01100"
"entry5249","4057","egz:104133157","gene","http://www.kegg.jp/dbget-bin/www_bget?egz:104133157",NA,"rn:R01157",NA,NA,NA,"line",NA,NA,"#FFCC66","#FFFFFF",0,"01100"
"entry5251","4062","egz:104129542","gene","http://www.kegg.jp/dbget-bin/www_bget?egz:104129542",NA,"rn:R00987",NA,NA,NA,"line",NA,NA,"#FFCC66","#FFFFFF",0,"01100"
"entry5253","4068","egz:104122512 / egz:104122910 / egz:104123861","gene","http://www.kegg.jp/dbget-bin/www_bget?egz:104122512+egz:104122910+egz:104123861",NA,"rn:R00782",NA,NA,NA,"line",NA,NA,"#FFCC66","#FFFFFF",0,"01100"
"entry5254","4070","egz:104134296 / egz:104134297","gene","http://www.kegg.jp/dbget-bin/www_bget?egz:104134296+egz:104134297",NA,"rn:R03105",NA,NA,NA,"line",NA,NA,"#FFCC66","#FFFFFF",0,"01100"
"entry5257","4073","egz:104126537","gene","http://www.kegg.jp/dbget-bin/www_bget?egz:104126537",NA,"rn:R01015",NA,NA,NA,"line",NA,NA,"#6C63F6","#FFFFFF",0,"01100"
"entry5259","4092","egz:104127262","gene","http://www.kegg.jp/dbget-bin/www_bget?egz:104127262",NA,"rn:R00702",NA,NA,NA,"line",NA,NA,"#9EE284","#FFFFFF",0,"01100"
"entry5262","4095","egz:104127342","gene","http://www.kegg.jp/dbget-bin/www_bget?egz:104127342",NA,"rn:R05000",NA,NA,NA,"line",NA,NA,"#FFB3CC","#FFFFFF",0,"01100"
"entry5263","4099","egz:104135397","gene","http://www.kegg.jp/dbget-bin/www_bget?egz:104135397",NA,"rn:R08771",NA,NA,NA,"line",NA,NA,"#FFB3CC","#FFFFFF",0,"01100"
"entry5264","4102","egz:104133242","gene","http://www.kegg.jp/dbget-bin/www_bget?egz:104133242",NA,"rn:R08773",NA,NA,NA,"line",NA,NA,"#FFB3CC","#FFFFFF",0,"01100"
"entry5265","4103","egz:104129855","gene","http://www.kegg.jp/dbget-bin/www_bget?egz:104129855",NA,"rn:R08774",NA,NA,NA,"line",NA,NA,"#FFB3CC","#FFFFFF",0,"01100"
"entry5266","4104","egz:104135875","gene","http://www.kegg.jp/dbget-bin/www_bget?egz:104135875",NA,"rn:R08775",NA,NA,NA,"line",NA,NA,"#FFB3CC","#FFFFFF",0,"01100"
"entry5267","4105","egz:104135397","gene","http://www.kegg.jp/dbget-bin/www_bget?egz:104135397",NA,"rn:R08781",NA,NA,NA,"line",NA,NA,"#FFB3CC","#FFFFFF",0,"01100"
"entry5277","4125","egz:104134389 / egz:104134390 / egz:104134391 / egz:104135078","gene","http://www.kegg.jp/dbget-bin/www_bget?egz:104134389+egz:104134390+egz:104134391+egz:104135078",NA,"rn:R01787",NA,NA,NA,"line",NA,NA,"#B3B3E6","#FFFFFF",0,"01100"
"entry5278","4126","egz:104130688","gene","http://www.kegg.jp/dbget-bin/www_bget?egz:104130688",NA,"rn:R00875",NA,NA,NA,"line",NA,NA,"#B3B3E6","#FFFFFF",0,"01100"
"entry5280","4129","egz:104130842","gene","http://www.kegg.jp/dbget-bin/www_bget?egz:104130842",NA,"rn:R01819",NA,NA,NA,"line",NA,NA,"#B3B3E6","#FFFFFF",0,"01100"
"entry5282","4131","egz:104135569","gene","http://www.kegg.jp/dbget-bin/www_bget?egz:104135569",NA,"rn:R02215 rn:R02219",NA,NA,NA,"line",NA,NA,"#80CCCC","#FFFFFF",0,"01100"
"entry5285","4138","egz:104130839","gene","http://www.kegg.jp/dbget-bin/www_bget?egz:104130839",NA,"rn:R03089",NA,NA,NA,"line",NA,NA,"#80CCCC","#FFFFFF",0,"01100"
"entry5286","4139","egz:104132595 / egz:104132596","gene","http://www.kegg.jp/dbget-bin/www_bget?egz:104132595+egz:104132596",NA,"rn:R02356",NA,NA,NA,"line",NA,NA,"#80CCCC","#FFFFFF",0,"01100"
"entry5287","4140","egz:104132130 / egz:104133743 / egz:104134096","gene","http://www.kegg.jp/dbget-bin/www_bget?egz:104132130+egz:104133743+egz:104134096",NA,"rn:R04681 rn:R04682",NA,NA,NA,"line",NA,NA,"#80CCCC","#FFFFFF",0,"01100"
"entry5292","4146","egz:104125150 / egz:104129441","gene","http://www.kegg.jp/dbget-bin/www_bget?egz:104125150+egz:104129441",NA,"rn:R06527 rn:R06528",NA,NA,NA,"line",NA,NA,"#80CCB3","#FFFFFF",0,"01100"
"entry5293","4147","egz:104124506 / egz:104124691","gene","http://www.kegg.jp/dbget-bin/www_bget?egz:104124506+egz:104124691",NA,"rn:R06525",NA,NA,NA,"line",NA,NA,"#80CCB3","#FFFFFF",0,"01100"
"entry5294","4148","egz:104124506 / egz:104124691","gene","http://www.kegg.jp/dbget-bin/www_bget?egz:104124506+egz:104124691",NA,"rn:R06526",NA,NA,NA,"line",NA,NA,"#80CCB3","#FFFFFF",0,"01100"
"entry5301","4158","egz:104123662","gene","http://www.kegg.jp/dbget-bin/www_bget?egz:104123662",NA,"rn:R02740",NA,NA,NA,"line",NA,NA,"#6C63F6","#FFFFFF",0,"01100"
"entry5302","4159","egz:104128165 / egz:104128228","gene","http://www.kegg.jp/dbget-bin/www_bget?egz:104128165+egz:104128228",NA,"rn:R04325",NA,NA,NA,"line",NA,NA,"#FF8080","#FFFFFF",0,"01100"
"entry5303","4161","egz:104128165 / egz:104128228","gene","http://www.kegg.jp/dbget-bin/www_bget?egz:104128165+egz:104128228",NA,"rn:R04144",NA,NA,NA,"line",NA,NA,"#FF8080","#FFFFFF",0,"01100"
"entry5307","4165","egz:104122160","gene","http://www.kegg.jp/dbget-bin/www_bget?egz:104122160",NA,"rn:R03208",NA,NA,NA,"line",NA,NA,"#FFCC66","#FFFFFF",0,"01100"
"entry5308","4166","egz:104122160","gene","http://www.kegg.jp/dbget-bin/www_bget?egz:104122160",NA,"rn:R03973",NA,NA,NA,"line",NA,NA,"#FFCC66","#FFFFFF",0,"01100"
"entry5309","4167","egz:104122160","gene","http://www.kegg.jp/dbget-bin/www_bget?egz:104122160",NA,"rn:R03953",NA,NA,NA,"line",NA,NA,"#FFCC66","#FFFFFF",0,"01100"
"entry5314","4178","egz:104124981 / egz:104128803 / egz:104133237","gene","http://www.kegg.jp/dbget-bin/www_bget?egz:104124981+egz:104128803+egz:104133237",NA,"rn:R00229 rn:R00235",NA,NA,NA,"line",NA,NA,"#6C63F6","#FFFFFF",0,"01100"
"entry5322","4249","egz:104132412","gene","http://www.kegg.jp/dbget-bin/www_bget?egz:104132412",NA,"rn:R01960",NA,NA,NA,"line",NA,NA,"#FFCC66","#FFFFFF",0,"01100"
"entry5326","4256","egz:104122512 / egz:104122910 / egz:104128196 / egz:104128264","gene","http://www.kegg.jp/dbget-bin/www_bget?egz:104122512+egz:104122910+egz:104128196+egz:104128264",NA,"rn:R01286 rn:R01290 rn:R10305",NA,NA,NA,"line",NA,NA,"#FFCC66","#FFFFFF",0,"01100"
"entry5328","4267","egz:104127040","gene","http://www.kegg.jp/dbget-bin/www_bget?egz:104127040",NA,"rn:R07806",NA,NA,NA,"line",NA,NA,"#99CCFF","#FFFFFF",0,"01100"
"entry5329","4268","egz:104122208","gene","http://www.kegg.jp/dbget-bin/www_bget?egz:104122208",NA,"rn:R07808",NA,NA,NA,"line",NA,NA,"#99CCFF","#FFFFFF",0,"01100"
"entry5330","4269","egz:104124857 / egz:104130702","gene","http://www.kegg.jp/dbget-bin/www_bget?egz:104124857+egz:104130702",NA,"rn:R07809",NA,NA,NA,"line",NA,NA,"#99CCFF","#FFFFFF",0,"01100"
"entry5331","4270","egz:104124857 / egz:104130702","gene","http://www.kegg.jp/dbget-bin/www_bget?egz:104124857+egz:104130702",NA,"rn:R07810",NA,NA,NA,"line",NA,NA,"#99CCFF","#FFFFFF",0,"01100"
"entry5337","4277","egz:104127251","gene","http://www.kegg.jp/dbget-bin/www_bget?egz:104127251",NA,"rn:R05930",NA,NA,NA,"line",NA,NA,"#99CCFF","#FFFFFF",0,"01100"
"entry5338","4278","egz:104123693 / egz:104134053 / egz:104134955","gene","http://www.kegg.jp/dbget-bin/www_bget?egz:104123693+egz:104134053+egz:104134955",NA,"rn:R05935",NA,NA,NA,"line",NA,NA,"#99CCFF","#FFFFFF",0,"01100"
"entry5339","4279","egz:104127251","gene","http://www.kegg.jp/dbget-bin/www_bget?egz:104127251",NA,"rn:R05936",NA,NA,NA,"line",NA,NA,"#99CCFF","#FFFFFF",0,"01100"
"entry5340","4280","egz:104121933 / egz:104123234 / egz:104129106 / egz:104131465 / egz:104133817","gene","http://www.kegg.jp/dbget-bin/www_bget?egz:104121933+egz:104123234+egz:104129106+egz:104131465+egz:104133817",NA,NA,NA,NA,NA,"line",NA,NA,"#99CCFF","#FFFFFF",0,"01100"
"entry5344","4284","egz:104127343 / egz:104129081","gene","http://www.kegg.jp/dbget-bin/www_bget?egz:104127343+egz:104129081",NA,"rn:R07811",NA,NA,NA,"line",NA,NA,"#99CCFF","#FFFFFF",0,"01100"
"entry5345","4285","egz:104130619","gene","http://www.kegg.jp/dbget-bin/www_bget?egz:104130619",NA,"rn:R07814",NA,NA,NA,"line",NA,NA,"#99CCFF","#FFFFFF",0,"01100"
"entry5346","4286","egz:104135512","gene","http://www.kegg.jp/dbget-bin/www_bget?egz:104135512",NA,"rn:R07815",NA,NA,NA,"line",NA,NA,"#99CCFF","#FFFFFF",0,"01100"
"entry5347","4287","egz:104135082","gene","http://www.kegg.jp/dbget-bin/www_bget?egz:104135082",NA,"rn:R07816",NA,NA,NA,"line",NA,NA,"#99CCFF","#FFFFFF",0,"01100"
"entry5348","4289","egz:104131919","gene","http://www.kegg.jp/dbget-bin/www_bget?egz:104131919",NA,"rn:R07818",NA,NA,NA,"line",NA,NA,"#99CCFF","#FFFFFF",0,"01100"
"entry5349","4290","egz:104122208","gene","http://www.kegg.jp/dbget-bin/www_bget?egz:104122208",NA,"rn:R07819",NA,NA,NA,"line",NA,NA,"#99CCFF","#FFFFFF",0,"01100"
"entry5360","4310","egz:104130983","gene","http://www.kegg.jp/dbget-bin/www_bget?egz:104130983",NA,"rn:R07895",NA,NA,NA,"line",NA,NA,"#80CCB3","#FFFFFF",0,"01100"
"entry5361","4311","egz:104125311 / egz:104130192","gene","http://www.kegg.jp/dbget-bin/www_bget?egz:104125311+egz:104130192",NA,"rn:R07896",NA,NA,NA,"line",NA,NA,"#80CCB3","#FFFFFF",0,"01100"
"entry5366","4328","egz:104121715 / egz:104127095 / egz:104128589 / egz:104128590 / egz:104130771 / egz:104134192 / egz:104135158","gene","http://www.kegg.jp/dbget-bin/www_bget?egz:104121715+egz:104127095+egz:104128589+egz:104128590+egz:104130771+egz:104134192+egz:104135158",NA,"rn:R02687",NA,NA,NA,"line",NA,NA,"#80CCB3","#FFFFFF",0,"01100"
"entry5370","4355","egz:104134250 / egz:104135076","gene","http://www.kegg.jp/dbget-bin/www_bget?egz:104134250+egz:104135076",NA,"rn:R01325",NA,NA,NA,"line",NA,NA,"#6C63F6","#FFFFFF",0,"01100"
"entry5371","4356","egz:104125087","gene","http://www.kegg.jp/dbget-bin/www_bget?egz:104125087",NA,"rn:R01899",NA,NA,NA,"line",NA,NA,"#6C63F6","#FFFFFF",0,"01100"
"entry5372","4357","egz:104129206 / egz:104131800","gene","http://www.kegg.jp/dbget-bin/www_bget?egz:104129206+egz:104131800",NA,"rn:R00342 rn:R00361",NA,NA,NA,"line",NA,NA,"#6C63F6","#FFFFFF",0,"01100"
"entry5373","4358","egz:104125087 / egz:104130745 / egz:104134110","gene","http://www.kegg.jp/dbget-bin/www_bget?egz:104125087+egz:104130745+egz:104134110",NA,"rn:R00267 rn:R00709",NA,NA,NA,"line",NA,NA,"#6C63F6","#FFFFFF",0,"01100"
"entry5374","4359","egz:104134250 / egz:104135076","gene","http://www.kegg.jp/dbget-bin/www_bget?egz:104134250+egz:104135076",NA,"rn:R01900",NA,NA,NA,"line",NA,NA,"#6C63F6","#FFFFFF",0,"01100"
"entry5376","4361","egz:104125087","gene","http://www.kegg.jp/dbget-bin/www_bget?egz:104125087",NA,"rn:R00268",NA,NA,NA,"line",NA,NA,"#6C63F6","#FFFFFF",0,"01100"
"entry5379","4364","egz:104126989 / egz:104131600 / egz:104134740","gene","http://www.kegg.jp/dbget-bin/www_bget?egz:104126989+egz:104131600+egz:104134740",NA,"rn:R00405 rn:R00432 rn:R00727 rn:R10343",NA,NA,NA,"line",NA,NA,"#6C63F6","#FFFFFF",0,"01100"
"entry5380","4365","egz:104122469 / egz:104123791 / egz:104132897 / egz:104133229","gene","http://www.kegg.jp/dbget-bin/www_bget?egz:104122469+egz:104123791+egz:104132897+egz:104133229",NA,"rn:R08549 rn:R01197",NA,NA,NA,"line",NA,NA,"#6C63F6","#FFFFFF",0,"01100"
"entry5381","4366","egz:104128512","gene","http://www.kegg.jp/dbget-bin/www_bget?egz:104128512",NA,"rn:R01082",NA,NA,NA,"line",NA,NA,"#6C63F6","#FFFFFF",0,"01100"
"entry5388","4377","egz:104125929 / egz:104126004 / egz:104127549 / egz:104128531 / egz:104128923 / egz:104131274 / egz:104132279 / egz:104132287","gene","http://www.kegg.jp/dbget-bin/www_bget?egz:104125929+egz:104126004+egz:104127549+egz:104128531+egz:104128923+egz:104131274+egz:104132279+egz:104132287",NA,"rn:R04779 rn:R04780 rn:R09084 rn:R02073",NA,NA,NA,"line",NA,NA,"#6C63F6","#FFFFFF",0,"01100"
"entry5390","4387","egz:104123840 / egz:104130522 / egz:104130885","gene","http://www.kegg.jp/dbget-bin/www_bget?egz:104123840+egz:104130522+egz:104130885",NA,"rn:R02123 rn:R02125",NA,NA,NA,"line",NA,NA,"#FFB3CC","#FFFFFF",0,"01100"
"entry5391","4388","egz:104133740","gene","http://www.kegg.jp/dbget-bin/www_bget?egz:104133740",NA,"rn:R00032",NA,NA,NA,"line",NA,NA,"#FFB3CC","#FFFFFF",0,"01100"
"entry5392","4389","egz:104122065 / egz:104122345 / egz:104122606 / egz:104122614 / egz:104122615 / egz:104127489 / egz:104127912 / egz:104128038 / egz:104128932 / egz:104129604 / egz:104130509 / egz:104133092","gene","http://www.kegg.jp/dbget-bin/www_bget?egz:104122065+egz:104122345+egz:104122606+egz:104122614+egz:104122615+egz:104127489+egz:104127912+egz:104128038+egz:104128932+egz:104129604+egz:104130509+egz:104133092",NA,"rn:R02124 rn:R08379",NA,NA,NA,"line",NA,NA,"#FFB3CC","#FFFFFF",0,"01100"
"entry5399","4440","egz:104132114","gene","http://www.kegg.jp/dbget-bin/www_bget?egz:104132114",NA,"rn:R02596",NA,NA,NA,"line",NA,NA,"#F06292","#FFFFFF",0,"01100"
"entry5400","4444","egz:104132114","gene","http://www.kegg.jp/dbget-bin/www_bget?egz:104132114",NA,"rn:R03919",NA,NA,NA,"line",NA,NA,"#F06292","#FFFFFF",0,"01100"
"entry5405","4467","egz:104122164","gene","http://www.kegg.jp/dbget-bin/www_bget?egz:104122164",NA,"rn:R07363",NA,NA,NA,"line",NA,NA,"#FFCC66","#FFFFFF",0,"01100"
"entry5408","4482","egz:104129001 / egz:104129913","gene","http://www.kegg.jp/dbget-bin/www_bget?egz:104129001+egz:104129913",NA,"rn:R00220",NA,NA,NA,"line",NA,NA,"#FFCC66","#FFFFFF",0,"01100"
"entry5409","4483","egz:104125556 / egz:104131298 / egz:104133922","gene","http://www.kegg.jp/dbget-bin/www_bget?egz:104125556+egz:104131298+egz:104133922",NA,"rn:R00258 rn:R00369 rn:R00396 rn:R00400",NA,NA,NA,"line",NA,NA,"#FFCC66","#FFFFFF",0,"01100"
"entry5411","4496","egz:104134025","gene","http://www.kegg.jp/dbget-bin/www_bget?egz:104134025",NA,"rn:R00977 rn:R00978",NA,NA,NA,"line",NA,NA,"#FF8080","#FFFFFF",0,"01100"
"entry5423","4544","egz:104122949","gene","http://www.kegg.jp/dbget-bin/www_bget?egz:104122949",NA,"rn:R10119",NA,NA,NA,"line",NA,NA,"#FFB3CC","#FFFFFF",0,"01100"
"entry5425","4550","egz:104122949","gene","http://www.kegg.jp/dbget-bin/www_bget?egz:104122949",NA,"rn:R10115",NA,NA,NA,"line",NA,NA,"#FFB3CC","#FFFFFF",0,"01100"
"entry5430","4561","egz:104131988","gene","http://www.kegg.jp/dbget-bin/www_bget?egz:104131988",NA,"rn:R04104",NA,NA,NA,"line",NA,NA,"#99CCFF","#FFFFFF",0,"01100"
"entry5431","4565","egz:104124077","gene","http://www.kegg.jp/dbget-bin/www_bget?egz:104124077",NA,"rn:R07821",NA,NA,NA,"line",NA,NA,"#99CCFF","#FFFFFF",0,"01100"
"entry5432","4566","egz:104126428","gene","http://www.kegg.jp/dbget-bin/www_bget?egz:104126428",NA,"rn:R07822",NA,NA,NA,"line",NA,NA,"#99CCFF","#FFFFFF",0,"01100"
"entry5433","4568","egz:104124897","gene","http://www.kegg.jp/dbget-bin/www_bget?egz:104124897",NA,"rn:R07823",NA,NA,NA,"line",NA,NA,"#99CCFF","#FFFFFF",0,"01100"
"entry5434","4569","egz:104125665 / egz:104125689 / egz:104126661 / egz:104126687 / egz:104126688","gene","http://www.kegg.jp/dbget-bin/www_bget?egz:104125665+egz:104125689+egz:104126661+egz:104126687+egz:104126688",NA,"rn:R07824",NA,NA,NA,"line",NA,NA,"#99CCFF","#FFFFFF",0,"01100"
"entry5435","4570","egz:104125665 / egz:104125689 / egz:104126661 / egz:104126687 / egz:104126688","gene","http://www.kegg.jp/dbget-bin/www_bget?egz:104125665+egz:104125689+egz:104126661+egz:104126687+egz:104126688",NA,"rn:R07825",NA,NA,NA,"line",NA,NA,"#99CCFF","#FFFFFF",0,"01100"
"entry5446","4589","egz:104127758","gene","http://www.kegg.jp/dbget-bin/www_bget?egz:104127758",NA,"rn:R10619",NA,NA,NA,"line",NA,NA,"#B3B3E6","#FFFFFF",0,"01100"
"entry5452","4601","egz:104124025 / egz:104124973 / egz:104127765","gene","http://www.kegg.jp/dbget-bin/www_bget?egz:104124025+egz:104124973+egz:104127765",NA,"rn:R00192",NA,NA,NA,"line",NA,NA,"#FFCC66","#FFFFFF",0,"01100"
"entry5458","4614","egz:104124981 / egz:104128803 / egz:104132970 / egz:104133237","gene","http://www.kegg.jp/dbget-bin/www_bget?egz:104124981+egz:104128803+egz:104132970+egz:104133237",NA,"rn:R00925 rn:R00920 rn:R00928",NA,NA,NA,"line",NA,NA,"#B3B3E6","#FFFFFF",0,"01100"
"entry5460","4666","egz:104133991","gene","http://www.kegg.jp/dbget-bin/www_bget?egz:104133991",NA,"rn:R07395",NA,NA,NA,"line",NA,NA,"#FFCC66","#FFFFFF",0,"01100"
"entry5475","4756","egz:104130294","gene","http://www.kegg.jp/dbget-bin/www_bget?egz:104130294",NA,"rn:R02294",NA,NA,NA,"line",NA,NA,"#FFB3CC","#FFFFFF",0,"01100"
"entry5476","4757","egz:104123837 / egz:104124396 / egz:104130792","gene","http://www.kegg.jp/dbget-bin/www_bget?egz:104123837+egz:104124396+egz:104130792",NA,"rn:R02324",NA,NA,NA,"line",NA,NA,"#FFB3CC","#FFFFFF",0,"01100"
"entry5477","4758","egz:104129719 / egz:104131213 / egz:104131215 / egz:104133068 / egz:104135061 / egz:104135478","gene","http://www.kegg.jp/dbget-bin/www_bget?egz:104129719+egz:104131213+egz:104131215+egz:104133068+egz:104135061+egz:104135478",NA,"rn:R00103 rn:R00137",NA,NA,NA,"line",NA,NA,"#FFB3CC","#FFFFFF",0,"01100"
"entry5478","4759","egz:104123787 / egz:104133974","gene","http://www.kegg.jp/dbget-bin/www_bget?egz:104123787+egz:104133974",NA,"rn:R01271",NA,NA,NA,"line",NA,NA,"#FFB3CC","#FFFFFF",0,"01100"
"entry5479","4760","egz:104130294","gene","http://www.kegg.jp/dbget-bin/www_bget?egz:104130294",NA,"rn:R02295",NA,NA,NA,"line",NA,NA,"#FFB3CC","#FFFFFF",0,"01100"
"entry5480","4761","egz:104123837 / egz:104124396 / egz:104130792","gene","http://www.kegg.jp/dbget-bin/www_bget?egz:104123837+egz:104124396+egz:104130792",NA,"rn:R03347",NA,NA,NA,"line",NA,NA,"#FFB3CC","#FFFFFF",0,"01100"
"entry5493","4781","egz:104121895 / egz:104123781 / egz:104124248 / egz:104132054","gene","http://www.kegg.jp/dbget-bin/www_bget?egz:104121895+egz:104123781+egz:104124248+egz:104132054",NA,"rn:R02957",NA,NA,NA,"line",NA,NA,"#B3B3E6","#FFFFFF",0,"01100"
"entry5500","4811","egz:104133173","gene","http://www.kegg.jp/dbget-bin/www_bget?egz:104133173",NA,"rn:R00707 rn:R00708",NA,NA,NA,"line",NA,NA,"#FFCC66","#FFFFFF",0,"01100"
"entry5506","4931","egz:104127165","gene","http://www.kegg.jp/dbget-bin/www_bget?egz:104127165",NA,"rn:R00670",NA,NA,NA,"line",NA,NA,"#FFCC66","#FFFFFF",0,"01100"
"entry5507","4934","egz:104126741","gene","http://www.kegg.jp/dbget-bin/www_bget?egz:104126741",NA,"rn:R00669 rn:R02282",NA,NA,NA,"line",NA,NA,"#FFCC66","#FFFFFF",0,"01100"
"entry5571","5054","egz:104125477","gene","http://www.kegg.jp/dbget-bin/www_bget?egz:104125477",NA,"rn:R06623",NA,NA,NA,"line",NA,NA,"#99CCFF","#FFFFFF",0,"01100"
"entry5572","5055","egz:104121860","gene","http://www.kegg.jp/dbget-bin/www_bget?egz:104121860",NA,"rn:R05917",NA,NA,NA,"line",NA,NA,"#99CCFF","#FFFFFF",0,"01100"
"entry5573","5056","egz:104121874","gene","http://www.kegg.jp/dbget-bin/www_bget?egz:104121874",NA,"rn:R05918",NA,NA,NA,"line",NA,NA,"#99CCFF","#FFFFFF",0,"01100"
"entry5574","5057","egz:104131321 / egz:104131544","gene","http://www.kegg.jp/dbget-bin/www_bget?egz:104131321+egz:104131544",NA,"rn:R05919",NA,NA,NA,"line",NA,NA,"#99CCFF","#FFFFFF",0,"01100"
"entry5575","5058","egz:104134884","gene","http://www.kegg.jp/dbget-bin/www_bget?egz:104134884",NA,"rn:R12350",NA,NA,NA,"line",NA,NA,"#99CCFF","#FFFFFF",0,"01100"
"entry5576","5059","egz:104123464","gene","http://www.kegg.jp/dbget-bin/www_bget?egz:104123464",NA,"rn:R12351",NA,NA,NA,"line",NA,NA,"#99CCFF","#FFFFFF",0,"01100"
"entry5582","5065","egz:104130780","gene","http://www.kegg.jp/dbget-bin/www_bget?egz:104130780",NA,"rn:R05922",NA,NA,NA,"line",NA,NA,"#99CCFF","#FFFFFF",0,"01100"
"entry5583","5066","egz:104123424 / egz:104133885","gene","http://www.kegg.jp/dbget-bin/www_bget?egz:104123424+egz:104133885",NA,"rn:R08107",NA,NA,NA,"line",NA,NA,"#99CCFF","#FFFFFF",0,"01100"
"entry5584","5067","egz:104125356 / egz:104125537 / egz:104131845 / egz:104132177","gene","http://www.kegg.jp/dbget-bin/www_bget?egz:104125356+egz:104125537+egz:104131845+egz:104132177",NA,NA,NA,NA,NA,"line",NA,NA,"#99CCFF","#FFFFFF",0,"01100"
"entry5585","5068","egz:104130486","gene","http://www.kegg.jp/dbget-bin/www_bget?egz:104130486",NA,NA,NA,NA,NA,"line",NA,NA,"#99CCFF","#FFFFFF",0,"01100"
"entry5603","5103","egz:104130755","gene","http://www.kegg.jp/dbget-bin/www_bget?egz:104130755",NA,"rn:R05915",NA,NA,NA,"line",NA,NA,"#99CCFF","#FFFFFF",0,"01100"
"entry5604","5104","egz:104122295 / egz:104127467 / egz:104135134","gene","http://www.kegg.jp/dbget-bin/www_bget?egz:104122295+egz:104127467+egz:104135134",NA,"rn:R00292",NA,NA,NA,"line",NA,NA,"#B3B3E6","#FFFFFF",0,"01100"
"entry5605","5105","egz:104128770 / egz:104134027 / egz:104135013","gene","http://www.kegg.jp/dbget-bin/www_bget?egz:104128770+egz:104134027+egz:104135013",NA,"rn:R02111",NA,NA,NA,"line",NA,NA,"#B3B3E6","#FFFFFF",0,"01100"
"entry5606","5107","egz:104122539 / egz:104122551 / egz:104135543","gene","http://www.kegg.jp/dbget-bin/www_bget?egz:104122539+egz:104122551+egz:104135543",NA,"rn:R01383",NA,NA,NA,"line",NA,NA,"#B3B3E6","#FFFFFF",0,"01100"
"entry5607","5108","egz:104127538","gene","http://www.kegg.jp/dbget-bin/www_bget?egz:104127538",NA,"rn:R02110",NA,NA,NA,"line",NA,NA,"#B3B3E6","#FFFFFF",0,"01100"
"entry5608","5111","egz:104124097 / egz:104129130","gene","http://www.kegg.jp/dbget-bin/www_bget?egz:104124097+egz:104129130",NA,"rn:R05908",NA,NA,NA,"line",NA,NA,"#99CCFF","#FFFFFF",0,"01100"
"entry5609","5112","egz:104123222 / egz:104124884 / egz:104130755","gene","http://www.kegg.jp/dbget-bin/www_bget?egz:104123222+egz:104124884+egz:104130755",NA,"rn:R05912",NA,NA,NA,"line",NA,NA,"#99CCFF","#FFFFFF",0,"01100"
"entry5610","5113","egz:104123222","gene","http://www.kegg.jp/dbget-bin/www_bget?egz:104123222",NA,"rn:R05910",NA,NA,NA,"line",NA,NA,"#99CCFF","#FFFFFF",0,"01100"
"entry5611","5114","egz:104135892","gene","http://www.kegg.jp/dbget-bin/www_bget?egz:104135892",NA,"rn:R05926",NA,NA,NA,"line",NA,NA,"#99CCFF","#FFFFFF",0,"01100"
"entry5612","5115","egz:104133398","gene","http://www.kegg.jp/dbget-bin/www_bget?egz:104133398",NA,"rn:R05927",NA,NA,NA,"line",NA,NA,"#99CCFF","#FFFFFF",0,"01100"
"entry5613","5117","egz:104129088 / egz:104135540","gene","http://www.kegg.jp/dbget-bin/www_bget?egz:104129088+egz:104135540",NA,"rn:R05929",NA,NA,NA,"line",NA,NA,"#99CCFF","#FFFFFF",0,"01100"
"entry5614","5120","egz:104122848 / egz:104128815 / egz:104135239","gene","http://www.kegg.jp/dbget-bin/www_bget?egz:104122848+egz:104128815+egz:104135239",NA,"rn:R05932",NA,NA,NA,"line",NA,NA,"#99CCFF","#FFFFFF",0,"01100"
"entry5620","5148","egz:104124394","gene","http://www.kegg.jp/dbget-bin/www_bget?egz:104124394",NA,"rn:R06165",NA,NA,NA,"line",NA,NA,"#99CCFF","#FFFFFF",0,"01100"
"entry5621","5149","egz:104124019 / egz:104124394 / egz:104131722","gene","http://www.kegg.jp/dbget-bin/www_bget?egz:104124019+egz:104124394+egz:104131722",NA,"rn:R06075",NA,NA,NA,"line",NA,NA,"#99CCFF","#FFFFFF",0,"01100"
"entry5624","5155","egz:104124394","gene","http://www.kegg.jp/dbget-bin/www_bget?egz:104124394",NA,"rn:R06163",NA,NA,NA,"line",NA,NA,"#99CCFF","#FFFFFF",0,"01100"
"entry5625","5156","egz:104124394","gene","http://www.kegg.jp/dbget-bin/www_bget?egz:104124394",NA,"rn:R06155",NA,NA,NA,"line",NA,NA,"#99CCFF","#FFFFFF",0,"01100"
"entry5626","5157","egz:104125511 / egz:104129203","gene","http://www.kegg.jp/dbget-bin/www_bget?egz:104125511+egz:104129203",NA,"rn:R06153",NA,NA,NA,"line",NA,NA,"#99CCFF","#FFFFFF",0,"01100"
"entry5627","5159","egz:104124394","gene","http://www.kegg.jp/dbget-bin/www_bget?egz:104124394",NA,"rn:R06162",NA,NA,NA,"line",NA,NA,"#99CCFF","#FFFFFF",0,"01100"
"entry5628","5161","egz:104124394","gene","http://www.kegg.jp/dbget-bin/www_bget?egz:104124394",NA,"rn:R06164",NA,NA,NA,"line",NA,NA,"#99CCFF","#FFFFFF",0,"01100"
"entry5641","5180","egz:104132753 / egz:104132934","gene","http://www.kegg.jp/dbget-bin/www_bget?egz:104132753+egz:104132934",NA,"rn:R04890",NA,NA,NA,"line",NA,NA,"#FFCC66","#FFFFFF",0,"01100"
"entry5645","5192","egz:104126286","gene","http://www.kegg.jp/dbget-bin/www_bget?egz:104126286",NA,"rn:R04972",NA,NA,NA,"line",NA,NA,"#FFB3CC","#FFFFFF",0,"01100"
"entry5646","5193","egz:104124001","gene","http://www.kegg.jp/dbget-bin/www_bget?egz:104124001",NA,"rn:R00036",NA,NA,NA,"line",NA,NA,"#FFB3CC","#FFFFFF",0,"01100"
"entry5648","5195","egz:104134513","gene","http://www.kegg.jp/dbget-bin/www_bget?egz:104134513",NA,"rn:R00084",NA,NA,NA,"line",NA,NA,"#FFB3CC","#FFFFFF",0,"01100"
"entry5677","5236","egz:104131820","gene","http://www.kegg.jp/dbget-bin/www_bget?egz:104131820",NA,"rn:R09992",NA,NA,NA,"line",NA,NA,"#FFB3CC","#FFFFFF",0,"01100"
"entry5678","5238","egz:104131820","gene","http://www.kegg.jp/dbget-bin/www_bget?egz:104131820",NA,"rn:R03511",NA,NA,NA,"line",NA,NA,"#FFB3CC","#FFFFFF",0,"01100"
"entry5693","5325","egz:104125934","gene","http://www.kegg.jp/dbget-bin/www_bget?egz:104125934",NA,"rn:R04286",NA,NA,NA,"line",NA,NA,"#FFB3CC","#FFFFFF",0,"01100"
"entry5694","5327","egz:104128377","gene","http://www.kegg.jp/dbget-bin/www_bget?egz:104128377",NA,"rn:R11765",NA,NA,NA,"line",NA,NA,"#FFB3CC","#FFFFFF",0,"01100"
"entry5695","5328","egz:104126453","gene","http://www.kegg.jp/dbget-bin/www_bget?egz:104126453",NA,"rn:R08208",NA,NA,NA,"line",NA,NA,"#FFB3CC","#FFFFFF",0,"01100"
"entry5696","5330","egz:104126453 / egz:104128238","gene","http://www.kegg.jp/dbget-bin/www_bget?egz:104126453+egz:104128238",NA,"rn:R02975",NA,NA,NA,"line",NA,NA,"#FFB3CC","#FFFFFF",0,"01100"
"entry5697","5332","egz:104134389 / egz:104134390 / egz:104134391 / egz:104135078","gene","http://www.kegg.jp/dbget-bin/www_bget?egz:104134389+egz:104134390+egz:104134391+egz:104135078",NA,"rn:R11764",NA,NA,NA,"line",NA,NA,"#FFB3CC","#FFFFFF",0,"01100"
"entry5698","5333","egz:104122651 / egz:104133473","gene","http://www.kegg.jp/dbget-bin/www_bget?egz:104122651+egz:104133473",NA,"rn:R04734",NA,NA,NA,"line",NA,NA,"#FFB3CC","#FFFFFF",0,"01100"
"entry5699","5335","egz:104123206 / egz:104124906 / egz:104132957 / egz:104135584 / egz:104135597","gene","http://www.kegg.jp/dbget-bin/www_bget?egz:104123206+egz:104124906+egz:104132957+egz:104135584+egz:104135597",NA,"rn:R07211 rn:R07212 rn:R07213",NA,NA,NA,"line",NA,NA,"#FFB3CC","#FFFFFF",0,"01100"
"entry5700","5345","egz:104128705","gene","http://www.kegg.jp/dbget-bin/www_bget?egz:104128705",NA,"rn:R11372",NA,NA,NA,"line",NA,NA,"#FFB3CC","#FFFFFF",0,"01100"
"entry5701","5349","egz:104123084 / egz:104123096 / egz:104124912 / egz:104125327 / egz:104125599 / egz:104131386 / egz:104134976 / egz:104135175","gene","http://www.kegg.jp/dbget-bin/www_bget?egz:104123084+egz:104123096+egz:104124912+egz:104125327+egz:104125599+egz:104131386+egz:104134976+egz:104135175",NA,"rn:R01227 rn:R01228",NA,NA,NA,"line",NA,NA,"#FF8080","#FFFFFF",0,"01100"
"entry5702","5350","egz:104130294","gene","http://www.kegg.jp/dbget-bin/www_bget?egz:104130294",NA,"rn:R01677 rn:R02147",NA,NA,NA,"line",NA,NA,"#FF8080","#FFFFFF",0,"01100"
"entry5703","5352","egz:104122994","gene","http://www.kegg.jp/dbget-bin/www_bget?egz:104122994",NA,"rn:R00428",NA,NA,NA,"line",NA,NA,"#FFB3CC","#FFFFFF",0,"01100"
"entry5704","5354","egz:104130294","gene","http://www.kegg.jp/dbget-bin/www_bget?egz:104130294",NA,"rn:R02557",NA,NA,NA,"line",NA,NA,"#FF8080","#FFFFFF",0,"01100"
"entry5705","5356","egz:104128238 / egz:104134389 / egz:104134390 / egz:104134391 / egz:104135078","gene","http://www.kegg.jp/dbget-bin/www_bget?egz:104128238+egz:104134389+egz:104134390+egz:104134391+egz:104135078",NA,"rn:R04285",NA,NA,NA,"line",NA,NA,"#FFB3CC","#FFFFFF",0,"01100"
"entry5706","5357","egz:104126453","gene","http://www.kegg.jp/dbget-bin/www_bget?egz:104126453",NA,"rn:R01813",NA,NA,NA,"line",NA,NA,"#FFB3CC","#FFFFFF",0,"01100"
"entry5707","5358","egz:104134458","gene","http://www.kegg.jp/dbget-bin/www_bget?egz:104134458",NA,"rn:R01793 rn:R01794",NA,NA,NA,"line",NA,NA,"#FFB3CC","#FFFFFF",0,"01100"
"entry5708","5359","egz:104129828 / egz:104133735","gene","http://www.kegg.jp/dbget-bin/www_bget?egz:104129828+egz:104133735",NA,"rn:R02142",NA,NA,NA,"line",NA,NA,"#FF8080","#FFFFFF",0,"01100"
"entry5709","5360","egz:104130294","gene","http://www.kegg.jp/dbget-bin/www_bget?egz:104130294",NA,"rn:R01245 rn:R01561",NA,NA,NA,"line",NA,NA,"#FF8080","#FFFFFF",0,"01100"
"entry5710","5361","egz:104123179 / egz:104126806 / egz:104127760","gene","http://www.kegg.jp/dbget-bin/www_bget?egz:104123179+egz:104126806+egz:104127760",NA,"rn:R00181",NA,NA,NA,"line",NA,NA,"#FF8080","#FFFFFF",0,"01100"
"entry5711","5362","egz:104122179 / egz:104125884 / egz:104127145","gene","http://www.kegg.jp/dbget-bin/www_bget?egz:104122179+egz:104125884+egz:104127145",NA,"rn:R02017",NA,NA,NA,"line",NA,NA,"#FF8080","#FFFFFF",0,"01100"
"entry5712","5367","egz:104123084 / egz:104123096 / egz:104124912 / egz:104125327 / egz:104125599 / egz:104131386 / egz:104134976 / egz:104135175","gene","http://www.kegg.jp/dbget-bin/www_bget?egz:104123084+egz:104123096+egz:104124912+egz:104125327+egz:104125599+egz:104131386+egz:104134976+egz:104135175",NA,"rn:R01126 rn:R01131",NA,NA,NA,"line",NA,NA,"#FF8080","#FFFFFF",0,"01100"
"entry5713","5368","egz:104130294","gene","http://www.kegg.jp/dbget-bin/www_bget?egz:104130294",NA,"rn:R01770 rn:R01863",NA,NA,NA,"line",NA,NA,"#FF8080","#FFFFFF",0,"01100"
"entry5714","5369","egz:104129828 / egz:104133735","gene","http://www.kegg.jp/dbget-bin/www_bget?egz:104129828+egz:104133735",NA,"rn:R01128 rn:R01132",NA,NA,NA,"line",NA,NA,"#FF8080","#FFFFFF",0,"01100"
"entry5715","5370","egz:104131538","gene","http://www.kegg.jp/dbget-bin/www_bget?egz:104131538",NA,"rn:R01135",NA,NA,NA,"line",NA,NA,"#FF8080","#FFFFFF",0,"01100"
"entry5716","5371","egz:104134332","gene","http://www.kegg.jp/dbget-bin/www_bget?egz:104134332",NA,"rn:R01083",NA,NA,NA,"line",NA,NA,"#FF8080","#FFFFFF",0,"01100"
"entry5717","5372","egz:104123084 / egz:104123096 / egz:104124912 / egz:104125173 / egz:104125327 / egz:104125599 / egz:104128441 / egz:104129103 / egz:104131386 / egz:104134976 / egz:104135175","gene","http://www.kegg.jp/dbget-bin/www_bget?egz:104123084+egz:104123096+egz:104124912+egz:104125173+egz:104125327+egz:104125599+egz:104128441+egz:104129103+egz:104131386+egz:104134976+egz:104135175",NA,"rn:R00183 rn:R00185",NA,NA,NA,"line",NA,NA,"#FF8080","#FFFFFF",0,"01100"
"entry5718","5373","egz:104127046","gene","http://www.kegg.jp/dbget-bin/www_bget?egz:104127046",NA,"rn:R00182 rn:R00190",NA,NA,NA,"line",NA,NA,"#FF8080","#FFFFFF",0,"01100"
"entry5719","5374","egz:104122349 / egz:104123876 / egz:104123993 / egz:104123994 / egz:104124023 / egz:104125519 / egz:104127496 / egz:104127810 / egz:104128287 / egz:104128346 / egz:104129173 / egz:104131571 / egz:104134919","gene","http://www.kegg.jp/dbget-bin/www_bget?egz:104122349+egz:104123876+egz:104123993+egz:104123994+egz:104124023+egz:104125519+egz:104127496+egz:104127810+egz:104128287+egz:104128346+egz:104129173+egz:104131571+egz:104134919",NA,"rn:R00122 rn:R00127",NA,NA,NA,"line",NA,NA,"#FF8080","#FFFFFF",0,"01100"
"entry5720","5375","egz:104123084 / egz:104123096 / egz:104124912 / egz:104125327 / egz:104125599 / egz:104131386 / egz:104134976 / egz:104135175","gene","http://www.kegg.jp/dbget-bin/www_bget?egz:104123084+egz:104123096+egz:104124912+egz:104125327+egz:104125599+egz:104131386+egz:104134976+egz:104135175",NA,"rn:R02719",NA,NA,NA,"line",NA,NA,"#FF8080","#FFFFFF",0,"01100"
"entry5721","5376","egz:104130294","gene","http://www.kegg.jp/dbget-bin/www_bget?egz:104130294",NA,"rn:R02143 rn:R02297",NA,NA,NA,"line",NA,NA,"#FF8080","#FFFFFF",0,"01100"
"entry5722","5377","egz:104122179 / egz:104125884 / egz:104127145","gene","http://www.kegg.jp/dbget-bin/www_bget?egz:104122179+egz:104125884+egz:104127145",NA,"rn:R02019",NA,NA,NA,"line",NA,NA,"#FF8080","#FFFFFF",0,"01100"
"entry5723","5383","egz:104133744 / egz:104133745 / egz:104133747","gene","http://www.kegg.jp/dbget-bin/www_bget?egz:104133744+egz:104133745+egz:104133747",NA,"rn:R07940",NA,NA,NA,"line",NA,NA,"#F06292","#FFFFFF",0,"01100"
"entry5724","5392","egz:104122157 / egz:104123227 / egz:104123827 / egz:104134107","gene","http://www.kegg.jp/dbget-bin/www_bget?egz:104122157+egz:104123227+egz:104123827+egz:104134107",NA,"rn:R00548 rn:R00549 rn:R00550 rn:R08574",NA,NA,NA,"line",NA,NA,"#FFB3CC","#FFFFFF",0,"01100"
"entry5725","5393","egz:104127243 / egz:104131213 / egz:104131215","gene","http://www.kegg.jp/dbget-bin/www_bget?egz:104127243+egz:104131213+egz:104131215",NA,"rn:R00160 rn:R00161",NA,NA,NA,"line",NA,NA,"#FFB3CC","#FFFFFF",0,"01100"
"entry5726","5394","egz:104122994","gene","http://www.kegg.jp/dbget-bin/www_bget?egz:104122994",NA,"rn:R05046",NA,NA,NA,"line",NA,NA,"#FFB3CC","#FFFFFF",0,"01100"
"entry5727","5395","egz:104122994","gene","http://www.kegg.jp/dbget-bin/www_bget?egz:104122994",NA,"rn:R05048",NA,NA,NA,"line",NA,NA,"#FFB3CC","#FFFFFF",0,"01100"
"entry5728","5396","egz:104122994","gene","http://www.kegg.jp/dbget-bin/www_bget?egz:104122994",NA,"rn:R04639",NA,NA,NA,"line",NA,NA,"#FFB3CC","#FFFFFF",0,"01100"
"entry5729","5397","egz:104122217 / egz:104122276 / egz:104133197","gene","http://www.kegg.jp/dbget-bin/www_bget?egz:104122217+egz:104122276+egz:104133197",NA,"rn:R04620",NA,NA,NA,"line",NA,NA,"#FFB3CC","#FFFFFF",0,"01100"
"entry5730","5400","egz:104122327","gene","http://www.kegg.jp/dbget-bin/www_bget?egz:104122327",NA,"rn:R02237",NA,NA,NA,"line",NA,NA,"#FFB3CC","#FFFFFF",0,"01100"
"entry5731","5401","egz:104128377","gene","http://www.kegg.jp/dbget-bin/www_bget?egz:104128377",NA,"rn:R00936 rn:R00939",NA,NA,NA,"line",NA,NA,"#FFB3CC","#FFFFFF",0,"01100"
"entry5732","5402","egz:104128377","gene","http://www.kegg.jp/dbget-bin/www_bget?egz:104128377",NA,"rn:R02235 rn:R02236",NA,NA,NA,"line",NA,NA,"#FFB3CC","#FFFFFF",0,"01100"
"entry5733","5403","egz:104128377","gene","http://www.kegg.jp/dbget-bin/www_bget?egz:104128377",NA,"rn:R00937 rn:R00940",NA,NA,NA,"line",NA,NA,"#FFB3CC","#FFFFFF",0,"01100"
"entry5734","5406","egz:104133086","gene","http://www.kegg.jp/dbget-bin/www_bget?egz:104133086",NA,"rn:R01217 rn:R01224 rn:R07168",NA,NA,NA,"line",NA,NA,"#FFB3CC","#FFFFFF",0,"01100"
"entry5735","5407","egz:104122532","gene","http://www.kegg.jp/dbget-bin/www_bget?egz:104122532",NA,"rn:R02302",NA,NA,NA,"line",NA,NA,"#FFB3CC","#FFFFFF",0,"01100"
"entry5736","5409","egz:104122532","gene","http://www.kegg.jp/dbget-bin/www_bget?egz:104122532",NA,"rn:R03189",NA,NA,NA,"line",NA,NA,"#FFB3CC","#FFFFFF",0,"01100"
"entry5737","5410","egz:104123596","gene","http://www.kegg.jp/dbget-bin/www_bget?egz:104123596",NA,"rn:R02301",NA,NA,NA,"line",NA,NA,"#FFB3CC","#FFFFFF",0,"01100"
"entry5738","5411","egz:104135756","gene","http://www.kegg.jp/dbget-bin/www_bget?egz:104135756",NA,"rn:R00945 rn:R01669 rn:R01225 rn:R04125 rn:R06613",NA,NA,NA,"line",NA,NA,"#FFB3CC","#FFFFFF",0,"01100"
"entry5739","5412","egz:104124253 / egz:104128165 / egz:104128228 / egz:104131673 / egz:104133557","gene","http://www.kegg.jp/dbget-bin/www_bget?egz:104124253+egz:104128165+egz:104128228+egz:104131673+egz:104133557",NA,"rn:R00943 rn:R04325 rn:R04560",NA,NA,NA,"line",NA,NA,"#FFB3CC","#FFFFFF",0,"01100"
"entry5740","5413","egz:104130378 / egz:104131554 / egz:104131673","gene","http://www.kegg.jp/dbget-bin/www_bget?egz:104130378+egz:104131554+egz:104131673",NA,"rn:R01655",NA,NA,NA,"line",NA,NA,"#FFB3CC","#FFFFFF",0,"01100"
"entry5741","5414","egz:104130378 / egz:104131554 / egz:104131673","gene","http://www.kegg.jp/dbget-bin/www_bget?egz:104130378+egz:104131554+egz:104131673",NA,"rn:R01218 rn:R01220",NA,NA,NA,"line",NA,NA,"#FFB3CC","#FFFFFF",0,"01100"
"entry5742","5415","egz:104122349 / egz:104123876 / egz:104125519 / egz:104127810 / egz:104128287 / egz:104128346 / egz:104131571 / egz:104134919","gene","http://www.kegg.jp/dbget-bin/www_bget?egz:104122349+egz:104123876+egz:104125519+egz:104127810+egz:104128287+egz:104128346+egz:104131571+egz:104134919",NA,"rn:R01547",NA,NA,NA,"line",NA,NA,"#FF8080","#FFFFFF",0,"01100"
"entry5743","5416","egz:104130294","gene","http://www.kegg.jp/dbget-bin/www_bget?egz:104130294",NA,"rn:R02748",NA,NA,NA,"line",NA,NA,"#FF8080","#FFFFFF",0,"01100"
"entry5744","5417","egz:104127434","gene","http://www.kegg.jp/dbget-bin/www_bget?egz:104127434",NA,"rn:R02090",NA,NA,NA,"line",NA,NA,"#FF8080","#FFFFFF",0,"01100"
"entry5745","5418","egz:104123084 / egz:104123096 / egz:104124912 / egz:104125327 / egz:104125599 / egz:104130375 / egz:104131386 / egz:104134976 / egz:104135175","gene","http://www.kegg.jp/dbget-bin/www_bget?egz:104123084+egz:104123096+egz:104124912+egz:104125327+egz:104125599+egz:104130375+egz:104131386+egz:104134976+egz:104135175",NA,"rn:R01967 rn:R01968",NA,NA,NA,"line",NA,NA,"#FF8080","#FFFFFF",0,"01100"
"entry5793","5476","egz:104128165 / egz:104128228","gene","http://www.kegg.jp/dbget-bin/www_bget?egz:104128165+egz:104128228",NA,"rn:R04326",NA,NA,NA,"line",NA,NA,"#FFB3CC","#FFFFFF",0,"01100"
"entry5797","5480","egz:104128165 / egz:104128228","gene","http://www.kegg.jp/dbget-bin/www_bget?egz:104128165+egz:104128228",NA,"rn:R04208",NA,NA,NA,"line",NA,NA,"#FF8080","#FFFFFF",0,"01100"
"entry5798","5481","egz:104124253","gene","http://www.kegg.jp/dbget-bin/www_bget?egz:104124253",NA,"rn:R04560 rn:R06975",NA,NA,NA,"line",NA,NA,"#FF8080","#FFFFFF",0,"01100"
"entry5806","5506","egz:104131612","gene","http://www.kegg.jp/dbget-bin/www_bget?egz:104131612",NA,"rn:R09395",NA,NA,NA,"line",NA,NA,"#FFB3CC","#FFFFFF",0,"01100"
"entry5807","5507","egz:104122063","gene","http://www.kegg.jp/dbget-bin/www_bget?egz:104122063",NA,"rn:R09726",NA,NA,NA,"line",NA,NA,"#FFB3CC","#FFFFFF",0,"01100"
"entry5808","5508","egz:104122063","gene","http://www.kegg.jp/dbget-bin/www_bget?egz:104122063",NA,"rn:R09735",NA,NA,NA,"line",NA,NA,"#FFB3CC","#FFFFFF",0,"01100"
"entry5819","5533","egz:104125737","gene","http://www.kegg.jp/dbget-bin/www_bget?egz:104125737",NA,"rn:R01206",NA,NA,NA,"line",NA,NA,"#B3B3E6","#FFFFFF",0,"01100"
"entry5822","5536","egz:104129708 / egz:104135026","gene","http://www.kegg.jp/dbget-bin/www_bget?egz:104129708+egz:104135026",NA,"rn:R01804 rn:R01811",NA,NA,NA,"line",NA,NA,"#B3B3E6","#FFFFFF",0,"01100"
"entry5825","5539","egz:104131452 / egz:104135932","gene","http://www.kegg.jp/dbget-bin/www_bget?egz:104131452+egz:104135932",NA,"rn:R02058 rn:R02059",NA,NA,NA,"line",NA,NA,"#B3B3E6","#FFFFFF",0,"01100"
"entry5828","5596","egz:104129794","gene","http://www.kegg.jp/dbget-bin/www_bget?egz:104129794",NA,"rn:R07324",NA,NA,NA,"line",NA,NA,"#B3B3E6","#FFFFFF",0,"01100"
"entry5852","5622","egz:104129206 / egz:104131800","gene","http://www.kegg.jp/dbget-bin/www_bget?egz:104129206+egz:104131800",NA,"rn:R00342 rn:R00343",NA,NA,NA,"line",NA,NA,"#CC99FF","#FFFFFF",0,"01100"
"entry5859","5633","egz:104125935 / egz:104127925 / egz:104128506 / egz:104133181","gene","http://www.kegg.jp/dbget-bin/www_bget?egz:104125935+egz:104127925+egz:104128506+egz:104133181",NA,"rn:R02164 rn:R00402 rn:R10660",NA,NA,NA,"line",NA,NA,"#6C63F6","#FFFFFF",0,"01100"
"entry5864","5643","egz:104131260 / egz:104131447 / egz:104131979 / egz:104135673","gene","http://www.kegg.jp/dbget-bin/www_bget?egz:104131260+egz:104131447+egz:104131979+egz:104135673",NA,"rn:R00923 rn:R00930 rn:R01859",NA,NA,NA,"line",NA,NA,"#B3B3E6","#FFFFFF",0,"01100"
"entry5871","5676","egz:104127758","gene","http://www.kegg.jp/dbget-bin/www_bget?egz:104127758",NA,"rn:R01602",NA,NA,NA,"line",NA,NA,"#6C63F6","#FFFFFF",0,"01100"
"entry5872","5677","egz:104133127","gene","http://www.kegg.jp/dbget-bin/www_bget?egz:104133127",NA,"rn:R02736 rn:R02035",NA,NA,NA,"line",NA,NA,"#6C63F6","#FFFFFF",0,"01100"
"entry5880","5686","egz:104135637","gene","http://www.kegg.jp/dbget-bin/www_bget?egz:104135637",NA,"rn:R02750",NA,NA,NA,"line",NA,NA,"#6C63F6","#FFFFFF",0,"01100"
"entry5883","5689","egz:104126590","gene","http://www.kegg.jp/dbget-bin/www_bget?egz:104126590",NA,"rn:R01061 rn:R01063",NA,NA,NA,"line",NA,NA,"#6C63F6","#FFFFFF",0,"01100"
"entry5905","5768","egz:104128772 / egz:104129358","gene","http://www.kegg.jp/dbget-bin/www_bget?egz:104128772+egz:104129358",NA,"rn:R00367 rn:R00610 rn:R00611",NA,NA,NA,"line",NA,NA,"#FFCC66","#FFFFFF",0,"01100"
"entry5906","5779","egz:104131213 / egz:104131215 / egz:104132108","gene","http://www.kegg.jp/dbget-bin/www_bget?egz:104131213+egz:104131215+egz:104132108",NA,"rn:R00426",NA,NA,NA,"line",NA,NA,"#FF8080","#FFFFFF",0,"01100"
"entry5908","5781","egz:104122146","gene","http://www.kegg.jp/dbget-bin/www_bget?egz:104122146",NA,"rn:R03409",NA,NA,NA,"line",NA,NA,"#FF8080","#FFFFFF",0,"01100"
"entry5941","5894","egz:104130927","gene","http://www.kegg.jp/dbget-bin/www_bget?egz:104130927",NA,"rn:R11929",NA,NA,NA,"line",NA,NA,"#CC99FF","#FFFFFF",0,"01100"
"entry5945","5901","egz:104128196 / egz:104128264","gene","http://www.kegg.jp/dbget-bin/www_bget?egz:104128196+egz:104128264",NA,"rn:R00891",NA,NA,NA,"line",NA,NA,"#FFCC66","#FFFFFF",0,"01100"
"entry5950","5929","egz:104132743","gene","http://www.kegg.jp/dbget-bin/www_bget?egz:104132743",NA,"rn:R04225",NA,NA,NA,"line",NA,NA,"#FFCC66","#FFFFFF",0,"01100"
"entry5953","5932","egz:104132743","gene","http://www.kegg.jp/dbget-bin/www_bget?egz:104132743",NA,"rn:R01701",NA,NA,NA,"line",NA,NA,"#FFCC66","#FFFFFF",0,"01100"
"entry5959","5939","egz:104121895 / egz:104123781 / egz:104124248 / egz:104130522 / egz:104132054","gene","http://www.kegg.jp/dbget-bin/www_bget?egz:104121895+egz:104123781+egz:104124248+egz:104130522+egz:104132054",NA,"rn:R03869 rn:R03871 rn:R03872",NA,NA,NA,"line",NA,NA,"#FFCC66","#FFFFFF",0,"01100"
"entry5963","5945","egz:104124248","gene","http://www.kegg.jp/dbget-bin/www_bget?egz:104124248",NA,"rn:R03102 rn:R03103",NA,NA,NA,"line",NA,NA,"#FFCC66","#FFFFFF",0,"01100"
"entry5964","5946","egz:104125682","gene","http://www.kegg.jp/dbget-bin/www_bget?egz:104125682",NA,"rn:R02313 rn:R02315",NA,NA,NA,"line",NA,NA,"#FFCC66","#FFFFFF",0,"01100"
"entry5974","5994","egz:104132753 / egz:104132934","gene","http://www.kegg.jp/dbget-bin/www_bget?egz:104132753+egz:104132934",NA,"rn:R04025",NA,NA,NA,"line",NA,NA,"#FFCC66","#FFFFFF",0,"01100"
"entry5975","5995","egz:104121895 / egz:104123781 / egz:104124248 / egz:104132054","gene","http://www.kegg.jp/dbget-bin/www_bget?egz:104121895+egz:104123781+egz:104124248+egz:104132054",NA,"rn:R05050",NA,NA,NA,"line",NA,NA,"#FFCC66","#FFFFFF",0,"01100"
"entry5979","6000","egz:104121921 / egz:104131054","gene","http://www.kegg.jp/dbget-bin/www_bget?egz:104121921+egz:104131054",NA,"rn:R03291 rn:R03293 rn:R03295",NA,NA,NA,"line",NA,NA,"#FFCC66","#FFFFFF",0,"01100"
"entry5980","6001","egz:104121921 / egz:104129948 / egz:104131054","gene","http://www.kegg.jp/dbget-bin/www_bget?egz:104121921+egz:104129948+egz:104131054",NA,"rn:R01248 rn:R01251 rn:R01253 rn:R10507",NA,NA,NA,"line",NA,NA,"#FFCC66","#FFFFFF",0,"01100"
"entry5983","6004","egz:104128394 / egz:104133056 / egz:104133540","gene","http://www.kegg.jp/dbget-bin/www_bget?egz:104128394+egz:104133056+egz:104133540",NA,"rn:R01252",NA,NA,NA,"line",NA,NA,"#FFCC66","#FFFFFF",0,"01100"
"entry6004","6053","egz:104126196","gene","http://www.kegg.jp/dbget-bin/www_bget?egz:104126196",NA,"rn:R00736",NA,NA,NA,"line",NA,NA,"#CC99FF","#FFFFFF",0,"01100"
"entry6012","6073","egz:104122722","gene","http://www.kegg.jp/dbget-bin/www_bget?egz:104122722",NA,"rn:R01372",NA,NA,NA,"line",NA,NA,"#FFCC66","#FFFFFF",0,"01100"
"entry6016","6101","egz:104124861","gene","http://www.kegg.jp/dbget-bin/www_bget?egz:104124861",NA,"rn:R02082",NA,NA,NA,"line",NA,NA,"#9EE284","#FFFFFF",0,"01100"
"entry6023","6128","egz:104135315","gene","http://www.kegg.jp/dbget-bin/www_bget?egz:104135315",NA,"rn:R02702",NA,NA,NA,"line",NA,NA,"#FFCC66","#FFFFFF",0,"01100"
"entry6024","6130","egz:104126196","gene","http://www.kegg.jp/dbget-bin/www_bget?egz:104126196",NA,"rn:R04909",NA,NA,NA,"line",NA,NA,"#FFCC66","#FFFFFF",0,"01100"
"entry6025","6131","egz:104132753 / egz:104132934","gene","http://www.kegg.jp/dbget-bin/www_bget?egz:104132753+egz:104132934",NA,"rn:R04908",NA,NA,NA,"line",NA,NA,"#FFCC66","#FFFFFF",0,"01100"
"entry6026","6132","egz:104126196","gene","http://www.kegg.jp/dbget-bin/www_bget?egz:104126196",NA,"rn:R02701",NA,NA,NA,"line",NA,NA,"#FFCC66","#FFFFFF",0,"01100"
"entry6027","6133","egz:104125379","gene","http://www.kegg.jp/dbget-bin/www_bget?egz:104125379",NA,"rn:R02911",NA,NA,NA,"line",NA,NA,"#FFCC66","#FFFFFF",0,"01100"
"entry6028","6134","egz:104125159","gene","http://www.kegg.jp/dbget-bin/www_bget?egz:104125159",NA,"rn:R03130",NA,NA,NA,"line",NA,NA,"#FFCC66","#FFFFFF",0,"01100"
"entry6041","6167","egz:104122427 / egz:104128048","gene","http://www.kegg.jp/dbget-bin/www_bget?egz:104122427+egz:104128048",NA,"rn:R01682",NA,NA,NA,"line",NA,NA,"#FF9900","#FFFFFF",0,"01100"
"entry6062","6235","egz:104125062 / egz:104131387","gene","http://www.kegg.jp/dbget-bin/www_bget?egz:104125062+egz:104131387",NA,"rn:R00351 rn:R00352",NA,NA,NA,"line",NA,NA,"#6C63F6","#FFFFFF",0,"01100"
"entry6079","6261","egz:104123800","gene","http://www.kegg.jp/dbget-bin/www_bget?egz:104123800",NA,"rn:R06264",NA,NA,NA,"line",NA,NA,"#99CCFF","#FFFFFF",0,"01100"
"entry6083","6265","egz:104131919","gene","http://www.kegg.jp/dbget-bin/www_bget?egz:104131919",NA,NA,NA,NA,NA,"line",NA,NA,"#99CCFF","#FFFFFF",0,"01100"
"entry6084","6266","egz:104127040","gene","http://www.kegg.jp/dbget-bin/www_bget?egz:104127040",NA,NA,NA,NA,NA,"line",NA,NA,"#99CCFF","#FFFFFF",0,"01100"
"entry6091","6753","egz:104122491","gene","http://www.kegg.jp/dbget-bin/www_bget?egz:104122491",NA,"rn:R04812",NA,NA,NA,"line",NA,NA,"#80CCCC","#FFFFFF",0,"01100"
"entry6092","6754","egz:104134405","gene","http://www.kegg.jp/dbget-bin/www_bget?egz:104134405",NA,"rn:R03718",NA,NA,NA,"line",NA,NA,"#80CCCC","#FFFFFF",0,"01100"
"entry6093","6755","egz:104122491","gene","http://www.kegg.jp/dbget-bin/www_bget?egz:104122491",NA,"rn:R04809",NA,NA,NA,"line",NA,NA,"#80CCCC","#FFFFFF",0,"01100"
"entry6094","6756","egz:104122491","gene","http://www.kegg.jp/dbget-bin/www_bget?egz:104122491",NA,"rn:R04813",NA,NA,NA,"line",NA,NA,"#80CCCC","#FFFFFF",0,"01100"
"entry6095","6757","egz:104131500","gene","http://www.kegg.jp/dbget-bin/www_bget?egz:104131500",NA,"rn:R03719",NA,NA,NA,"line",NA,NA,"#80CCCC","#FFFFFF",0,"01100"
"entry6096","6758","egz:104127963","gene","http://www.kegg.jp/dbget-bin/www_bget?egz:104127963",NA,"rn:R02794 rn:R07296",NA,NA,NA,"line",NA,NA,"#80CCCC","#FFFFFF",0,"01100"
"entry6097","6760","egz:104134405","gene","http://www.kegg.jp/dbget-bin/www_bget?egz:104134405",NA,"rn:R03720",NA,NA,NA,"line",NA,NA,"#80CCCC","#FFFFFF",0,"01100"
"entry6106","6770","egz:104122491","gene","http://www.kegg.jp/dbget-bin/www_bget?egz:104122491",NA,"rn:R04810",NA,NA,NA,"line",NA,NA,"#80CCCC","#FFFFFF",0,"01100"
"entry6107","6771","egz:104131500","gene","http://www.kegg.jp/dbget-bin/www_bget?egz:104131500",NA,"rn:R04811",NA,NA,NA,"line",NA,NA,"#80CCCC","#FFFFFF",0,"01100"
"entry6108","6772","egz:104127963","gene","http://www.kegg.jp/dbget-bin/www_bget?egz:104127963",NA,"rn:R03974 rn:R08743",NA,NA,NA,"line",NA,NA,"#80CCCC","#FFFFFF",0,"01100"
"entry6113","6788","egz:104125866 / egz:104126336 / egz:104126640 / egz:104133699 / egz:104135861","gene","http://www.kegg.jp/dbget-bin/www_bget?egz:104125866+egz:104126336+egz:104126640+egz:104133699+egz:104135861",NA,NA,NA,NA,NA,"line",NA,NA,"#CC99FF","#FFFFFF",0,"01100"
"entry6114","6790","egz:104122141 / egz:104123740 / egz:104125291 / egz:104125874 / egz:104126560 / egz:104128362 / egz:104128747 / egz:104129075 / egz:104129896 / egz:104130722 / egz:104132767 / egz:104133757 / egz:104135698 / egz:18985249 / egz:18985250 / egz:18985253","gene","http://www.kegg.jp/dbget-bin/www_bget?egz:104122141+egz:104123740+egz:104125291+egz:104125874+egz:104126560+egz:104128362+egz:104128747+egz:104129075+egz:104129896+egz:104130722+egz:104132767+egz:104133757+egz:104135698+egz:18985249+egz:18985250+egz:18985253",NA,NA,NA,NA,NA,"line",NA,NA,"#CC99FF","#FFFFFF",0,"01100"
"entry6115","6793","egz:104125291","gene","http://www.kegg.jp/dbget-bin/www_bget?egz:104125291",NA,NA,NA,NA,NA,"line",NA,NA,"#CC99FF","#FFFFFF",0,"01100"
"entry6116","6796","egz:104122096 / egz:104123326 / egz:104123902 / egz:104124144 / egz:104124490 / egz:104125404 / egz:104125510 / egz:104125684 / egz:104125888 / egz:104126355 / egz:104126513 / egz:104126823 / egz:104127166 / egz:104127396 / egz:104127537 / egz:104127662 / egz:104127852 / egz:104128015 / egz:104128168 / egz:104128207 / egz:104128928 / egz:104129076 / egz:104129213 / egz:104130155 / egz:104130247 / egz:104131232 / egz:104132271 / egz:104132636 / egz:104133638 / egz:104134183 / egz:104134396 / egz:104134802 / egz:104134839 / egz:104135375 / egz:104135570 / egz:104135933 / egz:18985251 / egz:18985252","gene","http://www.kegg.jp/dbget-bin/www_bget?egz:104122096+egz:104123326+egz:104123902+egz:104124144+egz:104124490+egz:104125404+egz:104125510+egz:104125684+egz:104125888+egz:104126355+egz:104126513+egz:104126823+egz:104127166+egz:104127396+egz:104127537+egz:104127662+egz:104127852+egz:104128015+egz:104128168+egz:104128207+egz:104128928+egz:104129076+egz:104129213+egz:104130155+egz:104130247+egz:104131232+egz:104132271+egz:104132636+egz:104133638+egz:104134183+egz:104134396+egz:104134802+egz:104134839+egz:104135375+egz:104135570+egz:104135933+egz:18985251+egz:18985252",NA,NA,NA,NA,NA,"line",NA,NA,"#CC99FF","#FFFFFF",0,"01100"
"entry6117","6822","egz:104125584 / egz:18985258","gene","http://www.kegg.jp/dbget-bin/www_bget?egz:104125584+egz:18985258",NA,NA,NA,NA,NA,"line",NA,NA,"#CC99FF","#FFFFFF",0,"01100"
"entry6118","6840","egz:104122536 / egz:104124093 / egz:104124211 / egz:104124736 / egz:104124796 / egz:104125080 / egz:104125664 / egz:104126327 / egz:104126566 / egz:104127731 / egz:104128195 / egz:104128288 / egz:104128516 / egz:104128684 / egz:104129127 / egz:104129998 / egz:104130514 / egz:104131938 / egz:104132363 / egz:104132874 / egz:104134104 / egz:104134266 / egz:104134435 / egz:104134688 / egz:104135223 / egz:104135343 / egz:18985247 / egz:18985248 / egz:18985254 / egz:18985255 / egz:18985256 / egz:18985257 / egz:18985259","gene","http://www.kegg.jp/dbget-bin/www_bget?egz:104122536+egz:104124093+egz:104124211+egz:104124736+egz:104124796+egz:104125080+egz:104125664+egz:104126327+egz:104126566+egz:104127731+egz:104128195+egz:104128288+egz:104128516+egz:104128684+egz:104129127+egz:104129998+egz:104130514+egz:104131938+egz:104132363+egz:104132874+egz:104134104+egz:104134266+egz:104134435+egz:104134688+egz:104135223+egz:104135343+egz:18985247+egz:18985248+egz:18985254+egz:18985255+egz:18985256+egz:18985257+egz:18985259",NA,NA,NA,NA,NA,"line",NA,NA,"#CC99FF","#FFFFFF",0,"01100"
"entry6146","2318","egz:104124048","gene","http://www.kegg.jp/dbget-bin/www_bget?egz:104124048",NA,"rn:R07509",NA,NA,NA,"line",NA,NA,"#80CCCC","#FFFFFF",0,"01100"
"entry6150","6930","egz:104123890 / egz:104124383 / egz:104125307 / egz:104131675 / egz:104134698 / egz:104135441","gene","http://www.kegg.jp/dbget-bin/www_bget?egz:104123890+egz:104124383+egz:104125307+egz:104131675+egz:104134698+egz:104135441",NA,"rn:R02976 rn:R06520",NA,NA,NA,"line",NA,NA,"#80CCB3","#FFFFFF",0,"01100"
"entry6151","2510","egz:104122870 / egz:104124742 / egz:104125150 / egz:104126317 / egz:104127999 / egz:104129441 / egz:104129703 / egz:104129784 / egz:104132784","gene","http://www.kegg.jp/dbget-bin/www_bget?egz:104122870+egz:104124742+egz:104125150+egz:104126317+egz:104127999+egz:104129441+egz:104129703+egz:104129784+egz:104132784",NA,"rn:R06517 rn:R06518",NA,NA,NA,"line",NA,NA,"#80CCB3","#FFFFFF",0,"01100"
"entry6155","6932","egz:104122745 / egz:104123317 / egz:104123427 / egz:104124045 / egz:104124245 / egz:104125781 / egz:104125799 / egz:104126982 / egz:104128583 / egz:104128865 / egz:104129700 / egz:104130151 / egz:104130173 / egz:104130998 / egz:104131107 / egz:104131533 / egz:104131606 / egz:104131607 / egz:104132393 / egz:104132856 / egz:104133098 / egz:104134673 / egz:104134781 / egz:104134854 / egz:104135262 / egz:104135361","gene","http://www.kegg.jp/dbget-bin/www_bget?egz:104122745+egz:104123317+egz:104123427+egz:104124045+egz:104124245+egz:104125781+egz:104125799+egz:104126982+egz:104128583+egz:104128865+egz:104129700+egz:104130151+egz:104130173+egz:104130998+egz:104131107+egz:104131533+egz:104131606+egz:104131607+egz:104132393+egz:104132856+egz:104133098+egz:104134673+egz:104134781+egz:104134854+egz:104135262+egz:104135361",NA,"rn:R03875",NA,NA,NA,"line",NA,NA,"#FFCC66","#FFFFFF",0,"01100"
"entry6156","6933","egz:104122745 / egz:104123317 / egz:104123427 / egz:104124045 / egz:104125781 / egz:104125799 / egz:104126982 / egz:104128583 / egz:104128865 / egz:104129700 / egz:104130173 / egz:104130998 / egz:104131107 / egz:104131533 / egz:104131606 / egz:104131607 / egz:104132393 / egz:104132445 / egz:104132668 / egz:104132856 / egz:104133098 / egz:104134673 / egz:104134781 / egz:104134854 / egz:104135262 / egz:104135361","gene","http://www.kegg.jp/dbget-bin/www_bget?egz:104122745+egz:104123317+egz:104123427+egz:104124045+egz:104125781+egz:104125799+egz:104126982+egz:104128583+egz:104128865+egz:104129700+egz:104130173+egz:104130998+egz:104131107+egz:104131533+egz:104131606+egz:104131607+egz:104132393+egz:104132445+egz:104132668+egz:104132856+egz:104133098+egz:104134673+egz:104134781+egz:104134854+egz:104135262+egz:104135361",NA,"rn:R04866",NA,NA,NA,"line",NA,NA,"#FFCC66","#FFFFFF",0,"01100"
"entry6157","6934","egz:104122745 / egz:104123260 / egz:104123317 / egz:104123427 / egz:104124045 / egz:104125781 / egz:104125799 / egz:104126982 / egz:104128583 / egz:104128865 / egz:104129700 / egz:104130173 / egz:104130998 / egz:104131107 / egz:104131533 / egz:104131606 / egz:104131607 / egz:104132393 / egz:104132668 / egz:104132856 / egz:104133098 / egz:104134673 / egz:104134781 / egz:104134854 / egz:104135262 / egz:104135361","gene","http://www.kegg.jp/dbget-bin/www_bget?egz:104122745+egz:104123260+egz:104123317+egz:104123427+egz:104124045+egz:104125781+egz:104125799+egz:104126982+egz:104128583+egz:104128865+egz:104129700+egz:104130173+egz:104130998+egz:104131107+egz:104131533+egz:104131606+egz:104131607+egz:104132393+egz:104132668+egz:104132856+egz:104133098+egz:104134673+egz:104134781+egz:104134854+egz:104135262+egz:104135361",NA,"rn:R04867",NA,NA,NA,"line",NA,NA,"#FFCC66","#FFFFFF",0,"01100"
"entry6158","6936","egz:104129538","gene","http://www.kegg.jp/dbget-bin/www_bget?egz:104129538",NA,"rn:R03451",NA,NA,NA,"line",NA,NA,"#FFCC66","#FFFFFF",0,"01100"
"entry6159","6938","egz:104121895 / egz:104123781 / egz:104124248 / egz:104132054","gene","http://www.kegg.jp/dbget-bin/www_bget?egz:104121895+egz:104123781+egz:104124248+egz:104132054",NA,"rn:R03283",NA,NA,NA,"line",NA,NA,"#FFCC66","#FFFFFF",0,"01100"
"entry6160","6939","egz:104125702","gene","http://www.kegg.jp/dbget-bin/www_bget?egz:104125702",NA,"rn:R02397",NA,NA,NA,"line",NA,NA,"#FFCC66","#FFFFFF",0,"01100"
"entry6161","6940","egz:104127078 / egz:104133143","gene","http://www.kegg.jp/dbget-bin/www_bget?egz:104127078+egz:104133143",NA,"rn:R03376",NA,NA,NA,"line",NA,NA,"#FFCC66","#FFFFFF",0,"01100"
"entry6162","6941","egz:104124555","gene","http://www.kegg.jp/dbget-bin/www_bget?egz:104124555",NA,"rn:R03380",NA,NA,NA,"line",NA,NA,"#FFCC66","#FFFFFF",0,"01100"
