"","entryID","name","type","link","component","reaction","map","x","y","graphicalType","width","height","fgcolor","bgcolor","freq","pathway"
"entry1779","15","myo:OEM_13190 / myo:OEM_19200","gene","http://www.kegg.jp/dbget-bin/www_bget?myo:OEM_13190+myo:OEM_19200",NA,"rn:R00475",NA,NA,NA,"line",NA,NA,"#B3B3E6","#FFFFFF",0,"01110"
"entry1780","17","myo:OEM_06070 / myo:OEM_18690 / myo:OEM_25390 / myo:OEM_49560","gene","http://www.kegg.jp/dbget-bin/www_bget?myo:OEM_06070+myo:OEM_18690+myo:OEM_25390+myo:OEM_49560",NA,"rn:R00746 rn:R00754 rn:R05198 rn:R09127 rn:R09479",NA,NA,NA,"line",NA,NA,"#8080F7","#FFFFFF",0,"01110"
"entry1781","67","myo:OEM_35740","gene","http://www.kegg.jp/dbget-bin/www_bget?myo:OEM_35740",NA,"rn:R02864",NA,NA,NA,"line",NA,NA,"#FFB3CC","#FFFFFF",0,"01110"
"entry1782","138","myo:OEM_18820","gene","http://www.kegg.jp/dbget-bin/www_bget?myo:OEM_18820",NA,"rn:R01286",NA,NA,NA,"line",NA,NA,"#FFCC66","#FFFFFF",0,"01110"
"entry1783","145","myo:OEM_34420","gene","http://www.kegg.jp/dbget-bin/www_bget?myo:OEM_34420",NA,"rn:R04972",NA,NA,NA,"line",NA,NA,"#FFB3CC","#FFFFFF",0,"01110"
"entry1784","148","myo:OEM_18010","gene","http://www.kegg.jp/dbget-bin/www_bget?myo:OEM_18010",NA,"rn:R09244",NA,NA,NA,"line",NA,NA,"#9EE284","#FFFFFF",0,"01110"
"entry1785","149","myo:OEM_11290","gene","http://www.kegg.jp/dbget-bin/www_bget?myo:OEM_11290",NA,"rn:R08528",NA,NA,NA,"line",NA,NA,"#9EE284","#FFFFFF",0,"01110"
"entry1786","161","myo:OEM_34410","gene","http://www.kegg.jp/dbget-bin/www_bget?myo:OEM_34410",NA,"rn:R04178",NA,NA,NA,"line",NA,NA,"#FFB3CC","#FFFFFF",0,"01110"
"entry1787","162","myo:OEM_30630","gene","http://www.kegg.jp/dbget-bin/www_bget?myo:OEM_30630",NA,"rn:R11329",NA,NA,NA,"line",NA,NA,"#FFB3CC","#FFFFFF",0,"01110"
"entry1788","191","myo:OEM_29760","gene","http://www.kegg.jp/dbget-bin/www_bget?myo:OEM_29760",NA,"rn:R01824",NA,NA,NA,"line",NA,NA,"#B3B3E6","#FFFFFF",0,"01110"
"entry1789","192","myo:OEM_29770","gene","http://www.kegg.jp/dbget-bin/www_bget?myo:OEM_29770",NA,"rn:R11256",NA,NA,NA,"line",NA,NA,"#B3B3E6","#FFFFFF",0,"01110"
"entry1790","193","myo:OEM_29750 / myo:OEM_39950","gene","http://www.kegg.jp/dbget-bin/www_bget?myo:OEM_29750+myo:OEM_39950",NA,"rn:R11261",NA,NA,NA,"line",NA,NA,"#B3B3E6","#FFFFFF",0,"01110"
"entry1791","230","myo:OEM_49270","gene","http://www.kegg.jp/dbget-bin/www_bget?myo:OEM_49270",NA,"rn:R02985",NA,NA,NA,"line",NA,NA,"#FF9900","#FFFFFF",0,"01110"
"entry1792","231","myo:OEM_12810","gene","http://www.kegg.jp/dbget-bin/www_bget?myo:OEM_12810",NA,"rn:R00948 rn:R00951",NA,NA,NA,"line",NA,NA,"#B3B3E6","#FFFFFF",0,"01110"
"entry1793","233","myo:OEM_14130 / myo:OEM_37650","gene","http://www.kegg.jp/dbget-bin/www_bget?myo:OEM_14130+myo:OEM_37650",NA,"rn:R02110",NA,NA,NA,"line",NA,NA,"#B3B3E6","#FFFFFF",0,"01110"
"entry1794","234","myo:OEM_14160 / myo:OEM_26130","gene","http://www.kegg.jp/dbget-bin/www_bget?myo:OEM_14160+myo:OEM_26130",NA,"rn:R02111",NA,NA,NA,"line",NA,NA,"#B3B3E6","#FFFFFF",0,"01110"
"entry1795","235","myo:OEM_31710","gene","http://www.kegg.jp/dbget-bin/www_bget?myo:OEM_31710",NA,"rn:R07281",NA,NA,NA,"line",NA,NA,"#FFB3CC","#FFFFFF",0,"01110"
"entry1796","236","myo:OEM_31710","gene","http://www.kegg.jp/dbget-bin/www_bget?myo:OEM_31710",NA,"rn:R00425",NA,NA,NA,"line",NA,NA,"#FFB3CC","#FFFFFF",0,"01110"
"entry1797","237","myo:OEM_31750","gene","http://www.kegg.jp/dbget-bin/www_bget?myo:OEM_31750",NA,"rn:R03459",NA,NA,NA,"line",NA,NA,"#FFB3CC","#FFFFFF",0,"01110"
"entry1798","238","myo:OEM_31750","gene","http://www.kegg.jp/dbget-bin/www_bget?myo:OEM_31750",NA,"rn:R03458",NA,NA,NA,"line",NA,NA,"#FFB3CC","#FFFFFF",0,"01110"
"entry1799","240","myo:OEM_31700","gene","http://www.kegg.jp/dbget-bin/www_bget?myo:OEM_31700",NA,"rn:R04457",NA,NA,NA,"line",NA,NA,"#FFB3CC","#FFFFFF",0,"01110"
"entry1800","242","myo:OEM_31720","gene","http://www.kegg.jp/dbget-bin/www_bget?myo:OEM_31720",NA,"rn:R00066",NA,NA,NA,"line",NA,NA,"#FFB3CC","#FFFFFF",0,"01110"
"entry1801","243","myo:OEM_35490","gene","http://www.kegg.jp/dbget-bin/www_bget?myo:OEM_35490",NA,"rn:R00549",NA,NA,NA,"line",NA,NA,"#FFB3CC","#FFFFFF",0,"01110"
"entry1802","244","myo:OEM_35490","gene","http://www.kegg.jp/dbget-bin/www_bget?myo:OEM_35490",NA,"rn:R00161",NA,NA,NA,"line",NA,NA,"#FFB3CC","#FFFFFF",0,"01110"
"entry1803","245","myo:OEM_41030","gene","http://www.kegg.jp/dbget-bin/www_bget?myo:OEM_41030",NA,"rn:R01819",NA,NA,NA,"line",NA,NA,"#B3B3E6","#FFFFFF",0,"01110"
"entry1804","246","myo:OEM_41050 / myo:OEM_41790","gene","http://www.kegg.jp/dbget-bin/www_bget?myo:OEM_41050+myo:OEM_41790",NA,"rn:R01818",NA,NA,NA,"line",NA,NA,"#B3B3E6","#FFFFFF",0,"01110"
"entry1805","247","myo:OEM_41130","gene","http://www.kegg.jp/dbget-bin/www_bget?myo:OEM_41130",NA,"rn:R00885",NA,NA,NA,"line",NA,NA,"#B3B3E6","#FFFFFF",0,"01110"
"entry1806","255","myo:OEM_18160","gene","http://www.kegg.jp/dbget-bin/www_bget?myo:OEM_18160",NA,"rn:R00586",NA,NA,NA,"line",NA,NA,"#FFCC66","#FFFFFF",0,"01110"
"entry1807","256","myo:OEM_03990 / myo:OEM_18170","gene","http://www.kegg.jp/dbget-bin/www_bget?myo:OEM_03990+myo:OEM_18170",NA,"rn:R00897",NA,NA,NA,"line",NA,NA,"#FFCC66","#FFFFFF",0,"01110"
"entry1808","257","myo:OEM_13800","gene","http://www.kegg.jp/dbget-bin/www_bget?myo:OEM_13800",NA,"rn:R01771",NA,NA,NA,"line",NA,NA,"#FFCC66","#FFFFFF",0,"01110"
"entry1809","258","myo:OEM_13790","gene","http://www.kegg.jp/dbget-bin/www_bget?myo:OEM_13790",NA,"rn:R01466",NA,NA,NA,"line",NA,NA,"#FFCC66","#FFFFFF",0,"01110"
"entry1810","259","myo:OEM_24630 / myo:OEM_45920","gene","http://www.kegg.jp/dbget-bin/www_bget?myo:OEM_24630+myo:OEM_45920",NA,"rn:R00479",NA,NA,NA,"line",NA,NA,"#B3B3E6","#FFFFFF",0,"01110"
"entry1811","260","myo:OEM_25600","gene","http://www.kegg.jp/dbget-bin/www_bget?myo:OEM_25600",NA,"rn:R00472",NA,NA,NA,"line",NA,NA,"#B3B3E6","#FFFFFF",0,"01110"
"entry1812","273","myo:OEM_18240","gene","http://www.kegg.jp/dbget-bin/www_bget?myo:OEM_18240",NA,"rn:R07888",NA,NA,NA,"line",NA,NA,"#80CCB3","#FFFFFF",0,"01110"
"entry1813","275","myo:OEM_07820 / myo:OEM_11990 / myo:OEM_35520 / myo:OEM_40750","gene","http://www.kegg.jp/dbget-bin/www_bget?myo:OEM_07820+myo:OEM_11990+myo:OEM_35520+myo:OEM_40750",NA,"rn:R07891",NA,NA,NA,"line",NA,NA,"#80CCB3","#FFFFFF",0,"01110"
"entry1814","276","myo:OEM_18240","gene","http://www.kegg.jp/dbget-bin/www_bget?myo:OEM_18240",NA,"rn:R07892",NA,NA,NA,"line",NA,NA,"#80CCB3","#FFFFFF",0,"01110"
"entry1815","278","myo:OEM_07820 / myo:OEM_11990 / myo:OEM_35520 / myo:OEM_40750","gene","http://www.kegg.jp/dbget-bin/www_bget?myo:OEM_07820+myo:OEM_11990+myo:OEM_35520+myo:OEM_40750",NA,"rn:R07895",NA,NA,NA,"line",NA,NA,"#80CCB3","#FFFFFF",0,"01110"
"entry1816","279","myo:OEM_18240","gene","http://www.kegg.jp/dbget-bin/www_bget?myo:OEM_18240",NA,"rn:R07896",NA,NA,NA,"line",NA,NA,"#80CCB3","#FFFFFF",0,"01110"
"entry1817","281","myo:OEM_07820 / myo:OEM_11990 / myo:OEM_35520 / myo:OEM_40750","gene","http://www.kegg.jp/dbget-bin/www_bget?myo:OEM_07820+myo:OEM_11990+myo:OEM_35520+myo:OEM_40750",NA,"rn:R07899",NA,NA,NA,"line",NA,NA,"#80CCB3","#FFFFFF",0,"01110"
"entry1818","296","myo:OEM_19630 / myo:OEM_37150 / myo:OEM_41710 / myo:OEM_44800","gene","http://www.kegg.jp/dbget-bin/www_bget?myo:OEM_19630+myo:OEM_37150+myo:OEM_41710+myo:OEM_44800",NA,"rn:R00842 rn:R00844 rn:R00846 rn:R00848",NA,NA,NA,"line",NA,NA,"#80CCB3","#FFFFFF",0,"01110"
"entry1819","299","myo:OEM_44840","gene","http://www.kegg.jp/dbget-bin/www_bget?myo:OEM_44840",NA,"rn:R09247",NA,NA,NA,"line",NA,NA,"#9EE284","#FFFFFF",0,"01110"
"entry1820","300","myo:OEM_31400","gene","http://www.kegg.jp/dbget-bin/www_bget?myo:OEM_31400",NA,"rn:R07411",NA,NA,NA,"line",NA,NA,"#FFB3CC","#FFFFFF",0,"01110"
"entry1821","301","myo:OEM_11490","gene","http://www.kegg.jp/dbget-bin/www_bget?myo:OEM_11490",NA,"rn:R05884",NA,NA,NA,"line",NA,NA,"#9EE284","#FFFFFF",0,"01110"
"entry1822","333","myo:OEM_16050","gene","http://www.kegg.jp/dbget-bin/www_bget?myo:OEM_16050",NA,"rn:R03313",NA,NA,NA,"line",NA,NA,"#F06292","#FFFFFF",0,"01110"
"entry1823","366","myo:OEM_44930","gene","http://www.kegg.jp/dbget-bin/www_bget?myo:OEM_44930",NA,"rn:R04031",NA,NA,NA,"line",NA,NA,"#FFB3CC","#FFFFFF",0,"01110"
"entry1824","373","myo:OEM_37320","gene","http://www.kegg.jp/dbget-bin/www_bget?myo:OEM_37320",NA,"rn:R02964",NA,NA,NA,"line",NA,NA,"#FFB3CC","#FFFFFF",0,"01110"
"entry1825","408","myo:OEM_33740 / myo:OEM_39690","gene","http://www.kegg.jp/dbget-bin/www_bget?myo:OEM_33740+myo:OEM_39690",NA,"rn:R00009",NA,NA,NA,"line",NA,NA,"#B3B3E6","#FFFFFF",0,"01110"
"entry1826","415","myo:OEM_20400 / myo:OEM_25650 / myo:OEM_25700 / myo:OEM_30980 / myo:OEM_31130 / myo:OEM_41720 / myo:OEM_45970","gene","http://www.kegg.jp/dbget-bin/www_bget?myo:OEM_20400+myo:OEM_25650+myo:OEM_25700+myo:OEM_30980+myo:OEM_31130+myo:OEM_41720+myo:OEM_45970",NA,"rn:R01221",NA,NA,NA,"line",NA,NA,"#B3B3E6","#FFFFFF",0,"01110"
"entry1827","419","myo:OEM_03570","gene","http://www.kegg.jp/dbget-bin/www_bget?myo:OEM_03570",NA,"rn:R01213",NA,NA,NA,"line",NA,NA,"#FFCC66","#FFFFFF",0,"01110"
"entry1828","431","myo:OEM_20410","gene","http://www.kegg.jp/dbget-bin/www_bget?myo:OEM_20410",NA,"rn:R02199",NA,NA,NA,"line",NA,NA,"#F06292","#FFFFFF",0,"01110"
"entry1829","432","myo:OEM_20410","gene","http://www.kegg.jp/dbget-bin/www_bget?myo:OEM_20410",NA,"rn:R01214",NA,NA,NA,"line",NA,NA,"#F06292","#FFFFFF",0,"01110"
"entry1830","447","myo:OEM_04710 / myo:OEM_42830","gene","http://www.kegg.jp/dbget-bin/www_bget?myo:OEM_04710+myo:OEM_42830",NA,"rn:R00489",NA,NA,NA,"line",NA,NA,"#FFB3CC","#FFFFFF",0,"01110"
"entry1831","448","myo:OEM_19980","gene","http://www.kegg.jp/dbget-bin/www_bget?myo:OEM_19980",NA,"rn:R01226",NA,NA,NA,"line",NA,NA,"#FFB3CC","#FFFFFF",0,"01110"
"entry1832","454","myo:OEM_04170","gene","http://www.kegg.jp/dbget-bin/www_bget?myo:OEM_04170",NA,"rn:R00235",NA,NA,NA,"line",NA,NA,"#8080F7","#FFFFFF",0,"01110"
"entry1833","455","myo:OEM_34900","gene","http://www.kegg.jp/dbget-bin/www_bget?myo:OEM_34900",NA,"rn:R01122",NA,NA,NA,"line",NA,NA,"#9EE284","#FFFFFF",0,"01110"
"entry1834","456","myo:OEM_28700","gene","http://www.kegg.jp/dbget-bin/www_bget?myo:OEM_28700",NA,"rn:R01086",NA,NA,NA,"line",NA,NA,"#FFCC66","#FFFFFF",0,"01110"
"entry1835","461","myo:OEM_22370","gene","http://www.kegg.jp/dbget-bin/www_bget?myo:OEM_22370",NA,"rn:R01071",NA,NA,NA,"line",NA,NA,"#FFCC66","#FFFFFF",0,"01110"
"entry1836","462","myo:OEM_22360","gene","http://www.kegg.jp/dbget-bin/www_bget?myo:OEM_22360",NA,"rn:R04035",NA,NA,NA,"line",NA,NA,"#FFCC66","#FFFFFF",0,"01110"
"entry1837","463","myo:OEM_29440","gene","http://www.kegg.jp/dbget-bin/www_bget?myo:OEM_29440",NA,"rn:R04037",NA,NA,NA,"line",NA,NA,"#FFCC66","#FFFFFF",0,"01110"
"entry1838","464","myo:OEM_29470","gene","http://www.kegg.jp/dbget-bin/www_bget?myo:OEM_29470",NA,"rn:R04640",NA,NA,NA,"line",NA,NA,"#FFCC66","#FFFFFF",0,"01110"
"entry1839","465","myo:OEM_29450 / myo:OEM_29480","gene","http://www.kegg.jp/dbget-bin/www_bget?myo:OEM_29450+myo:OEM_29480",NA,"rn:R04558",NA,NA,NA,"line",NA,NA,"#FFCC66","#FFFFFF",0,"01110"
"entry1840","466","myo:OEM_29490","gene","http://www.kegg.jp/dbget-bin/www_bget?myo:OEM_29490",NA,"rn:R03457",NA,NA,NA,"line",NA,NA,"#FFCC66","#FFFFFF",0,"01110"
"entry1841","467","myo:OEM_02660 / myo:OEM_19840 / myo:OEM_29500 / myo:OEM_43350","gene","http://www.kegg.jp/dbget-bin/www_bget?myo:OEM_02660+myo:OEM_19840+myo:OEM_29500+myo:OEM_43350",NA,"rn:R03243",NA,NA,NA,"line",NA,NA,"#FFCC66","#FFFFFF",0,"01110"
"entry1842","468","myo:OEM_39230","gene","http://www.kegg.jp/dbget-bin/www_bget?myo:OEM_39230",NA,"rn:R03013",NA,NA,NA,"line",NA,NA,"#FFCC66","#FFFFFF",0,"01110"
"entry1843","469","myo:OEM_29510","gene","http://www.kegg.jp/dbget-bin/www_bget?myo:OEM_29510",NA,"rn:R03012",NA,NA,NA,"line",NA,NA,"#FFCC66","#FFFFFF",0,"01110"
"entry1844","470","myo:OEM_29510","gene","http://www.kegg.jp/dbget-bin/www_bget?myo:OEM_29510",NA,"rn:R01163",NA,NA,NA,"line",NA,NA,"#FFCC66","#FFFFFF",0,"01110"
"entry1845","497","myo:OEM_07820 / myo:OEM_11990 / myo:OEM_35520 / myo:OEM_40750","gene","http://www.kegg.jp/dbget-bin/www_bget?myo:OEM_07820+myo:OEM_11990+myo:OEM_35520+myo:OEM_40750",NA,"rn:R00927",NA,NA,NA,"line",NA,NA,"#FFCC66","#FFFFFF",0,"01110"
"entry1846","498","myo:OEM_20410","gene","http://www.kegg.jp/dbget-bin/www_bget?myo:OEM_20410",NA,"rn:R02196 rn:R02199",NA,NA,NA,"line",NA,NA,"#FFCC66","#FFFFFF",0,"01110"
"entry1847","499","myo:OEM_30980 / myo:OEM_31130 / myo:OEM_41720 / myo:OEM_45970","gene","http://www.kegg.jp/dbget-bin/www_bget?myo:OEM_30980+myo:OEM_31130+myo:OEM_41720+myo:OEM_45970",NA,"rn:R04225 rn:R03174 rn:R07618",NA,NA,NA,"line",NA,NA,"#FFCC66","#FFFFFF",0,"01110"
"entry1848","500","myo:OEM_02800 / myo:OEM_07800 / myo:OEM_09780 / myo:OEM_21880 / myo:OEM_27160 / myo:OEM_38340 / myo:OEM_39250 / myo:OEM_47150 / myo:OEM_48690 / myo:OEM_49880 / myo:OEM_p100200","gene","http://www.kegg.jp/dbget-bin/www_bget?myo:OEM_02800+myo:OEM_07800+myo:OEM_09780+myo:OEM_21880+myo:OEM_27160+myo:OEM_38340+myo:OEM_39250+myo:OEM_47150+myo:OEM_48690+myo:OEM_49880+myo:OEM_p100200",NA,"rn:R03172",NA,NA,NA,"line",NA,NA,"#FFCC66","#FFFFFF",0,"01110"
"entry1849","501","myo:OEM_02630 / myo:OEM_05260 / myo:OEM_05600 / myo:OEM_05850 / myo:OEM_08600 / myo:OEM_09080 / myo:OEM_09740 / myo:OEM_11110 / myo:OEM_11120 / myo:OEM_12080 / myo:OEM_15490 / myo:OEM_17340 / myo:OEM_26290 / myo:OEM_30780 / myo:OEM_34430 / myo:OEM_35600 / myo:OEM_37940 / myo:OEM_44110 / myo:OEM_44130 / myo:OEM_44470 / myo:OEM_46040 / myo:OEM_48880","gene","http://www.kegg.jp/dbget-bin/www_bget?myo:OEM_02630+myo:OEM_05260+myo:OEM_05600+myo:OEM_05850+myo:OEM_08600+myo:OEM_09080+myo:OEM_09740+myo:OEM_11110+myo:OEM_11120+myo:OEM_12080+myo:OEM_15490+myo:OEM_17340+myo:OEM_26290+myo:OEM_30780+myo:OEM_34430+myo:OEM_35600+myo:OEM_37940+myo:OEM_44110+myo:OEM_44130+myo:OEM_44470+myo:OEM_46040+myo:OEM_48880",NA,"rn:R04204",NA,NA,NA,"line",NA,NA,"#FFCC66","#FFFFFF",0,"01110"
"entry1850","502","myo:OEM_08600","gene","http://www.kegg.jp/dbget-bin/www_bget?myo:OEM_08600",NA,"rn:R04203",NA,NA,NA,"line",NA,NA,"#FFCC66","#FFFFFF",0,"01110"
"entry1851","509","myo:OEM_16520","gene","http://www.kegg.jp/dbget-bin/www_bget?myo:OEM_16520",NA,"rn:R06602",NA,NA,NA,"line",NA,NA,"#9EE284","#FFFFFF",0,"01110"
"entry1852","516","myo:OEM_29830","gene","http://www.kegg.jp/dbget-bin/www_bget?myo:OEM_29830",NA,"rn:R00220",NA,NA,NA,"line",NA,NA,"#FFCC66","#FFFFFF",0,"01110"
"entry1853","517","myo:OEM_11320","gene","http://www.kegg.jp/dbget-bin/www_bget?myo:OEM_11320",NA,"rn:R00945",NA,NA,NA,"line",NA,NA,"#FFCC66","#FFFFFF",0,"01110"
"entry1854","519","myo:OEM_29830","gene","http://www.kegg.jp/dbget-bin/www_bget?myo:OEM_29830",NA,"rn:R00996",NA,NA,NA,"line",NA,NA,"#FFCC66","#FFFFFF",0,"01110"
"entry1855","520","myo:OEM_37330","gene","http://www.kegg.jp/dbget-bin/www_bget?myo:OEM_37330",NA,"rn:R05069",NA,NA,NA,"line",NA,NA,"#FFCC66","#FFFFFF",0,"01110"
"entry1856","521","myo:OEM_37330","gene","http://www.kegg.jp/dbget-bin/www_bget?myo:OEM_37330",NA,"rn:R05068",NA,NA,NA,"line",NA,NA,"#FFCC66","#FFFFFF",0,"01110"
"entry1857","522","myo:OEM_49230","gene","http://www.kegg.jp/dbget-bin/www_bget?myo:OEM_49230",NA,"rn:R05070",NA,NA,NA,"line",NA,NA,"#FFCC66","#FFFFFF",0,"01110"
"entry1858","523","myo:OEM_37210 / myo:OEM_37220","gene","http://www.kegg.jp/dbget-bin/www_bget?myo:OEM_37210+myo:OEM_37220",NA,"rn:R03968",NA,NA,NA,"line",NA,NA,"#FFCC66","#FFFFFF",0,"01110"
"entry1859","524","myo:OEM_37210 / myo:OEM_37220","gene","http://www.kegg.jp/dbget-bin/www_bget?myo:OEM_37210+myo:OEM_37220",NA,"rn:R04001",NA,NA,NA,"line",NA,NA,"#FFCC66","#FFFFFF",0,"01110"
"entry1860","525","myo:OEM_05640 / myo:OEM_25760 / myo:OEM_36890 / myo:OEM_37340 / myo:OEM_37350 / myo:OEM_43380 / myo:OEM_48650","gene","http://www.kegg.jp/dbget-bin/www_bget?myo:OEM_05640+myo:OEM_25760+myo:OEM_36890+myo:OEM_37340+myo:OEM_37350+myo:OEM_43380+myo:OEM_48650",NA,"rn:R00226",NA,NA,NA,"line",NA,NA,"#FFCC66","#FFFFFF",0,"01110"
"entry1861","526","myo:OEM_37330","gene","http://www.kegg.jp/dbget-bin/www_bget?myo:OEM_37330",NA,"rn:R05071",NA,NA,NA,"line",NA,NA,"#FFCC66","#FFFFFF",0,"01110"
"entry1862","527","myo:OEM_37330","gene","http://www.kegg.jp/dbget-bin/www_bget?myo:OEM_37330",NA,"rn:R04440",NA,NA,NA,"line",NA,NA,"#FFCC66","#FFFFFF",0,"01110"
"entry1863","528","myo:OEM_49230","gene","http://www.kegg.jp/dbget-bin/www_bget?myo:OEM_49230",NA,"rn:R04441",NA,NA,NA,"line",NA,NA,"#FFCC66","#FFFFFF",0,"01110"
"entry1864","535","myo:OEM_28740","gene","http://www.kegg.jp/dbget-bin/www_bget?myo:OEM_28740",NA,"rn:R02283",NA,NA,NA,"line",NA,NA,"#FFCC66","#FFFFFF",0,"01110"
"entry1865","536","myo:OEM_28770","gene","http://www.kegg.jp/dbget-bin/www_bget?myo:OEM_28770",NA,"rn:R03443",NA,NA,NA,"line",NA,NA,"#FFCC66","#FFFFFF",0,"01110"
"entry1866","537","myo:OEM_28750","gene","http://www.kegg.jp/dbget-bin/www_bget?myo:OEM_28750",NA,"rn:R02649",NA,NA,NA,"line",NA,NA,"#FFCC66","#FFFFFF",0,"01110"
"entry1867","538","myo:OEM_28760 / myo:OEM_35110 / myo:OEM_46430","gene","http://www.kegg.jp/dbget-bin/www_bget?myo:OEM_28760+myo:OEM_35110+myo:OEM_46430",NA,"rn:R00259",NA,NA,NA,"line",NA,NA,"#FFCC66","#FFFFFF",0,"01110"
"entry1868","539","myo:OEM_01800 / myo:OEM_01810","gene","http://www.kegg.jp/dbget-bin/www_bget?myo:OEM_01800+myo:OEM_01810",NA,"rn:R00093 rn:R00114",NA,NA,NA,"line",NA,NA,"#FFCC66","#FFFFFF",0,"01110"
"entry1869","545","myo:OEM_12550 / myo:OEM_45600","gene","http://www.kegg.jp/dbget-bin/www_bget?myo:OEM_12550+myo:OEM_45600",NA,"rn:R01248 rn:R01251 rn:R01253 rn:R10507",NA,NA,NA,"line",NA,NA,"#FFCC66","#FFFFFF",0,"01110"
"entry1870","547","myo:OEM_42110","gene","http://www.kegg.jp/dbget-bin/www_bget?myo:OEM_42110",NA,"rn:R01777",NA,NA,NA,"line",NA,NA,"#FFCC66","#FFFFFF",0,"01110"
"entry1871","548","myo:OEM_11190","gene","http://www.kegg.jp/dbget-bin/www_bget?myo:OEM_11190",NA,"rn:R03260",NA,NA,NA,"line",NA,NA,"#FFCC66","#FFFFFF",0,"01110"
"entry1872","549","myo:OEM_11820 / myo:OEM_15780 / myo:OEM_22230","gene","http://www.kegg.jp/dbget-bin/www_bget?myo:OEM_11820+myo:OEM_15780+myo:OEM_22230",NA,"rn:R00650 rn:R00946 rn:R04405",NA,NA,NA,"line",NA,NA,"#FFCC66","#FFFFFF",0,"01110"
"entry1873","560","myo:OEM_03110 / myo:OEM_08970 / myo:OEM_09010","gene","http://www.kegg.jp/dbget-bin/www_bget?myo:OEM_03110+myo:OEM_08970+myo:OEM_09010",NA,"rn:R00351 rn:R00352",NA,NA,NA,"line",NA,NA,"#8080F7","#FFFFFF",0,"01110"
"entry1874","562","myo:OEM_17460 / myo:OEM_30740","gene","http://www.kegg.jp/dbget-bin/www_bget?myo:OEM_17460+myo:OEM_30740",NA,"rn:R01900",NA,NA,NA,"line",NA,NA,"#8080F7","#FFFFFF",0,"01110"
"entry1875","564","myo:OEM_17500 / myo:OEM_41920 / myo:OEM_41930 / myo:OEM_41940 / myo:OEM_41950 / myo:OEM_48340 / myo:OEM_48350","gene","http://www.kegg.jp/dbget-bin/www_bget?myo:OEM_17500+myo:OEM_41920+myo:OEM_41930+myo:OEM_41940+myo:OEM_41950+myo:OEM_48340+myo:OEM_48350",NA,"rn:R02164",NA,NA,NA,"line",NA,NA,"#8080F7","#FFFFFF",0,"01110"
"entry1876","565","myo:OEM_09610 / myo:OEM_09620","gene","http://www.kegg.jp/dbget-bin/www_bget?myo:OEM_09610+myo:OEM_09620",NA,"rn:R00405 rn:R00432 rn:R00727 rn:R10343",NA,NA,NA,"line",NA,NA,"#8080F7","#FFFFFF",0,"01110"
"entry1877","566","myo:OEM_20340 / myo:OEM_30980 / myo:OEM_31130 / myo:OEM_41720 / myo:OEM_45970","gene","http://www.kegg.jp/dbget-bin/www_bget?myo:OEM_20340+myo:OEM_30980+myo:OEM_31130+myo:OEM_41720+myo:OEM_45970",NA,"rn:R08549",NA,NA,NA,"line",NA,NA,"#8080F7","#FFFFFF",0,"01110"
"entry1878","567","myo:OEM_11380","gene","http://www.kegg.jp/dbget-bin/www_bget?myo:OEM_11380",NA,"rn:R01082",NA,NA,NA,"line",NA,NA,"#8080F7","#FFFFFF",0,"01110"
"entry1879","568","myo:OEM_42080 / myo:OEM_42090","gene","http://www.kegg.jp/dbget-bin/www_bget?myo:OEM_42080+myo:OEM_42090",NA,"rn:R01899",NA,NA,NA,"line",NA,NA,"#8080F7","#FFFFFF",0,"01110"
"entry1880","569","myo:OEM_42080 / myo:OEM_42090","gene","http://www.kegg.jp/dbget-bin/www_bget?myo:OEM_42080+myo:OEM_42090",NA,"rn:R00268",NA,NA,NA,"line",NA,NA,"#8080F7","#FFFFFF",0,"01110"
"entry1881","570","myo:OEM_07340 / myo:OEM_15460 / myo:OEM_15470 / myo:OEM_15480 / myo:OEM_15810 / myo:OEM_15820 / myo:OEM_19720 / myo:OEM_30980 / myo:OEM_31130 / myo:OEM_41720 / myo:OEM_45970","gene","http://www.kegg.jp/dbget-bin/www_bget?myo:OEM_07340+myo:OEM_15460+myo:OEM_15470+myo:OEM_15480+myo:OEM_15810+myo:OEM_15820+myo:OEM_19720+myo:OEM_30980+myo:OEM_31130+myo:OEM_41720+myo:OEM_45970",NA,"rn:R00209 rn:R01196",NA,NA,NA,"line",NA,NA,"#8080F7","#FFFFFF",0,"01110"
"entry1882","571","myo:OEM_29340","gene","http://www.kegg.jp/dbget-bin/www_bget?myo:OEM_29340",NA,"rn:R00200",NA,NA,NA,"line",NA,NA,"#8080F7","#FFFFFF",0,"01110"
"entry1883","572","myo:OEM_10760 / myo:OEM_51290","gene","http://www.kegg.jp/dbget-bin/www_bget?myo:OEM_10760+myo:OEM_51290",NA,"rn:R00658",NA,NA,NA,"line",NA,NA,"#8080F7","#FFFFFF",0,"01110"
"entry1884","574","myo:OEM_06140 / myo:OEM_16600 / myo:OEM_41570 / myo:OEM_46010 / myo:OEM_48810 / myo:OEM_49910 / myo:OEM_50510","gene","http://www.kegg.jp/dbget-bin/www_bget?myo:OEM_06140+myo:OEM_16600+myo:OEM_41570+myo:OEM_46010+myo:OEM_48810+myo:OEM_49910+myo:OEM_50510",NA,"rn:R00710 rn:R00711",NA,NA,NA,"line",NA,NA,"#8080F7","#FFFFFF",0,"01110"
"entry1885","575","myo:OEM_49030","gene","http://www.kegg.jp/dbget-bin/www_bget?myo:OEM_49030",NA,"rn:R00341 rn:R00431 rn:R00726",NA,NA,NA,"line",NA,NA,"#8080F7","#FFFFFF",0,"01110"
"entry1886","576","myo:OEM_45680","gene","http://www.kegg.jp/dbget-bin/www_bget?myo:OEM_45680",NA,"rn:R01518",NA,NA,NA,"line",NA,NA,"#8080F7","#FFFFFF",0,"01110"
"entry1887","577","myo:OEM_31530","gene","http://www.kegg.jp/dbget-bin/www_bget?myo:OEM_31530",NA,"rn:R01512",NA,NA,NA,"line",NA,NA,"#8080F7","#FFFFFF",0,"01110"
"entry1888","578","myo:OEM_31540","gene","http://www.kegg.jp/dbget-bin/www_bget?myo:OEM_31540",NA,"rn:R01061 rn:R01063",NA,NA,NA,"line",NA,NA,"#8080F7","#FFFFFF",0,"01110"
"entry1889","579","myo:OEM_47060 / myo:OEM_51820","gene","http://www.kegg.jp/dbget-bin/www_bget?myo:OEM_47060+myo:OEM_51820",NA,"rn:R01070",NA,NA,NA,"line",NA,NA,"#8080F7","#FFFFFF",0,"01110"
"entry1890","581","myo:OEM_11390 / myo:OEM_37410","gene","http://www.kegg.jp/dbget-bin/www_bget?myo:OEM_11390+myo:OEM_37410",NA,"rn:R02073 rn:R04779 rn:R04780 rn:R09084",NA,NA,NA,"line",NA,NA,"#8080F7","#FFFFFF",0,"01110"
"entry1891","582","myo:OEM_09560","gene","http://www.kegg.jp/dbget-bin/www_bget?myo:OEM_09560",NA,"rn:R02740",NA,NA,NA,"line",NA,NA,"#8080F7","#FFFFFF",0,"01110"
"entry1892","583","myo:OEM_09560","gene","http://www.kegg.jp/dbget-bin/www_bget?myo:OEM_09560",NA,"rn:R02739",NA,NA,NA,"line",NA,NA,"#8080F7","#FFFFFF",0,"01110"
"entry1893","584","myo:OEM_11670 / myo:OEM_23980 / myo:OEM_31440","gene","http://www.kegg.jp/dbget-bin/www_bget?myo:OEM_11670+myo:OEM_23980+myo:OEM_31440",NA,"rn:R02736 rn:R10907",NA,NA,NA,"line",NA,NA,"#8080F7","#FFFFFF",0,"01110"
"entry1894","585","myo:OEM_31460","gene","http://www.kegg.jp/dbget-bin/www_bget?myo:OEM_31460",NA,"rn:R02035",NA,NA,NA,"line",NA,NA,"#8080F7","#FFFFFF",0,"01110"
"entry1895","586","myo:OEM_11680 / myo:OEM_25520","gene","http://www.kegg.jp/dbget-bin/www_bget?myo:OEM_11680+myo:OEM_25520",NA,"rn:R01528 rn:R10221",NA,NA,NA,"line",NA,NA,"#8080F7","#FFFFFF",0,"01110"
"entry1896","587","myo:OEM_31760","gene","http://www.kegg.jp/dbget-bin/www_bget?myo:OEM_31760",NA,"rn:R01529",NA,NA,NA,"line",NA,NA,"#8080F7","#FFFFFF",0,"01110"
"entry1897","588","myo:OEM_31420","gene","http://www.kegg.jp/dbget-bin/www_bget?myo:OEM_31420",NA,"rn:R01830",NA,NA,NA,"line",NA,NA,"#8080F7","#FFFFFF",0,"01110"
"entry1898","590","myo:OEM_09560","gene","http://www.kegg.jp/dbget-bin/www_bget?myo:OEM_09560",NA,"rn:R03321",NA,NA,NA,"line",NA,NA,"#8080F7","#FFFFFF",0,"01110"
"entry1899","591","myo:OEM_31150 / myo:OEM_31430","gene","http://www.kegg.jp/dbget-bin/www_bget?myo:OEM_31150+myo:OEM_31430",NA,"rn:R01827",NA,NA,NA,"line",NA,NA,"#8080F7","#FFFFFF",0,"01110"
"entry1900","593","myo:OEM_31420","gene","http://www.kegg.jp/dbget-bin/www_bget?myo:OEM_31420",NA,"rn:R01641",NA,NA,NA,"line",NA,NA,"#8080F7","#FFFFFF",0,"01110"
"entry1901","595","myo:OEM_15710","gene","http://www.kegg.jp/dbget-bin/www_bget?myo:OEM_15710",NA,"rn:R01056",NA,NA,NA,"line",NA,NA,"#8080F7","#FFFFFF",0,"01110"
"entry1902","596","myo:OEM_10670","gene","http://www.kegg.jp/dbget-bin/www_bget?myo:OEM_10670",NA,"rn:R01049",NA,NA,NA,"line",NA,NA,"#8080F7","#FFFFFF",0,"01110"
"entry1903","597","myo:OEM_23130","gene","http://www.kegg.jp/dbget-bin/www_bget?myo:OEM_23130",NA,"rn:R01737",NA,NA,NA,"line",NA,NA,"#8080F7","#FFFFFF",0,"01110"
"entry1904","598","myo:OEM_09570 / myo:OEM_24980","gene","http://www.kegg.jp/dbget-bin/www_bget?myo:OEM_09570+myo:OEM_24980",NA,"rn:R01715",NA,NA,NA,"line",NA,NA,"#FFCC66","#FFFFFF",0,"01110"
"entry1905","599","myo:OEM_02660 / myo:OEM_19840 / myo:OEM_29500 / myo:OEM_43350","gene","http://www.kegg.jp/dbget-bin/www_bget?myo:OEM_02660+myo:OEM_19840+myo:OEM_29500+myo:OEM_43350",NA,"rn:R00688 rn:R00692 rn:R00694",NA,NA,NA,"line",NA,NA,"#FFCC66","#FFFFFF",0,"01110"
"entry1906","600","myo:OEM_02920","gene","http://www.kegg.jp/dbget-bin/www_bget?myo:OEM_02920",NA,"rn:R01728 rn:R01730",NA,NA,NA,"line",NA,NA,"#FFCC66","#FFFFFF",0,"01110"
"entry1907","601","myo:OEM_02660 / myo:OEM_19840 / myo:OEM_29500 / myo:OEM_43350","gene","http://www.kegg.jp/dbget-bin/www_bget?myo:OEM_02660+myo:OEM_19840+myo:OEM_29500+myo:OEM_43350",NA,"rn:R00734 rn:R00729 rn:R09254 rn:R09830",NA,NA,NA,"line",NA,NA,"#FFCC66","#FFFFFF",0,"01110"
"entry1908","602","myo:OEM_29410","gene","http://www.kegg.jp/dbget-bin/www_bget?myo:OEM_29410",NA,"rn:R00985 rn:R00986",NA,NA,NA,"line",NA,NA,"#FFCC66","#FFFFFF",0,"01110"
"entry1909","604","myo:OEM_29470","gene","http://www.kegg.jp/dbget-bin/www_bget?myo:OEM_29470",NA,"rn:R03509",NA,NA,NA,"line",NA,NA,"#FFCC66","#FFFFFF",0,"01110"
"entry1910","605","myo:OEM_29390","gene","http://www.kegg.jp/dbget-bin/www_bget?myo:OEM_29390",NA,"rn:R03508",NA,NA,NA,"line",NA,NA,"#FFCC66","#FFFFFF",0,"01110"
"entry1911","606","myo:OEM_29370 / myo:OEM_29380","gene","http://www.kegg.jp/dbget-bin/www_bget?myo:OEM_29370+myo:OEM_29380",NA,"rn:R02722",NA,NA,NA,"line",NA,NA,"#FFCC66","#FFFFFF",0,"01110"
"entry1912","607","myo:OEM_29370 / myo:OEM_29380","gene","http://www.kegg.jp/dbget-bin/www_bget?myo:OEM_29370+myo:OEM_29380",NA,"rn:R00674",NA,NA,NA,"line",NA,NA,"#FFCC66","#FFFFFF",0,"01110"
"entry1913","608","myo:OEM_29370","gene","http://www.kegg.jp/dbget-bin/www_bget?myo:OEM_29370",NA,"rn:R02340",NA,NA,NA,"line",NA,NA,"#FFCC66","#FFFFFF",0,"01110"
"entry1914","615","myo:OEM_24240","gene","http://www.kegg.jp/dbget-bin/www_bget?myo:OEM_24240",NA,"rn:R04007",NA,NA,NA,"line",NA,NA,"#F06292","#FFFFFF",0,"01110"
"entry1915","620","myo:OEM_49270","gene","http://www.kegg.jp/dbget-bin/www_bget?myo:OEM_49270",NA,"rn:R04998",NA,NA,NA,"line",NA,NA,"#F06292","#FFFFFF",0,"01110"
"entry1916","640","myo:OEM_24240","gene","http://www.kegg.jp/dbget-bin/www_bget?myo:OEM_24240",NA,"rn:R02596",NA,NA,NA,"line",NA,NA,"#F06292","#FFFFFF",0,"01110"
"entry1917","655","myo:OEM_24240","gene","http://www.kegg.jp/dbget-bin/www_bget?myo:OEM_24240",NA,"rn:R03919",NA,NA,NA,"line",NA,NA,"#F06292","#FFFFFF",0,"01110"
"entry1918","696","myo:OEM_09290 / myo:OEM_11760 / myo:OEM_39620","gene","http://www.kegg.jp/dbget-bin/www_bget?myo:OEM_09290+myo:OEM_11760+myo:OEM_39620",NA,"rn:R04300",NA,NA,NA,"line",NA,NA,"#F06292","#FFFFFF",0,"01110"
"entry1919","755","myo:OEM_28710","gene","http://www.kegg.jp/dbget-bin/www_bget?myo:OEM_28710",NA,"rn:R01954",NA,NA,NA,"line",NA,NA,"#FFCC66","#FFFFFF",0,"01110"
"entry1920","758","myo:OEM_28730","gene","http://www.kegg.jp/dbget-bin/www_bget?myo:OEM_28730",NA,"rn:R01398",NA,NA,NA,"line",NA,NA,"#FFCC66","#FFFFFF",0,"01110"
"entry1921","759","myo:OEM_10140","gene","http://www.kegg.jp/dbget-bin/www_bget?myo:OEM_10140",NA,"rn:R00552 rn:R00557",NA,NA,NA,"line",NA,NA,"#FFCC66","#FFFFFF",0,"01110"
"entry1922","779","myo:OEM_03580","gene","http://www.kegg.jp/dbget-bin/www_bget?myo:OEM_03580",NA,"rn:R00480",NA,NA,NA,"line",NA,NA,"#FFCC66","#FFFFFF",0,"01110"
"entry1923","780","myo:OEM_03590","gene","http://www.kegg.jp/dbget-bin/www_bget?myo:OEM_03590",NA,"rn:R02291",NA,NA,NA,"line",NA,NA,"#FFCC66","#FFFFFF",0,"01110"
"entry1924","781","myo:OEM_35320 / myo:OEM_35340","gene","http://www.kegg.jp/dbget-bin/www_bget?myo:OEM_35320+myo:OEM_35340",NA,"rn:R04198 rn:R04199",NA,NA,NA,"line",NA,NA,"#FFCC66","#FFFFFF",0,"01110"
"entry1925","783","myo:OEM_34890","gene","http://www.kegg.jp/dbget-bin/www_bget?myo:OEM_34890",NA,"rn:R02735",NA,NA,NA,"line",NA,NA,"#FFCC66","#FFFFFF",0,"01110"
"entry1926","785","myo:OEM_10720 / myo:OEM_13770 / myo:OEM_28190","gene","http://www.kegg.jp/dbget-bin/www_bget?myo:OEM_10720+myo:OEM_13770+myo:OEM_28190",NA,"rn:R00451",NA,NA,NA,"line",NA,NA,"#FFCC66","#FFFFFF",0,"01110"
"entry1927","802","myo:OEM_36170","gene","http://www.kegg.jp/dbget-bin/www_bget?myo:OEM_36170",NA,"rn:R05688",NA,NA,NA,"line",NA,NA,"#9EE284","#FFFFFF",0,"01110"
"entry1928","803","myo:OEM_04860","gene","http://www.kegg.jp/dbget-bin/www_bget?myo:OEM_04860",NA,"rn:R05633",NA,NA,NA,"line",NA,NA,"#9EE284","#FFFFFF",0,"01110"
"entry1929","804","myo:OEM_10570","gene","http://www.kegg.jp/dbget-bin/www_bget?myo:OEM_10570",NA,"rn:R05634",NA,NA,NA,"line",NA,NA,"#9EE284","#FFFFFF",0,"01110"
"entry1930","805","myo:OEM_04870","gene","http://www.kegg.jp/dbget-bin/www_bget?myo:OEM_04870",NA,"rn:R05637",NA,NA,NA,"line",NA,NA,"#9EE284","#FFFFFF",0,"01110"
"entry1931","819","myo:OEM_06100","gene","http://www.kegg.jp/dbget-bin/www_bget?myo:OEM_06100",NA,"rn:R05731",NA,NA,NA,"line",NA,NA,"#80CCCC","#FFFFFF",0,"01110"
"entry1932","837","myo:OEM_06630","gene","http://www.kegg.jp/dbget-bin/www_bget?myo:OEM_06630",NA,"rn:R01072",NA,NA,NA,"line",NA,NA,"#FF8080","#FFFFFF",0,"01110"
"entry1933","838","myo:OEM_06190","gene","http://www.kegg.jp/dbget-bin/www_bget?myo:OEM_06190",NA,"rn:R04144",NA,NA,NA,"line",NA,NA,"#FF8080","#FFFFFF",0,"01110"
"entry1934","839","myo:OEM_09670 / myo:OEM_46970","gene","http://www.kegg.jp/dbget-bin/www_bget?myo:OEM_09670+myo:OEM_46970",NA,"rn:R04325",NA,NA,NA,"line",NA,NA,"#FF8080","#FFFFFF",0,"01110"
"entry1935","840","myo:OEM_06360 / myo:OEM_06370 / myo:OEM_06590","gene","http://www.kegg.jp/dbget-bin/www_bget?myo:OEM_06360+myo:OEM_06370+myo:OEM_06590",NA,"rn:R04463",NA,NA,NA,"line",NA,NA,"#FF8080","#FFFFFF",0,"01110"
"entry1936","841","myo:OEM_06640","gene","http://www.kegg.jp/dbget-bin/www_bget?myo:OEM_06640",NA,"rn:R04208",NA,NA,NA,"line",NA,NA,"#FF8080","#FFFFFF",0,"01110"
"entry1937","843","myo:OEM_41350","gene","http://www.kegg.jp/dbget-bin/www_bget?myo:OEM_41350",NA,"rn:R07404",NA,NA,NA,"line",NA,NA,"#FF8080","#FFFFFF",0,"01110"
"entry1938","844","myo:OEM_41340","gene","http://www.kegg.jp/dbget-bin/www_bget?myo:OEM_41340",NA,"rn:R07405",NA,NA,NA,"line",NA,NA,"#FF8080","#FFFFFF",0,"01110"
"entry1939","845","myo:OEM_06280","gene","http://www.kegg.jp/dbget-bin/www_bget?myo:OEM_06280",NA,"rn:R04591",NA,NA,NA,"line",NA,NA,"#FF8080","#FFFFFF",0,"01110"
"entry1940","846","myo:OEM_06240","gene","http://www.kegg.jp/dbget-bin/www_bget?myo:OEM_06240",NA,"rn:R04559",NA,NA,NA,"line",NA,NA,"#FF8080","#FFFFFF",0,"01110"
"entry1941","847","myo:OEM_09680","gene","http://www.kegg.jp/dbget-bin/www_bget?myo:OEM_09680",NA,"rn:R04560 rn:R06975",NA,NA,NA,"line",NA,NA,"#FF8080","#FFFFFF",0,"01110"
"entry1942","848","myo:OEM_09680","gene","http://www.kegg.jp/dbget-bin/www_bget?myo:OEM_09680",NA,"rn:R01127",NA,NA,NA,"line",NA,NA,"#FF8080","#FFFFFF",0,"01110"
"entry1943","849","myo:OEM_25530 / myo:OEM_42580 / myo:OEM_42590","gene","http://www.kegg.jp/dbget-bin/www_bget?myo:OEM_25530+myo:OEM_42580+myo:OEM_42590",NA,"rn:R01130",NA,NA,NA,"line",NA,NA,"#FF8080","#FFFFFF",0,"01110"
"entry1944","851","myo:OEM_41780","gene","http://www.kegg.jp/dbget-bin/www_bget?myo:OEM_41780",NA,"rn:R02297",NA,NA,NA,"line",NA,NA,"#FF8080","#FFFFFF",0,"01110"
"entry1945","852","myo:OEM_04500","gene","http://www.kegg.jp/dbget-bin/www_bget?myo:OEM_04500",NA,"rn:R02142",NA,NA,NA,"line",NA,NA,"#FF8080","#FFFFFF",0,"01110"
"entry1946","864","myo:OEM_05100","gene","http://www.kegg.jp/dbget-bin/www_bget?myo:OEM_05100",NA,"rn:R07940",NA,NA,NA,"line",NA,NA,"#F06292","#FFFFFF",0,"01110"
"entry1947","866","myo:OEM_13780","gene","http://www.kegg.jp/dbget-bin/www_bget?myo:OEM_13780",NA,"rn:R01773 rn:R01775",NA,NA,NA,"line",NA,NA,"#FFCC66","#FFFFFF",0,"01110"
"entry1948","869","myo:OEM_37220","gene","http://www.kegg.jp/dbget-bin/www_bget?myo:OEM_37220",NA,"rn:R08620",NA,NA,NA,"line",NA,NA,"#F06292","#FFFFFF",0,"01110"
"entry1949","892","myo:OEM_20500 / myo:OEM_27400 / myo:OEM_30000","gene","http://www.kegg.jp/dbget-bin/www_bget?myo:OEM_20500+myo:OEM_27400+myo:OEM_30000",NA,"rn:R00483 rn:R00485 rn:R00578",NA,NA,NA,"line",NA,NA,"#FFCC66","#FFFFFF",0,"01110"
"entry1950","894","myo:OEM_43470","gene","http://www.kegg.jp/dbget-bin/www_bget?myo:OEM_43470",NA,"rn:R00127 rn:R00333",NA,NA,NA,"line",NA,NA,"#FF8080","#FFFFFF",0,"01110"
"entry1951","895","myo:OEM_15890 / myo:OEM_29340","gene","http://www.kegg.jp/dbget-bin/www_bget?myo:OEM_15890+myo:OEM_29340",NA,"rn:R00124 rn:R00200",NA,NA,NA,"line",NA,NA,"#FF8080","#FFFFFF",0,"01110"
"entry1952","928","myo:OEM_37250","gene","http://www.kegg.jp/dbget-bin/www_bget?myo:OEM_37250",NA,"rn:R05578",NA,NA,NA,"line",NA,NA,"#FFB3CC","#FFFFFF",0,"01110"
"entry1953","929","myo:OEM_45480","gene","http://www.kegg.jp/dbget-bin/www_bget?myo:OEM_45480",NA,"rn:R04109",NA,NA,NA,"line",NA,NA,"#FFB3CC","#FFFFFF",0,"01110"
"entry1954","930","myo:OEM_45280","gene","http://www.kegg.jp/dbget-bin/www_bget?myo:OEM_45280",NA,"rn:R02272",NA,NA,NA,"line",NA,NA,"#FFB3CC","#FFFFFF",0,"01110"
"entry1955","931","myo:OEM_45450","gene","http://www.kegg.jp/dbget-bin/www_bget?myo:OEM_45450",NA,"rn:R00036",NA,NA,NA,"line",NA,NA,"#FFB3CC","#FFFFFF",0,"01110"
"entry1956","941","myo:OEM_44870","gene","http://www.kegg.jp/dbget-bin/www_bget?myo:OEM_44870",NA,"rn:R04990",NA,NA,NA,"line",NA,NA,"#FFB3CC","#FFFFFF",0,"01110"
"entry1957","948","myo:OEM_44870","gene","http://www.kegg.jp/dbget-bin/www_bget?myo:OEM_44870",NA,"rn:R08774",NA,NA,NA,"line",NA,NA,"#FFB3CC","#FFFFFF",0,"01110"
"entry1958","956","myo:OEM_44910","gene","http://www.kegg.jp/dbget-bin/www_bget?myo:OEM_44910",NA,"rn:R08165",NA,NA,NA,"line",NA,NA,"#FFB3CC","#FFFFFF",0,"01110"
"entry1959","958","myo:OEM_45090","gene","http://www.kegg.jp/dbget-bin/www_bget?myo:OEM_45090",NA,"rn:R04030",NA,NA,NA,"line",NA,NA,"#FFB3CC","#FFFFFF",0,"01110"
"entry1960","959","myo:OEM_45030","gene","http://www.kegg.jp/dbget-bin/www_bget?myo:OEM_45030",NA,"rn:R07263",NA,NA,NA,"line",NA,NA,"#FFB3CC","#FFFFFF",0,"01110"
"entry1961","961","myo:OEM_45180","gene","http://www.kegg.jp/dbget-bin/www_bget?myo:OEM_45180",NA,"rn:R10757",NA,NA,NA,"line",NA,NA,"#FFB3CC","#FFFFFF",0,"01110"
"entry1962","963","myo:OEM_44870","gene","http://www.kegg.jp/dbget-bin/www_bget?myo:OEM_44870",NA,"rn:R09736",NA,NA,NA,"line",NA,NA,"#FFB3CC","#FFFFFF",0,"01110"
"entry1963","973","myo:OEM_37290","gene","http://www.kegg.jp/dbget-bin/www_bget?myo:OEM_37290",NA,"rn:R04426",NA,NA,NA,"line",NA,NA,"#FFCC66","#FFFFFF",0,"01110"
"entry1964","975","myo:OEM_20410","gene","http://www.kegg.jp/dbget-bin/www_bget?myo:OEM_20410",NA,"rn:R01088 rn:R01090",NA,NA,NA,"line",NA,NA,"#FFCC66","#FFFFFF",0,"01110"
"entry2085","1443","myo:OEM_45470","gene","http://www.kegg.jp/dbget-bin/www_bget?myo:OEM_45470",NA,"rn:R00084",NA,NA,NA,"line",NA,NA,"#FFB3CC","#FFFFFF",0,"01110"
"entry2086","1444","myo:OEM_34420","gene","http://www.kegg.jp/dbget-bin/www_bget?myo:OEM_34420",NA,"rn:R03197",NA,NA,NA,"line",NA,NA,"#FFB3CC","#FFFFFF",0,"01110"
"entry2087","1446","myo:OEM_34410","gene","http://www.kegg.jp/dbget-bin/www_bget?myo:OEM_34410",NA,"rn:R03222 rn:R09489",NA,NA,NA,"line",NA,NA,"#FFB3CC","#FFFFFF",0,"01110"
"entry2088","1447","myo:OEM_09700 / myo:OEM_35770","gene","http://www.kegg.jp/dbget-bin/www_bget?myo:OEM_09700+myo:OEM_35770",NA,"rn:R03877",NA,NA,NA,"line",NA,NA,"#FFB3CC","#FFFFFF",0,"01110"
"entry2089","1456","myo:OEM_30630","gene","http://www.kegg.jp/dbget-bin/www_bget?myo:OEM_30630",NA,"rn:R00310",NA,NA,NA,"line",NA,NA,"#FFB3CC","#FFFFFF",0,"01110"
"entry2090","1457","myo:OEM_31380","gene","http://www.kegg.jp/dbget-bin/www_bget?myo:OEM_31380",NA,"rn:R07412",NA,NA,NA,"line",NA,NA,"#FFB3CC","#FFFFFF",0,"01110"
"entry2091","1458","myo:OEM_35740 / myo:OEM_45460","gene","http://www.kegg.jp/dbget-bin/www_bget?myo:OEM_35740+myo:OEM_45460",NA,"rn:R03194",NA,NA,NA,"line",NA,NA,"#FFB3CC","#FFFFFF",0,"01110"
"entry2092","1459","myo:OEM_35740","gene","http://www.kegg.jp/dbget-bin/www_bget?myo:OEM_35740",NA,"rn:R03947",NA,NA,NA,"line",NA,NA,"#FFB3CC","#FFFFFF",0,"01110"
"entry2093","1460","myo:OEM_45460 / myo:OEM_48250","gene","http://www.kegg.jp/dbget-bin/www_bget?myo:OEM_45460+myo:OEM_48250",NA,"rn:R03165",NA,NA,NA,"line",NA,NA,"#FFB3CC","#FFFFFF",0,"01110"
"entry2106","1516","myo:OEM_31870","gene","http://www.kegg.jp/dbget-bin/www_bget?myo:OEM_31870",NA,"rn:R00177",NA,NA,NA,"line",NA,NA,"#FFCC66","#FFFFFF",0,"01110"
"entry2121","1586","myo:OEM_04700","gene","http://www.kegg.jp/dbget-bin/www_bget?myo:OEM_04700",NA,"rn:R02473 rn:R02474",NA,NA,NA,"line",NA,NA,"#FFB3CC","#FFFFFF",0,"01110"
"entry2122","1588","myo:OEM_32400 / myo:OEM_45320","gene","http://www.kegg.jp/dbget-bin/www_bget?myo:OEM_32400+myo:OEM_45320",NA,"rn:R02472",NA,NA,NA,"line",NA,NA,"#FFB3CC","#FFFFFF",0,"01110"
"entry2123","1589","myo:OEM_20410 / myo:OEM_47350","gene","http://www.kegg.jp/dbget-bin/www_bget?myo:OEM_20410+myo:OEM_47350",NA,"rn:R01214 rn:R01215 rn:R01434",NA,NA,NA,"line",NA,NA,"#FFCC66","#FFFFFF",0,"01110"
"entry2129","1613","myo:OEM_13040 / myo:OEM_35790","gene","http://www.kegg.jp/dbget-bin/www_bget?myo:OEM_13040+myo:OEM_35790",NA,"rn:R00342 rn:R00361",NA,NA,NA,"line",NA,NA,"#8080F7","#FFFFFF",0,"01110"
"entry2132","1653","myo:OEM_31520","gene","http://www.kegg.jp/dbget-bin/www_bget?myo:OEM_31520",NA,"rn:R01015",NA,NA,NA,"line",NA,NA,"#8080F7","#FFFFFF",0,"01110"
"entry2133","1654","myo:OEM_09070 / myo:OEM_15420 / myo:OEM_19660 / myo:OEM_41480","gene","http://www.kegg.jp/dbget-bin/www_bget?myo:OEM_09070+myo:OEM_15420+myo:OEM_19660+myo:OEM_41480",NA,"rn:R00742",NA,NA,NA,"line",NA,NA,"#80CCCC","#FFFFFF",0,"01110"
"entry2140","1686","myo:OEM_34670 / myo:OEM_44250","gene","http://www.kegg.jp/dbget-bin/www_bget?myo:OEM_34670+myo:OEM_44250",NA,"rn:R01786 rn:R02189 rn:R09085",NA,NA,NA,"line",NA,NA,"#8080F7","#FFFFFF",0,"01110"
"entry2141","1688","myo:OEM_34670 / myo:OEM_44250","gene","http://www.kegg.jp/dbget-bin/www_bget?myo:OEM_34670+myo:OEM_44250",NA,"rn:R01600 rn:R02187 rn:R09086",NA,NA,NA,"line",NA,NA,"#8080F7","#FFFFFF",0,"01110"
"entry2145","1692","myo:OEM_38660","gene","http://www.kegg.jp/dbget-bin/www_bget?myo:OEM_38660",NA,"rn:R00959",NA,NA,NA,"line",NA,NA,"#8080F7","#FFFFFF",0,"01110"
"entry2154","1740","myo:OEM_37740","gene","http://www.kegg.jp/dbget-bin/www_bget?myo:OEM_37740",NA,"rn:R04218 rn:R07270",NA,NA,NA,"line",NA,NA,"#9EE284","#FFFFFF",0,"01110"
"entry2155","1741","myo:OEM_37740","gene","http://www.kegg.jp/dbget-bin/www_bget?myo:OEM_37740",NA,"rn:R02065",NA,NA,NA,"line",NA,NA,"#9EE284","#FFFFFF",0,"01110"
"entry2156","1742","myo:OEM_37730","gene","http://www.kegg.jp/dbget-bin/www_bget?myo:OEM_37730",NA,"rn:R09692",NA,NA,NA,"line",NA,NA,"#9EE284","#FFFFFF",0,"01110"
"entry2157","1743","myo:OEM_37730","gene","http://www.kegg.jp/dbget-bin/www_bget?myo:OEM_37730",NA,"rn:R04787",NA,NA,NA,"line",NA,NA,"#9EE284","#FFFFFF",0,"01110"
"entry2158","1744","myo:OEM_37730","gene","http://www.kegg.jp/dbget-bin/www_bget?myo:OEM_37730",NA,"rn:R04798",NA,NA,NA,"line",NA,NA,"#9EE284","#FFFFFF",0,"01110"
"entry2159","1745","myo:OEM_37730","gene","http://www.kegg.jp/dbget-bin/www_bget?myo:OEM_37730",NA,"rn:R04800",NA,NA,NA,"line",NA,NA,"#9EE284","#FFFFFF",0,"01110"
"entry2166","1843","myo:OEM_49270","gene","http://www.kegg.jp/dbget-bin/www_bget?myo:OEM_49270",NA,"rn:R02558 rn:R10638",NA,NA,NA,"line",NA,NA,"#FF9900","#FFFFFF",0,"01110"
"entry2169","1848","myo:OEM_17750 / myo:OEM_20740","gene","http://www.kegg.jp/dbget-bin/www_bget?myo:OEM_17750+myo:OEM_20740",NA,"rn:R01826",NA,NA,NA,"line",NA,NA,"#FFCC66","#FFFFFF",0,"01110"
"entry2172","1854","myo:OEM_14530 / myo:OEM_32430 / myo:OEM_35170","gene","http://www.kegg.jp/dbget-bin/www_bget?myo:OEM_14530+myo:OEM_32430+myo:OEM_35170",NA,"rn:R10147",NA,NA,NA,"line",NA,NA,"#FFCC66","#FFFFFF",0,"01110"
"entry2175","1995","myo:OEM_05190 / myo:OEM_05320 / myo:OEM_05530 / myo:OEM_07320 / myo:OEM_08590 / myo:OEM_09180 / myo:OEM_09630 / myo:OEM_11140 / myo:OEM_14100 / myo:OEM_14380 / myo:OEM_18700 / myo:OEM_21200 / myo:OEM_25330 / myo:OEM_38310 / myo:OEM_48420","gene","http://www.kegg.jp/dbget-bin/www_bget?myo:OEM_05190+myo:OEM_05320+myo:OEM_05530+myo:OEM_07320+myo:OEM_08590+myo:OEM_09180+myo:OEM_09630+myo:OEM_11140+myo:OEM_14100+myo:OEM_14380+myo:OEM_18700+myo:OEM_21200+myo:OEM_25330+myo:OEM_38310+myo:OEM_48420",NA,"rn:R00238",NA,NA,NA,"line",NA,NA,"#9EE284","#FFFFFF",0,"01110"
"entry2178","2010","myo:OEM_37320","gene","http://www.kegg.jp/dbget-bin/www_bget?myo:OEM_37320",NA,"rn:R03816",NA,NA,NA,"line",NA,NA,"#FFB3CC","#FFFFFF",0,"01110"
"entry2183","2023","myo:OEM_40510","gene","http://www.kegg.jp/dbget-bin/www_bget?myo:OEM_40510",NA,"rn:R01717",NA,NA,NA,"line",NA,NA,"#FFB3CC","#FFFFFF",0,"01110"
"entry2185","2026","myo:OEM_02030","gene","http://www.kegg.jp/dbget-bin/www_bget?myo:OEM_02030",NA,"rn:R01373",NA,NA,NA,"line",NA,NA,"#FFCC66","#FFFFFF",0,"01110"
"entry2188","2029","myo:OEM_32160","gene","http://www.kegg.jp/dbget-bin/www_bget?myo:OEM_32160",NA,"rn:R03083",NA,NA,NA,"line",NA,NA,"#FFCC66","#FFFFFF",0,"01110"
"entry2189","2030","myo:OEM_32150","gene","http://www.kegg.jp/dbget-bin/www_bget?myo:OEM_32150",NA,"rn:R03084",NA,NA,NA,"line",NA,NA,"#FFCC66","#FFFFFF",0,"01110"
"entry2190","2031","myo:OEM_32220","gene","http://www.kegg.jp/dbget-bin/www_bget?myo:OEM_32220",NA,"rn:R02413 rn:R02415 rn:R06847",NA,NA,NA,"line",NA,NA,"#FFCC66","#FFFFFF",0,"01110"
"entry2191","2032","myo:OEM_32170","gene","http://www.kegg.jp/dbget-bin/www_bget?myo:OEM_32170",NA,"rn:R02412",NA,NA,NA,"line",NA,NA,"#FFCC66","#FFFFFF",0,"01110"
"entry2192","2033","myo:OEM_40720","gene","http://www.kegg.jp/dbget-bin/www_bget?myo:OEM_40720",NA,"rn:R03460",NA,NA,NA,"line",NA,NA,"#FFCC66","#FFFFFF",0,"01110"
"entry2193","2034","myo:OEM_32180","gene","http://www.kegg.jp/dbget-bin/www_bget?myo:OEM_32180",NA,"rn:R01714",NA,NA,NA,"line",NA,NA,"#FFCC66","#FFFFFF",0,"01110"
"entry2201","2042","myo:OEM_17460 / myo:OEM_30740","gene","http://www.kegg.jp/dbget-bin/www_bget?myo:OEM_17460+myo:OEM_30740",NA,"rn:R01325",NA,NA,NA,"line",NA,NA,"#8080F7","#FFFFFF",0,"01110"
"entry2205","2093","myo:OEM_36150","gene","http://www.kegg.jp/dbget-bin/www_bget?myo:OEM_36150",NA,"rn:R08689",NA,NA,NA,"line",NA,NA,"#9EE284","#FFFFFF",0,"01110"
"entry2206","2094","myo:OEM_11490","gene","http://www.kegg.jp/dbget-bin/www_bget?myo:OEM_11490",NA,"rn:R08210",NA,NA,NA,"line",NA,NA,"#9EE284","#FFFFFF",0,"01110"
"entry2207","2159","myo:OEM_20780 / myo:OEM_37720","gene","http://www.kegg.jp/dbget-bin/www_bget?myo:OEM_20780+myo:OEM_37720",NA,"rn:R02061",NA,NA,NA,"line",NA,NA,"#9EE284","#FFFFFF",0,"01110"
"entry2208","2161","myo:OEM_20780 / myo:OEM_37720","gene","http://www.kegg.jp/dbget-bin/www_bget?myo:OEM_20780+myo:OEM_37720",NA,"rn:R02003",NA,NA,NA,"line",NA,NA,"#9EE284","#FFFFFF",0,"01110"
"entry2209","2163","myo:OEM_20780 / myo:OEM_37720","gene","http://www.kegg.jp/dbget-bin/www_bget?myo:OEM_20780+myo:OEM_37720",NA,"rn:R01658",NA,NA,NA,"line",NA,NA,"#9EE284","#FFFFFF",0,"01110"
"entry2213","2195","myo:OEM_34460","gene","http://www.kegg.jp/dbget-bin/www_bget?myo:OEM_34460",NA,"rn:R05636",NA,NA,NA,"line",NA,NA,"#9EE284","#FFFFFF",0,"01110"
"entry2217","2272","myo:OEM_36200","gene","http://www.kegg.jp/dbget-bin/www_bget?myo:OEM_36200",NA,"rn:R01797 rn:R01799",NA,NA,NA,"line",NA,NA,"#80CCB3","#FFFFFF",0,"01110"
"entry2218","2273","myo:OEM_46290","gene","http://www.kegg.jp/dbget-bin/www_bget?myo:OEM_46290",NA,"rn:R01800",NA,NA,NA,"line",NA,NA,"#80CCB3","#FFFFFF",0,"01110"
"entry2219","2274","myo:OEM_46280","gene","http://www.kegg.jp/dbget-bin/www_bget?myo:OEM_46280",NA,"rn:R02055 rn:R07376",NA,NA,NA,"line",NA,NA,"#80CCB3","#FFFFFF",0,"01110"
"entry2220","2276","myo:OEM_19600","gene","http://www.kegg.jp/dbget-bin/www_bget?myo:OEM_19600",NA,"rn:R02239 rn:R02240 rn:R09944",NA,NA,NA,"line",NA,NA,"#80CCB3","#FFFFFF",0,"01110"
"entry2241","2332","myo:OEM_37830","gene","http://www.kegg.jp/dbget-bin/www_bget?myo:OEM_37830",NA,"rn:R01123",NA,NA,NA,"line",NA,NA,"#9EE284","#FFFFFF",0,"01110"
"entry2271","2444","myo:OEM_15550 / myo:OEM_29860","gene","http://www.kegg.jp/dbget-bin/www_bget?myo:OEM_15550+myo:OEM_29860",NA,"rn:R00851 rn:R12241",NA,NA,NA,"line",NA,NA,"#80CCB3","#FFFFFF",0,"01110"
"entry2272","2445","myo:OEM_20700","gene","http://www.kegg.jp/dbget-bin/www_bget?myo:OEM_20700",NA,"rn:R02241",NA,NA,NA,"line",NA,NA,"#80CCB3","#FFFFFF",0,"01110"
"entry2277","2650","myo:OEM_05640 / myo:OEM_25760 / myo:OEM_36890 / myo:OEM_37340 / myo:OEM_37350 / myo:OEM_43380 / myo:OEM_48650","gene","http://www.kegg.jp/dbget-bin/www_bget?myo:OEM_05640+myo:OEM_25760+myo:OEM_36890+myo:OEM_37340+myo:OEM_37350+myo:OEM_43380+myo:OEM_48650",NA,"rn:R08648",NA,NA,NA,"line",NA,NA,"#FFCC66","#FFFFFF",0,"01110"
