"","entryID","name","type","link","component","reaction","map","x","y","graphicalType","width","height","fgcolor","bgcolor","freq","pathway"
"entry1806","17","prq:CYG50_01510 / prq:CYG50_04745","gene","http://www.kegg.jp/dbget-bin/www_bget?prq:CYG50_01510+prq:CYG50_04745",NA,"rn:R00746 rn:R00754 rn:R05198 rn:R09127 rn:R09479",NA,NA,NA,"line",NA,NA,"#8080F7","#FFFFFF",0,"01110"
"entry1807","67","prq:CYG50_21010","gene","http://www.kegg.jp/dbget-bin/www_bget?prq:CYG50_21010",NA,"rn:R02864",NA,NA,NA,"line",NA,NA,"#FFB3CC","#FFFFFF",0,"01110"
"entry1808","138","prq:CYG50_12205 / prq:CYG50_22105","gene","http://www.kegg.jp/dbget-bin/www_bget?prq:CYG50_12205+prq:CYG50_22105",NA,"rn:R01286",NA,NA,NA,"line",NA,NA,"#FFCC66","#FFFFFF",0,"01110"
"entry1809","145","prq:CYG50_14075","gene","http://www.kegg.jp/dbget-bin/www_bget?prq:CYG50_14075",NA,"rn:R04972",NA,NA,NA,"line",NA,NA,"#FFB3CC","#FFFFFF",0,"01110"
"entry1810","162","prq:CYG50_21530","gene","http://www.kegg.jp/dbget-bin/www_bget?prq:CYG50_21530",NA,"rn:R11329",NA,NA,NA,"line",NA,NA,"#FFB3CC","#FFFFFF",0,"01110"
"entry1811","234","prq:CYG50_14955","gene","http://www.kegg.jp/dbget-bin/www_bget?prq:CYG50_14955",NA,"rn:R02111",NA,NA,NA,"line",NA,NA,"#B3B3E6","#FFFFFF",0,"01110"
"entry1812","235","prq:CYG50_20435","gene","http://www.kegg.jp/dbget-bin/www_bget?prq:CYG50_20435",NA,"rn:R07281",NA,NA,NA,"line",NA,NA,"#FFB3CC","#FFFFFF",0,"01110"
"entry1813","236","prq:CYG50_04945","gene","http://www.kegg.jp/dbget-bin/www_bget?prq:CYG50_04945",NA,"rn:R00425",NA,NA,NA,"line",NA,NA,"#FFB3CC","#FFFFFF",0,"01110"
"entry1814","237","prq:CYG50_12055","gene","http://www.kegg.jp/dbget-bin/www_bget?prq:CYG50_12055",NA,"rn:R03459",NA,NA,NA,"line",NA,NA,"#FFB3CC","#FFFFFF",0,"01110"
"entry1815","238","prq:CYG50_12055","gene","http://www.kegg.jp/dbget-bin/www_bget?prq:CYG50_12055",NA,"rn:R03458",NA,NA,NA,"line",NA,NA,"#FFB3CC","#FFFFFF",0,"01110"
"entry1816","239","prq:CYG50_17775","gene","http://www.kegg.jp/dbget-bin/www_bget?prq:CYG50_17775",NA,"rn:R07280",NA,NA,NA,"line",NA,NA,"#FFB3CC","#FFFFFF",0,"01110"
"entry1817","240","prq:CYG50_12050","gene","http://www.kegg.jp/dbget-bin/www_bget?prq:CYG50_12050",NA,"rn:R04457",NA,NA,NA,"line",NA,NA,"#FFB3CC","#FFFFFF",0,"01110"
"entry1818","242","prq:CYG50_07400","gene","http://www.kegg.jp/dbget-bin/www_bget?prq:CYG50_07400",NA,"rn:R00066",NA,NA,NA,"line",NA,NA,"#FFB3CC","#FFFFFF",0,"01110"
"entry1819","243","prq:CYG50_12255","gene","http://www.kegg.jp/dbget-bin/www_bget?prq:CYG50_12255",NA,"rn:R00549",NA,NA,NA,"line",NA,NA,"#FFB3CC","#FFFFFF",0,"01110"
"entry1820","244","prq:CYG50_12255","gene","http://www.kegg.jp/dbget-bin/www_bget?prq:CYG50_12255",NA,"rn:R00161",NA,NA,NA,"line",NA,NA,"#FFB3CC","#FFFFFF",0,"01110"
"entry1821","245","prq:CYG50_05055","gene","http://www.kegg.jp/dbget-bin/www_bget?prq:CYG50_05055",NA,"rn:R01819",NA,NA,NA,"line",NA,NA,"#B3B3E6","#FFFFFF",0,"01110"
"entry1822","253","prq:CYG50_13365","gene","http://www.kegg.jp/dbget-bin/www_bget?prq:CYG50_13365",NA,"rn:R01731",NA,NA,NA,"line",NA,NA,"#FFCC66","#FFFFFF",0,"01110"
"entry1823","255","prq:CYG50_16575","gene","http://www.kegg.jp/dbget-bin/www_bget?prq:CYG50_16575",NA,"rn:R00586",NA,NA,NA,"line",NA,NA,"#FFCC66","#FFFFFF",0,"01110"
"entry1824","256","prq:CYG50_02250","gene","http://www.kegg.jp/dbget-bin/www_bget?prq:CYG50_02250",NA,"rn:R00897",NA,NA,NA,"line",NA,NA,"#FFCC66","#FFFFFF",0,"01110"
"entry1825","257","prq:CYG50_12380","gene","http://www.kegg.jp/dbget-bin/www_bget?prq:CYG50_12380",NA,"rn:R01771",NA,NA,NA,"line",NA,NA,"#FFCC66","#FFFFFF",0,"01110"
"entry1826","258","prq:CYG50_12375","gene","http://www.kegg.jp/dbget-bin/www_bget?prq:CYG50_12375",NA,"rn:R01466",NA,NA,NA,"line",NA,NA,"#FFCC66","#FFFFFF",0,"01110"
"entry1827","259","prq:CYG50_14010","gene","http://www.kegg.jp/dbget-bin/www_bget?prq:CYG50_14010",NA,"rn:R00479",NA,NA,NA,"line",NA,NA,"#B3B3E6","#FFFFFF",0,"01110"
"entry1828","260","prq:CYG50_14015","gene","http://www.kegg.jp/dbget-bin/www_bget?prq:CYG50_14015",NA,"rn:R00472",NA,NA,NA,"line",NA,NA,"#B3B3E6","#FFFFFF",0,"01110"
"entry1829","267","prq:CYG50_17835","gene","http://www.kegg.jp/dbget-bin/www_bget?prq:CYG50_17835",NA,"rn:R07859 rn:R07860",NA,NA,NA,"line",NA,NA,"#80CCB3","#FFFFFF",0,"01110"
"entry1830","275","prq:CYG50_02430 / prq:CYG50_13160","gene","http://www.kegg.jp/dbget-bin/www_bget?prq:CYG50_02430+prq:CYG50_13160",NA,"rn:R07891",NA,NA,NA,"line",NA,NA,"#80CCB3","#FFFFFF",0,"01110"
"entry1831","278","prq:CYG50_02430 / prq:CYG50_13160","gene","http://www.kegg.jp/dbget-bin/www_bget?prq:CYG50_02430+prq:CYG50_13160",NA,"rn:R07895",NA,NA,NA,"line",NA,NA,"#80CCB3","#FFFFFF",0,"01110"
"entry1832","281","prq:CYG50_02430 / prq:CYG50_13160","gene","http://www.kegg.jp/dbget-bin/www_bget?prq:CYG50_02430+prq:CYG50_13160",NA,"rn:R07899",NA,NA,NA,"line",NA,NA,"#80CCB3","#FFFFFF",0,"01110"
"entry1833","296","prq:CYG50_14970 / prq:CYG50_16570 / prq:CYG50_19495 / prq:CYG50_19500 / prq:CYG50_19505 / prq:CYG50_21555","gene","http://www.kegg.jp/dbget-bin/www_bget?prq:CYG50_14970+prq:CYG50_16570+prq:CYG50_19495+prq:CYG50_19500+prq:CYG50_19505+prq:CYG50_21555",NA,"rn:R00842 rn:R00844 rn:R00846 rn:R00848",NA,NA,NA,"line",NA,NA,"#80CCB3","#FFFFFF",0,"01110"
"entry1834","300","prq:CYG50_11915","gene","http://www.kegg.jp/dbget-bin/www_bget?prq:CYG50_11915",NA,"rn:R07411",NA,NA,NA,"line",NA,NA,"#FFB3CC","#FFFFFF",0,"01110"
"entry1835","301","prq:CYG50_12235","gene","http://www.kegg.jp/dbget-bin/www_bget?prq:CYG50_12235",NA,"rn:R05884",NA,NA,NA,"line",NA,NA,"#9EE284","#FFFFFF",0,"01110"
"entry1836","315","prq:CYG50_20780","gene","http://www.kegg.jp/dbget-bin/www_bget?prq:CYG50_20780",NA,"rn:R06447",NA,NA,NA,"line",NA,NA,"#9EE284","#FFFFFF",0,"01110"
"entry1837","333","prq:CYG50_10915","gene","http://www.kegg.jp/dbget-bin/www_bget?prq:CYG50_10915",NA,"rn:R03313",NA,NA,NA,"line",NA,NA,"#F06292","#FFFFFF",0,"01110"
"entry1838","366","prq:CYG50_02795","gene","http://www.kegg.jp/dbget-bin/www_bget?prq:CYG50_02795",NA,"rn:R04031",NA,NA,NA,"line",NA,NA,"#FFB3CC","#FFFFFF",0,"01110"
"entry1839","407","prq:CYG50_15710","gene","http://www.kegg.jp/dbget-bin/www_bget?prq:CYG50_15710",NA,"rn:R01334",NA,NA,NA,"line",NA,NA,"#B3B3E6","#FFFFFF",0,"01110"
"entry1840","408","prq:CYG50_02805","gene","http://www.kegg.jp/dbget-bin/www_bget?prq:CYG50_02805",NA,"rn:R00009",NA,NA,NA,"line",NA,NA,"#B3B3E6","#FFFFFF",0,"01110"
"entry1841","411","prq:CYG50_06805 / prq:CYG50_19010","gene","http://www.kegg.jp/dbget-bin/www_bget?prq:CYG50_06805+prq:CYG50_19010",NA,"rn:R01392 rn:R01388",NA,NA,NA,"line",NA,NA,"#B3B3E6","#FFFFFF",0,"01110"
"entry1842","415","prq:CYG50_22695 / prq:CYG50_22805 / prq:CYG50_22810 / prq:CYG50_22815","gene","http://www.kegg.jp/dbget-bin/www_bget?prq:CYG50_22695+prq:CYG50_22805+prq:CYG50_22810+prq:CYG50_22815",NA,"rn:R01221",NA,NA,NA,"line",NA,NA,"#B3B3E6","#FFFFFF",0,"01110"
"entry1843","419","prq:CYG50_22505","gene","http://www.kegg.jp/dbget-bin/www_bget?prq:CYG50_22505",NA,"rn:R01213",NA,NA,NA,"line",NA,NA,"#FFCC66","#FFFFFF",0,"01110"
"entry1844","431","prq:CYG50_17585","gene","http://www.kegg.jp/dbget-bin/www_bget?prq:CYG50_17585",NA,"rn:R02199",NA,NA,NA,"line",NA,NA,"#F06292","#FFFFFF",0,"01110"
"entry1845","432","prq:CYG50_17585","gene","http://www.kegg.jp/dbget-bin/www_bget?prq:CYG50_17585",NA,"rn:R01214",NA,NA,NA,"line",NA,NA,"#F06292","#FFFFFF",0,"01110"
"entry1846","436","prq:CYG50_18125","gene","http://www.kegg.jp/dbget-bin/www_bget?prq:CYG50_18125",NA,"rn:R09248",NA,NA,NA,"line",NA,NA,"#9EE284","#FFFFFF",0,"01110"
"entry1847","439","prq:CYG50_13945","gene","http://www.kegg.jp/dbget-bin/www_bget?prq:CYG50_13945",NA,"rn:R01302",NA,NA,NA,"line",NA,NA,"#FFB3CC","#FFFFFF",0,"01110"
"entry1848","447","prq:CYG50_17160 / prq:CYG50_21355","gene","http://www.kegg.jp/dbget-bin/www_bget?prq:CYG50_17160+prq:CYG50_21355",NA,"rn:R00489",NA,NA,NA,"line",NA,NA,"#FFB3CC","#FFFFFF",0,"01110"
"entry1849","448","prq:CYG50_21365","gene","http://www.kegg.jp/dbget-bin/www_bget?prq:CYG50_21365",NA,"rn:R01226",NA,NA,NA,"line",NA,NA,"#FFB3CC","#FFFFFF",0,"01110"
"entry1850","454","prq:CYG50_15825","gene","http://www.kegg.jp/dbget-bin/www_bget?prq:CYG50_15825",NA,"rn:R00235",NA,NA,NA,"line",NA,NA,"#8080F7","#FFFFFF",0,"01110"
"entry1851","455","prq:CYG50_17925","gene","http://www.kegg.jp/dbget-bin/www_bget?prq:CYG50_17925",NA,"rn:R01122",NA,NA,NA,"line",NA,NA,"#9EE284","#FFFFFF",0,"01110"
"entry1852","456","prq:CYG50_17190","gene","http://www.kegg.jp/dbget-bin/www_bget?prq:CYG50_17190",NA,"rn:R01086",NA,NA,NA,"line",NA,NA,"#FFCC66","#FFFFFF",0,"01110"
"entry1853","461","prq:CYG50_09760","gene","http://www.kegg.jp/dbget-bin/www_bget?prq:CYG50_09760",NA,"rn:R01071",NA,NA,NA,"line",NA,NA,"#FFCC66","#FFFFFF",0,"01110"
"entry1854","462","prq:CYG50_09795","gene","http://www.kegg.jp/dbget-bin/www_bget?prq:CYG50_09795",NA,"rn:R04035",NA,NA,NA,"line",NA,NA,"#FFCC66","#FFFFFF",0,"01110"
"entry1855","463","prq:CYG50_09795","gene","http://www.kegg.jp/dbget-bin/www_bget?prq:CYG50_09795",NA,"rn:R04037",NA,NA,NA,"line",NA,NA,"#FFCC66","#FFFFFF",0,"01110"
"entry1856","464","prq:CYG50_09785","gene","http://www.kegg.jp/dbget-bin/www_bget?prq:CYG50_09785",NA,"rn:R04640",NA,NA,NA,"line",NA,NA,"#FFCC66","#FFFFFF",0,"01110"
"entry1857","465","prq:CYG50_09780 / prq:CYG50_09790","gene","http://www.kegg.jp/dbget-bin/www_bget?prq:CYG50_09780+prq:CYG50_09790",NA,"rn:R04558",NA,NA,NA,"line",NA,NA,"#FFCC66","#FFFFFF",0,"01110"
"entry1858","466","prq:CYG50_09775","gene","http://www.kegg.jp/dbget-bin/www_bget?prq:CYG50_09775",NA,"rn:R03457",NA,NA,NA,"line",NA,NA,"#FFCC66","#FFFFFF",0,"01110"
"entry1859","467","prq:CYG50_03755 / prq:CYG50_09770","gene","http://www.kegg.jp/dbget-bin/www_bget?prq:CYG50_03755+prq:CYG50_09770",NA,"rn:R03243",NA,NA,NA,"line",NA,NA,"#FFCC66","#FFFFFF",0,"01110"
"entry1860","468","prq:CYG50_09775 / prq:CYG50_10140","gene","http://www.kegg.jp/dbget-bin/www_bget?prq:CYG50_09775+prq:CYG50_10140",NA,"rn:R03013",NA,NA,NA,"line",NA,NA,"#FFCC66","#FFFFFF",0,"01110"
"entry1861","469","prq:CYG50_09765","gene","http://www.kegg.jp/dbget-bin/www_bget?prq:CYG50_09765",NA,"rn:R03012",NA,NA,NA,"line",NA,NA,"#FFCC66","#FFFFFF",0,"01110"
"entry1862","470","prq:CYG50_09765","gene","http://www.kegg.jp/dbget-bin/www_bget?prq:CYG50_09765",NA,"rn:R01163",NA,NA,NA,"line",NA,NA,"#FFCC66","#FFFFFF",0,"01110"
"entry1863","497","prq:CYG50_02430 / prq:CYG50_13160","gene","http://www.kegg.jp/dbget-bin/www_bget?prq:CYG50_02430+prq:CYG50_13160",NA,"rn:R00927",NA,NA,NA,"line",NA,NA,"#FFCC66","#FFFFFF",0,"01110"
"entry1864","498","prq:CYG50_17585","gene","http://www.kegg.jp/dbget-bin/www_bget?prq:CYG50_17585",NA,"rn:R02196 rn:R02199",NA,NA,NA,"line",NA,NA,"#FFCC66","#FFFFFF",0,"01110"
"entry1865","499","prq:CYG50_22695","gene","http://www.kegg.jp/dbget-bin/www_bget?prq:CYG50_22695",NA,"rn:R04225 rn:R03174 rn:R07618",NA,NA,NA,"line",NA,NA,"#FFCC66","#FFFFFF",0,"01110"
"entry1866","501","prq:CYG50_02435 / prq:CYG50_13155 / prq:CYG50_15055","gene","http://www.kegg.jp/dbget-bin/www_bget?prq:CYG50_02435+prq:CYG50_13155+prq:CYG50_15055",NA,"rn:R04204",NA,NA,NA,"line",NA,NA,"#FFCC66","#FFFFFF",0,"01110"
"entry1867","502","prq:CYG50_02435 / prq:CYG50_13155","gene","http://www.kegg.jp/dbget-bin/www_bget?prq:CYG50_02435+prq:CYG50_13155",NA,"rn:R04203",NA,NA,NA,"line",NA,NA,"#FFCC66","#FFFFFF",0,"01110"
"entry1868","516","prq:CYG50_04490 / prq:CYG50_09740 / prq:CYG50_17595","gene","http://www.kegg.jp/dbget-bin/www_bget?prq:CYG50_04490+prq:CYG50_09740+prq:CYG50_17595",NA,"rn:R00220",NA,NA,NA,"line",NA,NA,"#FFCC66","#FFFFFF",0,"01110"
"entry1869","517","prq:CYG50_01975","gene","http://www.kegg.jp/dbget-bin/www_bget?prq:CYG50_01975",NA,"rn:R00945",NA,NA,NA,"line",NA,NA,"#FFCC66","#FFFFFF",0,"01110"
"entry1870","518","prq:CYG50_05350","gene","http://www.kegg.jp/dbget-bin/www_bget?prq:CYG50_05350",NA,"rn:R00751",NA,NA,NA,"line",NA,NA,"#FFCC66","#FFFFFF",0,"01110"
"entry1871","519","prq:CYG50_17595","gene","http://www.kegg.jp/dbget-bin/www_bget?prq:CYG50_17595",NA,"rn:R00996",NA,NA,NA,"line",NA,NA,"#FFCC66","#FFFFFF",0,"01110"
"entry1872","520","prq:CYG50_17605","gene","http://www.kegg.jp/dbget-bin/www_bget?prq:CYG50_17605",NA,"rn:R05069",NA,NA,NA,"line",NA,NA,"#FFCC66","#FFFFFF",0,"01110"
"entry1873","521","prq:CYG50_17605","gene","http://www.kegg.jp/dbget-bin/www_bget?prq:CYG50_17605",NA,"rn:R05068",NA,NA,NA,"line",NA,NA,"#FFCC66","#FFFFFF",0,"01110"
"entry1874","522","prq:CYG50_17590","gene","http://www.kegg.jp/dbget-bin/www_bget?prq:CYG50_17590",NA,"rn:R05070",NA,NA,NA,"line",NA,NA,"#FFCC66","#FFFFFF",0,"01110"
"entry1875","523","prq:CYG50_22490 / prq:CYG50_22495","gene","http://www.kegg.jp/dbget-bin/www_bget?prq:CYG50_22490+prq:CYG50_22495",NA,"rn:R03968",NA,NA,NA,"line",NA,NA,"#FFCC66","#FFFFFF",0,"01110"
"entry1876","524","prq:CYG50_22490 / prq:CYG50_22495","gene","http://www.kegg.jp/dbget-bin/www_bget?prq:CYG50_22490+prq:CYG50_22495",NA,"rn:R04001",NA,NA,NA,"line",NA,NA,"#FFCC66","#FFFFFF",0,"01110"
"entry1877","525","prq:CYG50_13330 / prq:CYG50_13335 / prq:CYG50_17575 / prq:CYG50_17580 / prq:CYG50_22525 / prq:CYG50_22530","gene","http://www.kegg.jp/dbget-bin/www_bget?prq:CYG50_13330+prq:CYG50_13335+prq:CYG50_17575+prq:CYG50_17580+prq:CYG50_22525+prq:CYG50_22530",NA,"rn:R00226",NA,NA,NA,"line",NA,NA,"#FFCC66","#FFFFFF",0,"01110"
"entry1878","526","prq:CYG50_17605","gene","http://www.kegg.jp/dbget-bin/www_bget?prq:CYG50_17605",NA,"rn:R05071",NA,NA,NA,"line",NA,NA,"#FFCC66","#FFFFFF",0,"01110"
"entry1879","527","prq:CYG50_17605","gene","http://www.kegg.jp/dbget-bin/www_bget?prq:CYG50_17605",NA,"rn:R04440",NA,NA,NA,"line",NA,NA,"#FFCC66","#FFFFFF",0,"01110"
"entry1880","528","prq:CYG50_17590","gene","http://www.kegg.jp/dbget-bin/www_bget?prq:CYG50_17590",NA,"rn:R04441",NA,NA,NA,"line",NA,NA,"#FFCC66","#FFFFFF",0,"01110"
"entry1881","534","prq:CYG50_17170","gene","http://www.kegg.jp/dbget-bin/www_bget?prq:CYG50_17170",NA,"rn:R00669",NA,NA,NA,"line",NA,NA,"#FFCC66","#FFFFFF",0,"01110"
"entry1882","535","prq:CYG50_14465","gene","http://www.kegg.jp/dbget-bin/www_bget?prq:CYG50_14465",NA,"rn:R02283",NA,NA,NA,"line",NA,NA,"#FFCC66","#FFFFFF",0,"01110"
"entry1883","536","prq:CYG50_17175","gene","http://www.kegg.jp/dbget-bin/www_bget?prq:CYG50_17175",NA,"rn:R03443",NA,NA,NA,"line",NA,NA,"#FFCC66","#FFFFFF",0,"01110"
"entry1884","537","prq:CYG50_17180","gene","http://www.kegg.jp/dbget-bin/www_bget?prq:CYG50_17180",NA,"rn:R02649",NA,NA,NA,"line",NA,NA,"#FFCC66","#FFFFFF",0,"01110"
"entry1885","538","prq:CYG50_20635","gene","http://www.kegg.jp/dbget-bin/www_bget?prq:CYG50_20635",NA,"rn:R00259",NA,NA,NA,"line",NA,NA,"#FFCC66","#FFFFFF",0,"01110"
"entry1886","539","prq:CYG50_19950","gene","http://www.kegg.jp/dbget-bin/www_bget?prq:CYG50_19950",NA,"rn:R00093 rn:R00114",NA,NA,NA,"line",NA,NA,"#FFCC66","#FFFFFF",0,"01110"
"entry1887","545","prq:CYG50_08900 / prq:CYG50_11080","gene","http://www.kegg.jp/dbget-bin/www_bget?prq:CYG50_08900+prq:CYG50_11080",NA,"rn:R01248 rn:R01251 rn:R01253 rn:R10507",NA,NA,NA,"line",NA,NA,"#FFCC66","#FFFFFF",0,"01110"
"entry1888","547","prq:CYG50_14020","gene","http://www.kegg.jp/dbget-bin/www_bget?prq:CYG50_14020",NA,"rn:R01777",NA,NA,NA,"line",NA,NA,"#FFCC66","#FFFFFF",0,"01110"
"entry1889","548","prq:CYG50_17135","gene","http://www.kegg.jp/dbget-bin/www_bget?prq:CYG50_17135",NA,"rn:R03260",NA,NA,NA,"line",NA,NA,"#FFCC66","#FFFFFF",0,"01110"
"entry1890","549","prq:CYG50_05950 / prq:CYG50_13275 / prq:CYG50_13970","gene","http://www.kegg.jp/dbget-bin/www_bget?prq:CYG50_05950+prq:CYG50_13275+prq:CYG50_13970",NA,"rn:R00650 rn:R00946 rn:R04405",NA,NA,NA,"line",NA,NA,"#FFCC66","#FFFFFF",0,"01110"
"entry1891","560","prq:CYG50_10335","gene","http://www.kegg.jp/dbget-bin/www_bget?prq:CYG50_10335",NA,"rn:R00351 rn:R00352",NA,NA,NA,"line",NA,NA,"#8080F7","#FFFFFF",0,"01110"
"entry1892","562","prq:CYG50_04930 / prq:CYG50_22725","gene","http://www.kegg.jp/dbget-bin/www_bget?prq:CYG50_04930+prq:CYG50_22725",NA,"rn:R01900",NA,NA,NA,"line",NA,NA,"#8080F7","#FFFFFF",0,"01110"
"entry1893","564","prq:CYG50_10315 / prq:CYG50_10320 / prq:CYG50_10325 / prq:CYG50_10330 / prq:CYG50_19460 / prq:CYG50_19465 / prq:CYG50_19470 / prq:CYG50_19475","gene","http://www.kegg.jp/dbget-bin/www_bget?prq:CYG50_10315+prq:CYG50_10320+prq:CYG50_10325+prq:CYG50_10330+prq:CYG50_19460+prq:CYG50_19465+prq:CYG50_19470+prq:CYG50_19475",NA,"rn:R02164",NA,NA,NA,"line",NA,NA,"#8080F7","#FFFFFF",0,"01110"
"entry1894","565","prq:CYG50_10295 / prq:CYG50_10300","gene","http://www.kegg.jp/dbget-bin/www_bget?prq:CYG50_10295+prq:CYG50_10300",NA,"rn:R00405 rn:R00432 rn:R00727 rn:R10343",NA,NA,NA,"line",NA,NA,"#8080F7","#FFFFFF",0,"01110"
"entry1895","566","prq:CYG50_10305 / prq:CYG50_10310 / prq:CYG50_22695","gene","http://www.kegg.jp/dbget-bin/www_bget?prq:CYG50_10305+prq:CYG50_10310+prq:CYG50_22695",NA,"rn:R08549",NA,NA,NA,"line",NA,NA,"#8080F7","#FFFFFF",0,"01110"
"entry1896","567","prq:CYG50_05060 / prq:CYG50_19205","gene","http://www.kegg.jp/dbget-bin/www_bget?prq:CYG50_05060+prq:CYG50_19205",NA,"rn:R01082",NA,NA,NA,"line",NA,NA,"#8080F7","#FFFFFF",0,"01110"
"entry1897","568","prq:CYG50_03400 / prq:CYG50_03690","gene","http://www.kegg.jp/dbget-bin/www_bget?prq:CYG50_03400+prq:CYG50_03690",NA,"rn:R01899",NA,NA,NA,"line",NA,NA,"#8080F7","#FFFFFF",0,"01110"
"entry1898","569","prq:CYG50_03400 / prq:CYG50_03690","gene","http://www.kegg.jp/dbget-bin/www_bget?prq:CYG50_03400+prq:CYG50_03690",NA,"rn:R00268",NA,NA,NA,"line",NA,NA,"#8080F7","#FFFFFF",0,"01110"
"entry1899","570","prq:CYG50_22685 / prq:CYG50_22690 / prq:CYG50_22695","gene","http://www.kegg.jp/dbget-bin/www_bget?prq:CYG50_22685+prq:CYG50_22690+prq:CYG50_22695",NA,"rn:R00209 rn:R01196",NA,NA,NA,"line",NA,NA,"#8080F7","#FFFFFF",0,"01110"
"entry1900","571","prq:CYG50_06330 / prq:CYG50_07425","gene","http://www.kegg.jp/dbget-bin/www_bget?prq:CYG50_06330+prq:CYG50_07425",NA,"rn:R00200",NA,NA,NA,"line",NA,NA,"#8080F7","#FFFFFF",0,"01110"
"entry1901","572","prq:CYG50_21445","gene","http://www.kegg.jp/dbget-bin/www_bget?prq:CYG50_21445",NA,"rn:R00658",NA,NA,NA,"line",NA,NA,"#8080F7","#FFFFFF",0,"01110"
"entry1902","575","prq:CYG50_15635","gene","http://www.kegg.jp/dbget-bin/www_bget?prq:CYG50_15635",NA,"rn:R00341 rn:R00431 rn:R00726",NA,NA,NA,"line",NA,NA,"#8080F7","#FFFFFF",0,"01110"
"entry1903","576","prq:CYG50_10200 / prq:CYG50_12410","gene","http://www.kegg.jp/dbget-bin/www_bget?prq:CYG50_10200+prq:CYG50_12410",NA,"rn:R01518",NA,NA,NA,"line",NA,NA,"#8080F7","#FFFFFF",0,"01110"
"entry1904","577","prq:CYG50_11680","gene","http://www.kegg.jp/dbget-bin/www_bget?prq:CYG50_11680",NA,"rn:R01512",NA,NA,NA,"line",NA,NA,"#8080F7","#FFFFFF",0,"01110"
"entry1905","578","prq:CYG50_04655","gene","http://www.kegg.jp/dbget-bin/www_bget?prq:CYG50_04655",NA,"rn:R01061 rn:R01063",NA,NA,NA,"line",NA,NA,"#8080F7","#FFFFFF",0,"01110"
"entry1906","579","prq:CYG50_11675","gene","http://www.kegg.jp/dbget-bin/www_bget?prq:CYG50_11675",NA,"rn:R01070",NA,NA,NA,"line",NA,NA,"#8080F7","#FFFFFF",0,"01110"
"entry1907","581","prq:CYG50_08285 / prq:CYG50_17005 / prq:CYG50_18085","gene","http://www.kegg.jp/dbget-bin/www_bget?prq:CYG50_08285+prq:CYG50_17005+prq:CYG50_18085",NA,"rn:R02073 rn:R04779 rn:R04780 rn:R09084",NA,NA,NA,"line",NA,NA,"#8080F7","#FFFFFF",0,"01110"
"entry1908","582","prq:CYG50_13950","gene","http://www.kegg.jp/dbget-bin/www_bget?prq:CYG50_13950",NA,"rn:R02740",NA,NA,NA,"line",NA,NA,"#8080F7","#FFFFFF",0,"01110"
"entry1909","583","prq:CYG50_04650 / prq:CYG50_13950","gene","http://www.kegg.jp/dbget-bin/www_bget?prq:CYG50_04650+prq:CYG50_13950",NA,"rn:R02739",NA,NA,NA,"line",NA,NA,"#8080F7","#FFFFFF",0,"01110"
"entry1910","584","prq:CYG50_06320","gene","http://www.kegg.jp/dbget-bin/www_bget?prq:CYG50_06320",NA,"rn:R02736 rn:R10907",NA,NA,NA,"line",NA,NA,"#8080F7","#FFFFFF",0,"01110"
"entry1911","585","prq:CYG50_10135","gene","http://www.kegg.jp/dbget-bin/www_bget?prq:CYG50_10135",NA,"rn:R02035",NA,NA,NA,"line",NA,NA,"#8080F7","#FFFFFF",0,"01110"
"entry1912","586","prq:CYG50_09830","gene","http://www.kegg.jp/dbget-bin/www_bget?prq:CYG50_09830",NA,"rn:R01528 rn:R10221",NA,NA,NA,"line",NA,NA,"#8080F7","#FFFFFF",0,"01110"
"entry1913","587","prq:CYG50_15705","gene","http://www.kegg.jp/dbget-bin/www_bget?prq:CYG50_15705",NA,"rn:R01529",NA,NA,NA,"line",NA,NA,"#8080F7","#FFFFFF",0,"01110"
"entry1914","588","prq:CYG50_08045 / prq:CYG50_11700","gene","http://www.kegg.jp/dbget-bin/www_bget?prq:CYG50_08045+prq:CYG50_11700",NA,"rn:R01830",NA,NA,NA,"line",NA,NA,"#8080F7","#FFFFFF",0,"01110"
"entry1915","590","prq:CYG50_13950","gene","http://www.kegg.jp/dbget-bin/www_bget?prq:CYG50_13950",NA,"rn:R03321",NA,NA,NA,"line",NA,NA,"#8080F7","#FFFFFF",0,"01110"
"entry1916","591","prq:CYG50_12305","gene","http://www.kegg.jp/dbget-bin/www_bget?prq:CYG50_12305",NA,"rn:R01827",NA,NA,NA,"line",NA,NA,"#8080F7","#FFFFFF",0,"01110"
"entry1917","593","prq:CYG50_08045 / prq:CYG50_11700","gene","http://www.kegg.jp/dbget-bin/www_bget?prq:CYG50_08045+prq:CYG50_11700",NA,"rn:R01641",NA,NA,NA,"line",NA,NA,"#8080F7","#FFFFFF",0,"01110"
"entry1918","595","prq:CYG50_08040 / prq:CYG50_22760","gene","http://www.kegg.jp/dbget-bin/www_bget?prq:CYG50_08040+prq:CYG50_22760",NA,"rn:R01056",NA,NA,NA,"line",NA,NA,"#8080F7","#FFFFFF",0,"01110"
"entry1919","596","prq:CYG50_06915","gene","http://www.kegg.jp/dbget-bin/www_bget?prq:CYG50_06915",NA,"rn:R01049",NA,NA,NA,"line",NA,NA,"#8080F7","#FFFFFF",0,"01110"
"entry1920","597","prq:CYG50_13835","gene","http://www.kegg.jp/dbget-bin/www_bget?prq:CYG50_13835",NA,"rn:R01737",NA,NA,NA,"line",NA,NA,"#8080F7","#FFFFFF",0,"01110"
"entry1921","598","prq:CYG50_10790 / prq:CYG50_10800","gene","http://www.kegg.jp/dbget-bin/www_bget?prq:CYG50_10790+prq:CYG50_10800",NA,"rn:R01715",NA,NA,NA,"line",NA,NA,"#FFCC66","#FFFFFF",0,"01110"
"entry1922","599","prq:CYG50_03755 / prq:CYG50_09325 / prq:CYG50_09770 / prq:CYG50_13365","gene","http://www.kegg.jp/dbget-bin/www_bget?prq:CYG50_03755+prq:CYG50_09325+prq:CYG50_09770+prq:CYG50_13365",NA,"rn:R00688 rn:R00692 rn:R00694",NA,NA,NA,"line",NA,NA,"#FFCC66","#FFFFFF",0,"01110"
"entry1923","600","prq:CYG50_10800","gene","http://www.kegg.jp/dbget-bin/www_bget?prq:CYG50_10800",NA,"rn:R01728 rn:R01730",NA,NA,NA,"line",NA,NA,"#FFCC66","#FFFFFF",0,"01110"
"entry1924","601","prq:CYG50_03755 / prq:CYG50_09325 / prq:CYG50_09770 / prq:CYG50_13365","gene","http://www.kegg.jp/dbget-bin/www_bget?prq:CYG50_03755+prq:CYG50_09325+prq:CYG50_09770+prq:CYG50_13365",NA,"rn:R00734 rn:R00729 rn:R09254 rn:R09830",NA,NA,NA,"line",NA,NA,"#FFCC66","#FFFFFF",0,"01110"
"entry1925","602","prq:CYG50_04850 / prq:CYG50_04855 / prq:CYG50_04860","gene","http://www.kegg.jp/dbget-bin/www_bget?prq:CYG50_04850+prq:CYG50_04855+prq:CYG50_04860",NA,"rn:R00985 rn:R00986",NA,NA,NA,"line",NA,NA,"#FFCC66","#FFFFFF",0,"01110"
"entry1926","603","prq:CYG50_04850 / prq:CYG50_04855","gene","http://www.kegg.jp/dbget-bin/www_bget?prq:CYG50_04850+prq:CYG50_04855",NA,"rn:R01073",NA,NA,NA,"line",NA,NA,"#FFCC66","#FFFFFF",0,"01110"
"entry1927","604","prq:CYG50_04845","gene","http://www.kegg.jp/dbget-bin/www_bget?prq:CYG50_04845",NA,"rn:R03509",NA,NA,NA,"line",NA,NA,"#FFCC66","#FFFFFF",0,"01110"
"entry1928","605","prq:CYG50_04845","gene","http://www.kegg.jp/dbget-bin/www_bget?prq:CYG50_04845",NA,"rn:R03508",NA,NA,NA,"line",NA,NA,"#FFCC66","#FFFFFF",0,"01110"
"entry1929","606","prq:CYG50_04835 / prq:CYG50_04840","gene","http://www.kegg.jp/dbget-bin/www_bget?prq:CYG50_04835+prq:CYG50_04840",NA,"rn:R02722",NA,NA,NA,"line",NA,NA,"#FFCC66","#FFFFFF",0,"01110"
"entry1930","607","prq:CYG50_04835 / prq:CYG50_04840","gene","http://www.kegg.jp/dbget-bin/www_bget?prq:CYG50_04835+prq:CYG50_04840",NA,"rn:R00674",NA,NA,NA,"line",NA,NA,"#FFCC66","#FFFFFF",0,"01110"
"entry1931","608","prq:CYG50_04835","gene","http://www.kegg.jp/dbget-bin/www_bget?prq:CYG50_04835",NA,"rn:R02340",NA,NA,NA,"line",NA,NA,"#FFCC66","#FFFFFF",0,"01110"
"entry1932","754","prq:CYG50_09325","gene","http://www.kegg.jp/dbget-bin/www_bget?prq:CYG50_09325",NA,"rn:R00355",NA,NA,NA,"line",NA,NA,"#FFCC66","#FFFFFF",0,"01110"
"entry1933","755","prq:CYG50_17185","gene","http://www.kegg.jp/dbget-bin/www_bget?prq:CYG50_17185",NA,"rn:R01954",NA,NA,NA,"line",NA,NA,"#FFCC66","#FFFFFF",0,"01110"
"entry1934","758","prq:CYG50_18400","gene","http://www.kegg.jp/dbget-bin/www_bget?prq:CYG50_18400",NA,"rn:R01398",NA,NA,NA,"line",NA,NA,"#FFCC66","#FFFFFF",0,"01110"
"entry1935","760","prq:CYG50_13415","gene","http://www.kegg.jp/dbget-bin/www_bget?prq:CYG50_13415",NA,"rn:R00670",NA,NA,NA,"line",NA,NA,"#FFCC66","#FFFFFF",0,"01110"
"entry1936","779","prq:CYG50_12385 / prq:CYG50_13955 / prq:CYG50_17140","gene","http://www.kegg.jp/dbget-bin/www_bget?prq:CYG50_12385+prq:CYG50_13955+prq:CYG50_17140",NA,"rn:R00480",NA,NA,NA,"line",NA,NA,"#FFCC66","#FFFFFF",0,"01110"
"entry1937","780","prq:CYG50_16155","gene","http://www.kegg.jp/dbget-bin/www_bget?prq:CYG50_16155",NA,"rn:R02291",NA,NA,NA,"line",NA,NA,"#FFCC66","#FFFFFF",0,"01110"
"entry1938","781","prq:CYG50_12230","gene","http://www.kegg.jp/dbget-bin/www_bget?prq:CYG50_12230",NA,"rn:R04198 rn:R04199",NA,NA,NA,"line",NA,NA,"#FFCC66","#FFFFFF",0,"01110"
"entry1939","783","prq:CYG50_17760","gene","http://www.kegg.jp/dbget-bin/www_bget?prq:CYG50_17760",NA,"rn:R02735",NA,NA,NA,"line",NA,NA,"#FFCC66","#FFFFFF",0,"01110"
"entry1940","785","prq:CYG50_11025","gene","http://www.kegg.jp/dbget-bin/www_bget?prq:CYG50_11025",NA,"rn:R00451",NA,NA,NA,"line",NA,NA,"#FFCC66","#FFFFFF",0,"01110"
"entry1941","802","prq:CYG50_20775","gene","http://www.kegg.jp/dbget-bin/www_bget?prq:CYG50_20775",NA,"rn:R05688",NA,NA,NA,"line",NA,NA,"#9EE284","#FFFFFF",0,"01110"
"entry1942","803","prq:CYG50_21035","gene","http://www.kegg.jp/dbget-bin/www_bget?prq:CYG50_21035",NA,"rn:R05633",NA,NA,NA,"line",NA,NA,"#9EE284","#FFFFFF",0,"01110"
"entry1943","804","prq:CYG50_06910","gene","http://www.kegg.jp/dbget-bin/www_bget?prq:CYG50_06910",NA,"rn:R05634",NA,NA,NA,"line",NA,NA,"#9EE284","#FFFFFF",0,"01110"
"entry1944","805","prq:CYG50_21040","gene","http://www.kegg.jp/dbget-bin/www_bget?prq:CYG50_21040",NA,"rn:R05637",NA,NA,NA,"line",NA,NA,"#9EE284","#FFFFFF",0,"01110"
"entry1945","837","prq:CYG50_02605","gene","http://www.kegg.jp/dbget-bin/www_bget?prq:CYG50_02605",NA,"rn:R01072",NA,NA,NA,"line",NA,NA,"#FF8080","#FFFFFF",0,"01110"
"entry1946","838","prq:CYG50_14050","gene","http://www.kegg.jp/dbget-bin/www_bget?prq:CYG50_14050",NA,"rn:R04144",NA,NA,NA,"line",NA,NA,"#FF8080","#FFFFFF",0,"01110"
"entry1947","839","prq:CYG50_03895 / prq:CYG50_21240","gene","http://www.kegg.jp/dbget-bin/www_bget?prq:CYG50_03895+prq:CYG50_21240",NA,"rn:R04325",NA,NA,NA,"line",NA,NA,"#FF8080","#FFFFFF",0,"01110"
"entry1948","840","prq:CYG50_01875","gene","http://www.kegg.jp/dbget-bin/www_bget?prq:CYG50_01875",NA,"rn:R04463",NA,NA,NA,"line",NA,NA,"#FF8080","#FFFFFF",0,"01110"
"entry1949","841","prq:CYG50_03900","gene","http://www.kegg.jp/dbget-bin/www_bget?prq:CYG50_03900",NA,"rn:R04208",NA,NA,NA,"line",NA,NA,"#FF8080","#FFFFFF",0,"01110"
"entry1950","843","prq:CYG50_21660","gene","http://www.kegg.jp/dbget-bin/www_bget?prq:CYG50_21660",NA,"rn:R07404",NA,NA,NA,"line",NA,NA,"#FF8080","#FFFFFF",0,"01110"
"entry1951","844","prq:CYG50_21665","gene","http://www.kegg.jp/dbget-bin/www_bget?prq:CYG50_21665",NA,"rn:R07405",NA,NA,NA,"line",NA,NA,"#FF8080","#FFFFFF",0,"01110"
"entry1952","845","prq:CYG50_03960","gene","http://www.kegg.jp/dbget-bin/www_bget?prq:CYG50_03960",NA,"rn:R04591",NA,NA,NA,"line",NA,NA,"#FF8080","#FFFFFF",0,"01110"
"entry1953","846","prq:CYG50_03375 / prq:CYG50_15365","gene","http://www.kegg.jp/dbget-bin/www_bget?prq:CYG50_03375+prq:CYG50_15365",NA,"rn:R04559",NA,NA,NA,"line",NA,NA,"#FF8080","#FFFFFF",0,"01110"
"entry1954","847","prq:CYG50_14045","gene","http://www.kegg.jp/dbget-bin/www_bget?prq:CYG50_14045",NA,"rn:R04560 rn:R06975",NA,NA,NA,"line",NA,NA,"#FF8080","#FFFFFF",0,"01110"
"entry1955","848","prq:CYG50_14045","gene","http://www.kegg.jp/dbget-bin/www_bget?prq:CYG50_14045",NA,"rn:R01127",NA,NA,NA,"line",NA,NA,"#FF8080","#FFFFFF",0,"01110"
"entry1956","849","prq:CYG50_04305","gene","http://www.kegg.jp/dbget-bin/www_bget?prq:CYG50_04305",NA,"rn:R01130",NA,NA,NA,"line",NA,NA,"#FF8080","#FFFFFF",0,"01110"
"entry1957","850","prq:CYG50_03295 / prq:CYG50_20145 / prq:CYG50_21050 / prq:CYG50_21585","gene","http://www.kegg.jp/dbget-bin/www_bget?prq:CYG50_03295+prq:CYG50_20145+prq:CYG50_21050+prq:CYG50_21585",NA,"rn:R02719",NA,NA,NA,"line",NA,NA,"#FF8080","#FFFFFF",0,"01110"
"entry1958","851","prq:CYG50_12515 / prq:CYG50_16375","gene","http://www.kegg.jp/dbget-bin/www_bget?prq:CYG50_12515+prq:CYG50_16375",NA,"rn:R02297",NA,NA,NA,"line",NA,NA,"#FF8080","#FFFFFF",0,"01110"
"entry1959","852","prq:CYG50_10940 / prq:CYG50_21335","gene","http://www.kegg.jp/dbget-bin/www_bget?prq:CYG50_10940+prq:CYG50_21335",NA,"rn:R02142",NA,NA,NA,"line",NA,NA,"#FF8080","#FFFFFF",0,"01110"
"entry1960","866","prq:CYG50_12385 / prq:CYG50_17140","gene","http://www.kegg.jp/dbget-bin/www_bget?prq:CYG50_12385+prq:CYG50_17140",NA,"rn:R01773 rn:R01775",NA,NA,NA,"line",NA,NA,"#FFCC66","#FFFFFF",0,"01110"
"entry1961","869","prq:CYG50_22495","gene","http://www.kegg.jp/dbget-bin/www_bget?prq:CYG50_22495",NA,"rn:R08620",NA,NA,NA,"line",NA,NA,"#F06292","#FFFFFF",0,"01110"
"entry1962","892","prq:CYG50_04675 / prq:CYG50_09490 / prq:CYG50_15925","gene","http://www.kegg.jp/dbget-bin/www_bget?prq:CYG50_04675+prq:CYG50_09490+prq:CYG50_15925",NA,"rn:R00483 rn:R00485 rn:R00578",NA,NA,NA,"line",NA,NA,"#FFCC66","#FFFFFF",0,"01110"
"entry1963","894","prq:CYG50_21525","gene","http://www.kegg.jp/dbget-bin/www_bget?prq:CYG50_21525",NA,"rn:R00127 rn:R00333",NA,NA,NA,"line",NA,NA,"#FF8080","#FFFFFF",0,"01110"
"entry1964","895","prq:CYG50_02110 / prq:CYG50_06330 / prq:CYG50_07425","gene","http://www.kegg.jp/dbget-bin/www_bget?prq:CYG50_02110+prq:CYG50_06330+prq:CYG50_07425",NA,"rn:R00124 rn:R00200",NA,NA,NA,"line",NA,NA,"#FF8080","#FFFFFF",0,"01110"
"entry1965","928","prq:CYG50_02300","gene","http://www.kegg.jp/dbget-bin/www_bget?prq:CYG50_02300",NA,"rn:R05578",NA,NA,NA,"line",NA,NA,"#FFB3CC","#FFFFFF",0,"01110"
"entry1966","929","prq:CYG50_06900","gene","http://www.kegg.jp/dbget-bin/www_bget?prq:CYG50_06900",NA,"rn:R04109",NA,NA,NA,"line",NA,NA,"#FFB3CC","#FFFFFF",0,"01110"
"entry1967","930","prq:CYG50_21400","gene","http://www.kegg.jp/dbget-bin/www_bget?prq:CYG50_21400",NA,"rn:R02272",NA,NA,NA,"line",NA,NA,"#FFB3CC","#FFFFFF",0,"01110"
"entry1968","931","prq:CYG50_04940","gene","http://www.kegg.jp/dbget-bin/www_bget?prq:CYG50_04940",NA,"rn:R00036",NA,NA,NA,"line",NA,NA,"#FFB3CC","#FFFFFF",0,"01110"
"entry1969","932","prq:CYG50_13610","gene","http://www.kegg.jp/dbget-bin/www_bget?prq:CYG50_13610",NA,"rn:R01301",NA,NA,NA,"line",NA,NA,"#FFB3CC","#FFFFFF",0,"01110"
"entry1970","935","prq:CYG50_13940","gene","http://www.kegg.jp/dbget-bin/www_bget?prq:CYG50_13940",NA,"rn:R05615",NA,NA,NA,"line",NA,NA,"#FFB3CC","#FFFFFF",0,"01110"
"entry1971","937","prq:CYG50_02615 / prq:CYG50_13170","gene","http://www.kegg.jp/dbget-bin/www_bget?prq:CYG50_02615+prq:CYG50_13170",NA,"rn:R04986",NA,NA,NA,"line",NA,NA,"#FFB3CC","#FFFFFF",0,"01110"
"entry1972","938","prq:CYG50_22800","gene","http://www.kegg.jp/dbget-bin/www_bget?prq:CYG50_22800",NA,"rn:R04987",NA,NA,NA,"line",NA,NA,"#FFB3CC","#FFFFFF",0,"01110"
"entry1973","939","prq:CYG50_02850","gene","http://www.kegg.jp/dbget-bin/www_bget?prq:CYG50_02850",NA,"rn:R04988",NA,NA,NA,"line",NA,NA,"#FFB3CC","#FFFFFF",0,"01110"
"entry1974","940","prq:CYG50_22795","gene","http://www.kegg.jp/dbget-bin/www_bget?prq:CYG50_22795",NA,"rn:R04989",NA,NA,NA,"line",NA,NA,"#FFB3CC","#FFFFFF",0,"01110"
"entry1975","941","prq:CYG50_13210","gene","http://www.kegg.jp/dbget-bin/www_bget?prq:CYG50_13210",NA,"rn:R04990",NA,NA,NA,"line",NA,NA,"#FFB3CC","#FFFFFF",0,"01110"
"entry1976","942","prq:CYG50_10470","gene","http://www.kegg.jp/dbget-bin/www_bget?prq:CYG50_10470",NA,"rn:R06146",NA,NA,NA,"line",NA,NA,"#FFB3CC","#FFFFFF",0,"01110"
"entry1977","943","prq:CYG50_02850","gene","http://www.kegg.jp/dbget-bin/www_bget?prq:CYG50_02850",NA,"rn:R05614",NA,NA,NA,"line",NA,NA,"#FFB3CC","#FFFFFF",0,"01110"
"entry1978","944","prq:CYG50_02615 / prq:CYG50_13170","gene","http://www.kegg.jp/dbget-bin/www_bget?prq:CYG50_02615+prq:CYG50_13170",NA,"rn:R04985",NA,NA,NA,"line",NA,NA,"#FFB3CC","#FFFFFF",0,"01110"
"entry1979","945","prq:CYG50_22800","gene","http://www.kegg.jp/dbget-bin/www_bget?prq:CYG50_22800",NA,"rn:R08768",NA,NA,NA,"line",NA,NA,"#FFB3CC","#FFFFFF",0,"01110"
"entry1980","946","prq:CYG50_02850","gene","http://www.kegg.jp/dbget-bin/www_bget?prq:CYG50_02850",NA,"rn:R08769",NA,NA,NA,"line",NA,NA,"#FFB3CC","#FFFFFF",0,"01110"
"entry1981","947","prq:CYG50_22795","gene","http://www.kegg.jp/dbget-bin/www_bget?prq:CYG50_22795",NA,"rn:R08773",NA,NA,NA,"line",NA,NA,"#FFB3CC","#FFFFFF",0,"01110"
"entry1982","948","prq:CYG50_13210","gene","http://www.kegg.jp/dbget-bin/www_bget?prq:CYG50_13210",NA,"rn:R08774",NA,NA,NA,"line",NA,NA,"#FFB3CC","#FFFFFF",0,"01110"
"entry1983","949","prq:CYG50_10470","gene","http://www.kegg.jp/dbget-bin/www_bget?prq:CYG50_10470",NA,"rn:R08775",NA,NA,NA,"line",NA,NA,"#FFB3CC","#FFFFFF",0,"01110"
"entry1984","950","prq:CYG50_02850","gene","http://www.kegg.jp/dbget-bin/www_bget?prq:CYG50_02850",NA,"rn:R08781",NA,NA,NA,"line",NA,NA,"#FFB3CC","#FFFFFF",0,"01110"
"entry1985","951","prq:CYG50_13940","gene","http://www.kegg.jp/dbget-bin/www_bget?prq:CYG50_13940",NA,"rn:R05000",NA,NA,NA,"line",NA,NA,"#FFB3CC","#FFFFFF",0,"01110"
"entry1986","956","prq:CYG50_02780","gene","http://www.kegg.jp/dbget-bin/www_bget?prq:CYG50_02780",NA,"rn:R08165",NA,NA,NA,"line",NA,NA,"#FFB3CC","#FFFFFF",0,"01110"
"entry1987","957","prq:CYG50_02785","gene","http://www.kegg.jp/dbget-bin/www_bget?prq:CYG50_02785",NA,"rn:R08166",NA,NA,NA,"line",NA,NA,"#FFB3CC","#FFFFFF",0,"01110"
"entry1988","958","prq:CYG50_02800","gene","http://www.kegg.jp/dbget-bin/www_bget?prq:CYG50_02800",NA,"rn:R04030",NA,NA,NA,"line",NA,NA,"#FFB3CC","#FFFFFF",0,"01110"
"entry1989","959","prq:CYG50_02790","gene","http://www.kegg.jp/dbget-bin/www_bget?prq:CYG50_02790",NA,"rn:R07263",NA,NA,NA,"line",NA,NA,"#FFB3CC","#FFFFFF",0,"01110"
"entry1990","960","prq:CYG50_07470","gene","http://www.kegg.jp/dbget-bin/www_bget?prq:CYG50_07470",NA,"rn:R07262",NA,NA,NA,"line",NA,NA,"#FFB3CC","#FFFFFF",0,"01110"
"entry1991","961","prq:CYG50_17090","gene","http://www.kegg.jp/dbget-bin/www_bget?prq:CYG50_17090",NA,"rn:R10757",NA,NA,NA,"line",NA,NA,"#FFB3CC","#FFFFFF",0,"01110"
"entry1992","963","prq:CYG50_13210","gene","http://www.kegg.jp/dbget-bin/www_bget?prq:CYG50_13210",NA,"rn:R09736",NA,NA,NA,"line",NA,NA,"#FFB3CC","#FFFFFF",0,"01110"
"entry1993","973","prq:CYG50_22500","gene","http://www.kegg.jp/dbget-bin/www_bget?prq:CYG50_22500",NA,"rn:R04426",NA,NA,NA,"line",NA,NA,"#FFCC66","#FFFFFF",0,"01110"
"entry1994","975","prq:CYG50_17585","gene","http://www.kegg.jp/dbget-bin/www_bget?prq:CYG50_17585",NA,"rn:R01088 rn:R01090",NA,NA,NA,"line",NA,NA,"#FFCC66","#FFFFFF",0,"01110"
"entry2118","1443","prq:CYG50_17740","gene","http://www.kegg.jp/dbget-bin/www_bget?prq:CYG50_17740",NA,"rn:R00084",NA,NA,NA,"line",NA,NA,"#FFB3CC","#FFFFFF",0,"01110"
"entry2119","1444","prq:CYG50_14075","gene","http://www.kegg.jp/dbget-bin/www_bget?prq:CYG50_14075",NA,"rn:R03197",NA,NA,NA,"line",NA,NA,"#FFB3CC","#FFFFFF",0,"01110"
"entry2120","1445","prq:CYG50_02160 / prq:CYG50_14850","gene","http://www.kegg.jp/dbget-bin/www_bget?prq:CYG50_02160+prq:CYG50_14850",NA,"rn:R03220 rn:R06895",NA,NA,NA,"line",NA,NA,"#FFB3CC","#FFFFFF",0,"01110"
"entry2121","1446","prq:CYG50_13135","gene","http://www.kegg.jp/dbget-bin/www_bget?prq:CYG50_13135",NA,"rn:R03222 rn:R09489",NA,NA,NA,"line",NA,NA,"#FFB3CC","#FFFFFF",0,"01110"
"entry2122","1456","prq:CYG50_21530","gene","http://www.kegg.jp/dbget-bin/www_bget?prq:CYG50_21530",NA,"rn:R00310",NA,NA,NA,"line",NA,NA,"#FFB3CC","#FFFFFF",0,"01110"
"entry2123","1458","prq:CYG50_17730 / prq:CYG50_21010","gene","http://www.kegg.jp/dbget-bin/www_bget?prq:CYG50_17730+prq:CYG50_21010",NA,"rn:R03194",NA,NA,NA,"line",NA,NA,"#FFB3CC","#FFFFFF",0,"01110"
"entry2124","1459","prq:CYG50_21010","gene","http://www.kegg.jp/dbget-bin/www_bget?prq:CYG50_21010",NA,"rn:R03947",NA,NA,NA,"line",NA,NA,"#FFB3CC","#FFFFFF",0,"01110"
"entry2125","1460","prq:CYG50_17735","gene","http://www.kegg.jp/dbget-bin/www_bget?prq:CYG50_17735",NA,"rn:R03165",NA,NA,NA,"line",NA,NA,"#FFB3CC","#FFFFFF",0,"01110"
"entry2136","1516","prq:CYG50_22440","gene","http://www.kegg.jp/dbget-bin/www_bget?prq:CYG50_22440",NA,"rn:R00177",NA,NA,NA,"line",NA,NA,"#FFCC66","#FFFFFF",0,"01110"
"entry2150","1586","prq:CYG50_21360","gene","http://www.kegg.jp/dbget-bin/www_bget?prq:CYG50_21360",NA,"rn:R02473 rn:R02474",NA,NA,NA,"line",NA,NA,"#FFB3CC","#FFFFFF",0,"01110"
"entry2151","1588","prq:CYG50_11930","gene","http://www.kegg.jp/dbget-bin/www_bget?prq:CYG50_11930",NA,"rn:R02472",NA,NA,NA,"line",NA,NA,"#FFB3CC","#FFFFFF",0,"01110"
"entry2152","1589","prq:CYG50_02690 / prq:CYG50_14635 / prq:CYG50_17585","gene","http://www.kegg.jp/dbget-bin/www_bget?prq:CYG50_02690+prq:CYG50_14635+prq:CYG50_17585",NA,"rn:R01214 rn:R01215 rn:R01434",NA,NA,NA,"line",NA,NA,"#FFCC66","#FFFFFF",0,"01110"
"entry2158","1613","prq:CYG50_18015 / prq:CYG50_18105","gene","http://www.kegg.jp/dbget-bin/www_bget?prq:CYG50_18015+prq:CYG50_18105",NA,"rn:R00342 rn:R00361",NA,NA,NA,"line",NA,NA,"#8080F7","#FFFFFF",0,"01110"
"entry2161","1653","prq:CYG50_17030","gene","http://www.kegg.jp/dbget-bin/www_bget?prq:CYG50_17030",NA,"rn:R01015",NA,NA,NA,"line",NA,NA,"#8080F7","#FFFFFF",0,"01110"
"entry2162","1654","prq:CYG50_02585 / prq:CYG50_02925 / prq:CYG50_05645 / prq:CYG50_19730 / prq:CYG50_20835 / prq:CYG50_22945","gene","http://www.kegg.jp/dbget-bin/www_bget?prq:CYG50_02585+prq:CYG50_02925+prq:CYG50_05645+prq:CYG50_19730+prq:CYG50_20835+prq:CYG50_22945",NA,"rn:R00742",NA,NA,NA,"line",NA,NA,"#80CCCC","#FFFFFF",0,"01110"
"entry2165","1677","prq:CYG50_21290","gene","http://www.kegg.jp/dbget-bin/www_bget?prq:CYG50_21290",NA,"rn:R02755",NA,NA,NA,"line",NA,NA,"#FFCC66","#FFFFFF",0,"01110"
"entry2171","1687","prq:CYG50_01455 / prq:CYG50_01610","gene","http://www.kegg.jp/dbget-bin/www_bget?prq:CYG50_01455+prq:CYG50_01610",NA,"rn:R01602",NA,NA,NA,"line",NA,NA,"#8080F7","#FFFFFF",0,"01110"
"entry2175","1692","prq:CYG50_09435","gene","http://www.kegg.jp/dbget-bin/www_bget?prq:CYG50_09435",NA,"rn:R00959",NA,NA,NA,"line",NA,NA,"#8080F7","#FFFFFF",0,"01110"
"entry2187","1848","prq:CYG50_07500 / prq:CYG50_10210 / prq:CYG50_10805","gene","http://www.kegg.jp/dbget-bin/www_bget?prq:CYG50_07500+prq:CYG50_10210+prq:CYG50_10805",NA,"rn:R01826",NA,NA,NA,"line",NA,NA,"#FFCC66","#FFFFFF",0,"01110"
"entry2190","1854","prq:CYG50_03945 / prq:CYG50_06825","gene","http://www.kegg.jp/dbget-bin/www_bget?prq:CYG50_03945+prq:CYG50_06825",NA,"rn:R10147",NA,NA,NA,"line",NA,NA,"#FFCC66","#FFFFFF",0,"01110"
"entry2193","1995","prq:CYG50_18800","gene","http://www.kegg.jp/dbget-bin/www_bget?prq:CYG50_18800",NA,"rn:R00238",NA,NA,NA,"line",NA,NA,"#9EE284","#FFFFFF",0,"01110"
"entry2197","2023","prq:CYG50_02775","gene","http://www.kegg.jp/dbget-bin/www_bget?prq:CYG50_02775",NA,"rn:R01717",NA,NA,NA,"line",NA,NA,"#FFB3CC","#FFFFFF",0,"01110"
"entry2199","2026","prq:CYG50_10790","gene","http://www.kegg.jp/dbget-bin/www_bget?prq:CYG50_10790",NA,"rn:R01373",NA,NA,NA,"line",NA,NA,"#FFCC66","#FFFFFF",0,"01110"
"entry2202","2029","prq:CYG50_15690","gene","http://www.kegg.jp/dbget-bin/www_bget?prq:CYG50_15690",NA,"rn:R03083",NA,NA,NA,"line",NA,NA,"#FFCC66","#FFFFFF",0,"01110"
"entry2203","2030","prq:CYG50_22940","gene","http://www.kegg.jp/dbget-bin/www_bget?prq:CYG50_22940",NA,"rn:R03084",NA,NA,NA,"line",NA,NA,"#FFCC66","#FFFFFF",0,"01110"
"entry2204","2031","prq:CYG50_17510","gene","http://www.kegg.jp/dbget-bin/www_bget?prq:CYG50_17510",NA,"rn:R02413 rn:R02415 rn:R06847",NA,NA,NA,"line",NA,NA,"#FFCC66","#FFFFFF",0,"01110"
"entry2205","2032","prq:CYG50_10910 / prq:CYG50_15685","gene","http://www.kegg.jp/dbget-bin/www_bget?prq:CYG50_10910+prq:CYG50_15685",NA,"rn:R02412",NA,NA,NA,"line",NA,NA,"#FFCC66","#FFFFFF",0,"01110"
"entry2206","2033","prq:CYG50_09425","gene","http://www.kegg.jp/dbget-bin/www_bget?prq:CYG50_09425",NA,"rn:R03460",NA,NA,NA,"line",NA,NA,"#FFCC66","#FFFFFF",0,"01110"
"entry2207","2034","prq:CYG50_02480","gene","http://www.kegg.jp/dbget-bin/www_bget?prq:CYG50_02480",NA,"rn:R01714",NA,NA,NA,"line",NA,NA,"#FFCC66","#FFFFFF",0,"01110"
"entry2215","2042","prq:CYG50_04930 / prq:CYG50_22725","gene","http://www.kegg.jp/dbget-bin/www_bget?prq:CYG50_04930+prq:CYG50_22725",NA,"rn:R01325",NA,NA,NA,"line",NA,NA,"#8080F7","#FFFFFF",0,"01110"
"entry2220","2093","prq:CYG50_02125","gene","http://www.kegg.jp/dbget-bin/www_bget?prq:CYG50_02125",NA,"rn:R08689",NA,NA,NA,"line",NA,NA,"#9EE284","#FFFFFF",0,"01110"
"entry2221","2094","prq:CYG50_12235","gene","http://www.kegg.jp/dbget-bin/www_bget?prq:CYG50_12235",NA,"rn:R08210",NA,NA,NA,"line",NA,NA,"#9EE284","#FFFFFF",0,"01110"
"entry2222","2161","prq:CYG50_11960","gene","http://www.kegg.jp/dbget-bin/www_bget?prq:CYG50_11960",NA,"rn:R02003",NA,NA,NA,"line",NA,NA,"#9EE284","#FFFFFF",0,"01110"
"entry2223","2163","prq:CYG50_11960","gene","http://www.kegg.jp/dbget-bin/www_bget?prq:CYG50_11960",NA,"rn:R01658",NA,NA,NA,"line",NA,NA,"#9EE284","#FFFFFF",0,"01110"
"entry2226","2195","prq:CYG50_11965","gene","http://www.kegg.jp/dbget-bin/www_bget?prq:CYG50_11965",NA,"rn:R05636",NA,NA,NA,"line",NA,NA,"#9EE284","#FFFFFF",0,"01110"
"entry2230","2272","prq:CYG50_17000 / prq:CYG50_17995 / prq:CYG50_20785","gene","http://www.kegg.jp/dbget-bin/www_bget?prq:CYG50_17000+prq:CYG50_17995+prq:CYG50_20785",NA,"rn:R01797 rn:R01799",NA,NA,NA,"line",NA,NA,"#80CCB3","#FFFFFF",0,"01110"
"entry2231","2273","prq:CYG50_10710","gene","http://www.kegg.jp/dbget-bin/www_bget?prq:CYG50_10710",NA,"rn:R01800",NA,NA,NA,"line",NA,NA,"#80CCB3","#FFFFFF",0,"01110"
"entry2232","2274","prq:CYG50_17870","gene","http://www.kegg.jp/dbget-bin/www_bget?prq:CYG50_17870",NA,"rn:R02055 rn:R07376",NA,NA,NA,"line",NA,NA,"#80CCB3","#FFFFFF",0,"01110"
"entry2233","2276","prq:CYG50_13930","gene","http://www.kegg.jp/dbget-bin/www_bget?prq:CYG50_13930",NA,"rn:R02239 rn:R02240 rn:R09944",NA,NA,NA,"line",NA,NA,"#80CCB3","#FFFFFF",0,"01110"
"entry2253","2332","prq:CYG50_13110","gene","http://www.kegg.jp/dbget-bin/www_bget?prq:CYG50_13110",NA,"rn:R01123",NA,NA,NA,"line",NA,NA,"#9EE284","#FFFFFF",0,"01110"
"entry2272","2444","prq:CYG50_03210 / prq:CYG50_13935 / prq:CYG50_20385","gene","http://www.kegg.jp/dbget-bin/www_bget?prq:CYG50_03210+prq:CYG50_13935+prq:CYG50_20385",NA,"rn:R00851 rn:R12241",NA,NA,NA,"line",NA,NA,"#80CCB3","#FFFFFF",0,"01110"
"entry2273","2445","prq:CYG50_20485","gene","http://www.kegg.jp/dbget-bin/www_bget?prq:CYG50_20485",NA,"rn:R02241",NA,NA,NA,"line",NA,NA,"#80CCB3","#FFFFFF",0,"01110"
"entry2277","2650","prq:CYG50_13330 / prq:CYG50_13335 / prq:CYG50_17575 / prq:CYG50_17580 / prq:CYG50_22525 / prq:CYG50_22530","gene","http://www.kegg.jp/dbget-bin/www_bget?prq:CYG50_13330+prq:CYG50_13335+prq:CYG50_17575+prq:CYG50_17580+prq:CYG50_22525+prq:CYG50_22530",NA,"rn:R08648",NA,NA,NA,"line",NA,NA,"#FFCC66","#FFFFFF",0,"01110"
